iteration,objective,primal,dual,complementarity
0,504111.1853306247,10.01000000000063,100.0,5798.549244342889
1,504490.0799904362,2.250242587660585,7.599001066497932,449.00189986441075
2,504641.977548314,3.642035393121746e-5,1.830859795438819,26.335069040182827
3,503090.16588908376,0.00015385838531260104,16.888220775493348,3.0018100322401344
4,502551.5743368829,5.7696538585338963e-5,14.629100688207188,2.242991445555641
5,502589.47193283885,4.938606619472874e-5,0.6436255889325166,1.051275059455982
6,502598.4463482793,3.909490991899078e-5,0.19047509836607346,1.0112282186359292
7,502608.76310187264,3.3973324754160705e-5,0.02139905976050427,1.0000117129048338
8,502624.22408287285,2.8107794303483535e-5,0.015856603999236274,0.9999984633963002
9,501554.5120445751,6.24549463374667e-5,10.32193652385669,0.3518783774891663
10,500636.3482398264,9.64145567441746e-5,19.43782567897793,0.15270071281947561
11,499977.3871014719,0.00013610811092537242,13.20753741967738,0.1517984317537345
12,499783.5960166501,7.643957465971064e-5,1.6451420863688724,0.15058335523588925
13,499697.6886540622,2.819206667936669e-5,0.06352818977754632,0.14999800340226793
14,499713.8805473158,2.84918893385111e-5,0.011014109275955503,0.1499991477015446
15,499446.17614928074,2.8796037838674238e-5,1.9234285150800752,0.03696027159161277
16,499060.100424408,0.00017349701053245847,1.2074798686205204,0.02438922189190884
17,498956.7612704881,0.0001082767501375953,0.5387277010918682,0.022530828893866
18,499014.13240898156,2.2479307062894804e-5,0.48307757900428944,0.022546303394988868
19,499122.6184204896,1.1254259602078154e-5,0.18834704483885978,0.022506656300619404
20,499142.0376624805,8.279992475573872e-6,0.004823163934516973,0.022499316939082956
21,499152.29245197825,7.1067544187009e-6,0.0011374793664963925,0.022499720901113063
22,499154.0510013071,6.629078650843834e-6,0.00016968148583438106,0.02249989513781995
23,499155.227597027,6.286399219179728e-6,0.00010226164770016713,0.022499933547731377
24,499108.80964509293,2.4547026724573706e-5,0.5778499456941251,0.007281060344691594
25,499031.8227479444,0.00022161163599358422,0.11101509020996585,0.004760712104951969
26,499021.22407458693,0.00010978308687832963,0.1583259831999381,0.003399668993640905
27,499012.37229206716,6.081548828718378e-6,0.0005165337245943546,0.0033749876003841693
28,499012.7316943334,3.5737153244452813e-6,5.221171337524942e-5,0.0033750010649715163
29,499013.05447807955,3.5161954239915083e-6,3.04580322634581e-7,0.0033749978999310926
30,499005.1216391235,3.347060390873624e-6,0.12820748964634537,0.00039246341495717833
31,499003.80824112165,3.342211925216887e-6,0.03861311515116848,0.00035123301040321123
32,499003.13940781687,3.351146928703974e-6,1.1263198167985348e-6,0.00034640528529807535
33,499003.19845507387,3.344568174357132e-6,3.7489174569598285e-9,0.0003464043442694827
34,499002.82946823206,3.3547987907389665e-6,0.0010831343411585022,1.455925377586326e-5
35,499002.8253204989,3.358123884744657e-6,1.2453528180990899e-8,1.4303131444905895e-5
36,499002.8308192017,3.358289612315213e-6,5.9605405955057015e-12,1.4302687957073024e-5
37,499002.79898558336,3.3563352379029077e-6,3.3977046259081936e-10,1.430242141009777e-5
38,499002.49367196095,3.337444746287499e-6,0.0019137046875012656,1.4302302167860316e-5
39,499002.12173230277,3.3335428992753435e-6,6.88120163500902e-8,1.4303001159723559e-5
40,499002.2231226809,3.329515190553245e-6,2.3559849298352548e-9,1.4302685218055612e-5
41,499002.2007991873,3.3303752008939647e-6,1.2942180547169336e-10,1.4302651465194834e-5
42,499002.1952922416,3.3305584732634674e-6,1.2341710554531903e-11,1.4302652874440455e-5
43,499002.19507896784,3.330561620690231e-6,8.602219415913413e-12,1.4302652884551526e-5
44,499002.19506259955,3.3305618970524975e-6,5.949695494604325e-12,1.4302652881158902e-5
45,499002.19506322313,3.330561849812508e-6,5.113236110664335e-12,1.4302652877544643e-5
46,499002.1950654208,3.3305617737067195e-6,3.8067774782434715e-12,1.4302652873749322e-5
47,499002.19506792433,3.330561692826972e-6,1.1838329134088762e-11,1.4302652869775433e-5
48,499002.1950706003,3.330561610170868e-6,1.108273509221514e-11,1.4302652865601356e-5
49,499002.19507348083,3.330561525932696e-6,5.949695437217843e-12,1.4302652861221706e-5
50,499002.19507652364,3.33056143789201e-6,9.601586218367121e-12,1.4302652856614006e-5
51,499002.19507973816,3.3305613494905018e-6,5.8857988764374436e-12,1.4302652851766992e-5
52,499002.19508319075,3.3305612597289702e-6,8.666116351082375e-12,1.4302652846658642e-5
53,499002.19508687593,3.3305611608358543e-6,6.1972082256132334e-12,1.4302652841279877e-5
54,499002.19509074464,3.33056106274765e-6,1.2459437491866543e-11,1.4302652835593311e-5
55,499002.1950948581,3.3305609638822897e-6,9.438679080221309e-12,1.430265282959769e-5
56,499002.1950992391,3.3305608568290346e-6,9.926191664505325e-12,1.4302652823242336e-5
57,499002.1951038458,3.3305607482492228e-6,1.8358692705339774e-11,1.4302652816522451e-5
58,499002.1951086854,3.3305606426392576e-6,1.0745137749911622e-11,1.4302652809384448e-5
59,499002.1951138533,3.3305605275923966e-6,1.1838329139382718e-11,1.4302652801813465e-5
60,499002.19511936046,3.330560407105443e-6,1.0745137747582281e-11,1.430265279376503e-5
61,499002.1951251315,3.3305602847033544e-6,1.1546300723756241e-11,1.4302652785192032e-5
62,499002.19513128494,3.3305601562505505e-6,1.0952716916110583e-11,1.4302652776055596e-5
63,499002.1951377642,3.3305600224409204e-6,1.1838329144464916e-11,1.4302652766291151e-5
64,499002.19514462067,3.3305598857447105e-6,1.8358692713598345e-11,1.4302652755850963e-5
65,499002.1951518564,3.3305597415822508e-6,1.1838329149123597e-11,1.4302652744657679e-5
66,499002.19515958015,3.330559593367477e-6,1.074513774059426e-11,1.4302652732644005e-5
67,499002.1951677353,3.3305594389909654e-6,1.1838329154205795e-11,1.4302652719720776e-5
68,499002.1951763706,3.3305592775645376e-6,1.074513773572382e-11,1.4302652705794985e-5
69,499002.19518555765,3.330559104286479e-6,1.1901681162374843e-11,1.4302652690750406e-5
70,499002.1951953126,3.330558928094085e-6,1.2312194531261447e-11,1.4302652674472754e-5
71,499002.19520567695,3.3305587450738194e-6,1.2537925325317107e-11,1.430265265680158e-5
72,499002.1952167499,3.330558545094897e-6,2.4478106912142176e-11,1.4302652637581303e-5
73,499002.1952285448,3.3305583401754824e-6,1.1838329174534585e-11,1.4302652616622133e-5
74,499002.1952411002,3.330558125347327e-6,1.2537925336752052e-11,1.430265259369954e-5
75,499002.19525450026,3.330557894365427e-6,1.9177638770840797e-11,1.4302652568557128e-5
76,499002.19526887406,3.330557653086208e-6,1.755752970798999e-11,1.4302652540882475e-5
77,499002.1952843228,3.330557393238509e-6,3.372955399814886e-11,1.430265251032746e-5
78,499002.19530086685,3.3305571212061125e-6,2.4478106915742066e-11,1.4302652476464328e-5
79,499002.195318679,3.330556832548126e-6,1.1838329204816013e-11,1.4302652438787109e-5
80,499002.195337962,3.330556519021144e-6,2.392035045750136e-11,1.4302652396693745e-5
81,499002.1953587813,3.3305561875085488e-6,1.3963634185360668e-11,1.430265234945094e-5
82,499002.19538137614,3.330555827074644e-6,3.12665517984695e-11,1.430265229616923e-5
83,499002.1954059978,3.3305554374973845e-6,1.9177638767452665e-11,1.4302652235759317e-5
84,499002.19543290697,3.3305550149465013e-6,1.2537925391809194e-11,1.4302652166868469e-5
85,499002.1954624267,3.3305545528716785e-6,1.9735395289432602e-11,1.4302652087818007e-5
86,499002.19549492863,3.330554056185653e-6,1.2589959403758787e-11,1.430265199647613e-5
87,499002.19553097594,3.3305535001582065e-6,2.5297052847200125e-11,1.430265189012471e-5
88,499002.1955711085,3.3305528854277178e-6,3.2910608079184534e-11,1.4302651765275029e-5
89,499002.1956160907,3.3305522026960688e-6,2.529705281882452e-11,1.4302651617317362e-5
90,499002.19566687505,3.3305514352821586e-6,1.526333908316231e-11,1.4302651440158198e-5
91,499002.1957246672,3.33055056378484e-6,4.666136003809227e-11,1.4302651225512377e-5
92,499002.19579108007,3.3305495711899447e-6,3.181741630177235e-11,1.4302650961986598e-5
93,499002.19586819573,3.3305484188894674e-6,2.6390244638376596e-11,1.4302650633476672e-5
94,499002.1959589091,3.33054706816438e-6,3.2910608215980355e-11,1.4302650216710404e-5
95,499002.196067185,3.330545454760525e-6,1.9735395589070507e-11,1.4302649677010709e-5
96,499002.19619874645,3.330543506319117e-6,3.291060830343651e-11,1.430264896096538e-5
97,499002.19636217237,3.330541082591232e-6,2.5297052550738594e-11,1.4302647982823324e-5
98,499002.19657067384,3.330538000501093e-6,2.529705247535266e-11,1.4302646598115121e-5
99,499002.19684600504,3.3305339252331922e-6,2.074912404436205e-11,1.430264454830142e-5
100,499002.1972261083,3.3305282952367232e-6,3.2910608678248586e-11,1.4302641334274004e-5
101,499002.197783921,3.3305200212718766e-6,2.6390245389271304e-11,1.4302635892619032e-5
102,499002.1986775404,3.330506728627114e-6,3.1817415163783584e-11,1.4302625631459036e-5
103,499002.20031801146,3.3304822195101558e-6,2.5297051055513684e-11,1.430260287247287e-5
104,499002.2041478291,3.3304245987408887e-6,3.291061137858962e-11,1.4302536415433176e-5
105,499002.2196678489,3.3301884951320027e-6,2.5140548541863408e-5,1.4302298607212094e-5
106,499016.30012980965,6.048162446634087e-6,0.13688163861717975,1.4306294618329151e-5
107,499037.7526791511,1.724903039398984e-5,0.22540383196304825,1.4302277083980712e-5
108,499064.76168359176,2.267016470655636e-5,0.00012130219457834513,1.4299971049113622e-5
109,499076.39345044194,4.44712759556376e-6,4.36891077496131e-5,1.4301917324703092e-5
110,499079.15199161146,2.4779528521035044e-6,1.2900275437851487e-6,1.4302311089705059e-5
111,499078.6078885916,2.4799828434451943e-6,5.4532817041646917e-8,1.4303070396424408e-5
112,499079.3514538918,2.4791900785636756e-6,9.057686546452459e-8,1.4302421820844552e-5
113,499079.20459806704,2.479661317805748e-6,3.5441206737766e-9,1.4302723517909015e-5
114,499079.30627471546,2.4795226709617424e-6,1.6924774450879107e-9,1.4302611215291429e-5
115,499079.3159367207,2.4795622674544937e-6,2.4747981377968377e-11,1.4302648834836056e-5
116,499079.33674842515,2.479552172252042e-6,7.065899186147742e-11,1.4302644378847283e-5
117,499079.3500976648,2.479551846540362e-6,3.7434242656147476e-11,1.4302647476980629e-5
118,499079.3610304063,2.479549938039227e-6,3.2936347174919887e-11,1.4302648493873587e-5
119,499079.369824478,2.479548402933851e-6,2.3295737061929488e-11,1.4302649374190357e-5
120,499079.37709607126,2.4795469851235374e-6,3.372997723171348e-11,1.4302649994943978e-5
121,499079.3832063355,2.4795456918524916e-6,3.36011235742925e-11,1.4302650463791279e-5
122,499079.3884157003,2.4795445135172844e-6,3.4911904322558045e-11,1.4302650824396762e-5
123,499079.39291148854,2.4795434376556624e-6,2.460653302100094e-11,1.4302651107727275e-5
124,499079.3968325837,2.479542444366878e-6,3.37299773852382e-11,1.4302651334244494e-5
125,499079.40028376144,2.479541527933282e-6,5.437513053179275e-11,1.4302651518068328e-5
126,499079.4033458502,2.4795406796396247e-6,3.372997744664809e-11,1.4302651669217188e-5
127,499079.4060820975,2.4795398846366723e-6,3.178974480667047e-11,1.4302651794912954e-5
128,499079.4085426727,2.4795391346532636e-6,3.929993583793673e-11,1.4302651900483893e-5
129,499079.41076788196,2.4795384321041336e-6,4.067079883374262e-11,1.4302651989937584e-5
130,499079.4127906651,2.479537765553985e-6,3.432317962169354e-11,1.4302652066324933e-5
131,499079.4146378189,2.479537136390597e-6,5.3581513800309726e-11,1.4302652132000056e-5
132,499079.4163318285,2.4795365316521156e-6,2.978559768629518e-11,1.4302652188815358e-5
133,499079.41789141134,2.479535958110901e-6,3.360113887954258e-11,1.4302652238226297e-5
134,499079.41933227505,2.479535405275346e-6,3.293636742557183e-11,1.4302652281402119e-5
135,499079.4206678786,2.4795348618211754e-6,3.360114009312904e-11,1.4302652319289625e-5
136,499079.4219096491,2.4795343474270926e-6,4.067080196183529e-11,1.4302652352669205e-5
137,499079.42306738236,2.4795338484928653e-6,3.402861192665207e-11,1.4302652382154508e-5
138,499079.424149686,2.4795333632698924e-6,6.283380817485585e-11,1.4302652408270326e-5
139,499079.4251638955,2.4795328911197956e-6,5.437512190920911e-11,1.430265243147402e-5
140,499079.4261165613,2.4795324272131047e-6,6.283380821424289e-11,1.4302652452106058e-5
141,499079.42701322987,2.479531971022464e-6,3.9299943627039955e-11,1.430265247048592e-5
142,499079.427858972,2.4795315278214325e-6,2.9785593491364506e-11,1.4302652486872602e-5
143,499079.4286582179,2.4795310906156054e-6,5.4375120677411444e-11,1.4302652501491325e-5
144,499079.42941486585,2.479530659654783e-6,6.283380829216992e-11,1.4302652514524638e-5
145,499079.4301324701,2.4795302431823707e-6,3.929994493655289e-11,1.4302652526149977e-5
146,499079.43081406143,2.479529824989113e-6,5.437511990957608e-11,1.4302652536494434e-5
147,499079.431462539,2.4795294095991682e-6,4.6640686656144014e-11,1.4302652545680583e-5
148,499079.4320804069,2.479528995763536e-6,6.977463535353816e-11,1.4302652553828925e-5
149,499079.4326699219,2.4795285913370435e-6,5.4375119241902356e-11,1.4302652561020792e-5
150,499079.4332331102,2.4795281910183764e-6,3.743421547316613e-11,1.4302652567327564e-5
151,499079.43377199327,2.4795277857869724e-6,4.664068596856502e-11,1.430265257284025e-5
152,499079.4342880949,2.479527389548375e-6,3.4323189822511323e-11,1.4302652577604252e-5
153,499079.4347830529,2.4795269924493546e-6,5.437511846940831e-11,1.4302652581678724e-5
154,499079.4352583209,2.4795265901600416e-6,5.437511829280194e-11,1.430265258510952e-5
155,499079.4357150316,2.4795262011101382e-6,6.97746364561633e-11,1.4302652587945021e-5
156,499079.4361545814,2.4795257988208252e-6,4.664068523715207e-11,1.4302652590213008e-5
157,499079.4365779809,2.479525398835225e-6,5.4375117799828764e-11,1.4302652591953329e-5
158,499079.43698624044,2.4795250046782957e-6,3.432319110915437e-11,1.4302652593194027e-5
159,499079.4373801745,2.4795246034436946e-6,6.20402043305556e-11,1.4302652593941154e-5
160,499079.43776083266,2.479524206899786e-6,8.999739383605387e-11,1.4302652594243377e-5
161,499079.4381289115,2.4795238052210955e-6,6.204020461621747e-11,1.4302652594102555e-5
162,499079.43848524283,2.4795233957985996e-6,1.0484834540438345e-10,1.4302652593529767e-5
163,499079.43883034575,2.479522989901062e-6,5.4375116936278674e-11,1.430265259255046e-5
164,499079.4391649979,2.4795225839757684e-6,5.358151312522447e-11,1.4302652591171812e-5
165,499079.43948973564,2.4795221714168925e-6,6.204020514984822e-11,1.4302652589399679e-5
166,499079.43980512593,2.4795217547224357e-6,5.437511655278451e-11,1.4302652587245201e-5
167,499079.4401116878,2.4795213355022216e-6,6.313244992600241e-11,1.4302652584703665e-5
168,499079.44040999934,2.479520912340716e-6,5.437511631010957e-11,1.4302652581786572e-5
169,499079.44070040295,2.479520483933406e-6,6.20402056351981e-11,1.4302652578495461e-5
170,499079.4409833845,2.479520050002737e-6,5.437511607781078e-11,1.430265257482859e-5
171,499079.44125935086,2.47951961737658e-6,3.178973148538331e-11,1.4302652570777185e-5
172,499079.44152864814,2.4795191753412826e-6,6.977463837299886e-11,1.430265256635211e-5
173,499079.44179172337,2.4795187259785134e-6,1.0484834426914754e-10,1.430265256154224e-5
174,499079.442048842,2.4795182722026077e-6,3.3242379555558374e-11,1.4302652556328297e-5
175,499079.4423003778,2.479517811043719e-6,8.462559078920842e-11,1.4302652550719668e-5
176,499079.44254664046,2.4795173436398255e-6,3.1892344515472735e-11,1.4302652544698496e-5
177,499079.4427879666,2.4795168668545475e-6,3.372997856240224e-11,1.43026525382492e-5
178,499079.44302454183,2.479516389070069e-6,6.20402066147917e-11,1.4302652531368428e-5
179,499079.44325675105,2.4795158989621147e-6,5.4375115108381574e-11,1.4302652524035071e-5
180,499079.4434847266,2.479515402525889e-6,4.132878104420245e-11,1.4302652516229e-5
181,499079.4437088716,2.4795148922951427e-6,6.204020692395873e-11,1.43026525079245e-5
182,499079.4439293371,2.4795143734046565e-6,6.283380916122572e-11,1.43026524991121e-5
183,499079.4441463987,2.4795138487410107e-6,5.43751147041351e-11,1.4302652489758053e-5
184,499079.4443602578,2.4795133120036894e-6,6.342702516196645e-11,1.4302652479833463e-5
185,499079.44457118784,2.479512765996006e-6,5.4375114504023566e-11,1.4302652469314921e-5
186,499079.4447793454,2.4795122052778673e-6,3.372997882773531e-11,1.4302652458161102e-5
187,499079.44498504436,2.4795116280174057e-6,6.342702547918029e-11,1.4302652446331567e-5
188,499079.4451883423,2.479511051728389e-6,5.358151247639723e-11,1.4302652433791334e-5
189,499079.44538964937,2.4795104548447355e-6,4.801153993732903e-11,1.4302652420492544e-5
190,499079.4455890113,2.479509840502825e-6,4.664068183356193e-11,1.4302652406371876e-5
191,499079.4457867703,2.4795092155305287e-6,8.462559241847629e-11,1.430265239138328e-5
192,499079.44598307484,2.479508564828814e-6,8.99973902221878e-11,1.4302652375451694e-5
193,499079.4461781215,2.479507907132694e-6,5.2988295730479264e-11,1.4302652358505582e-5
194,499079.4463721569,2.47950722512269e-6,3.360115134765581e-11,1.4302652340476328e-5
195,499079.44656541507,2.479506524349917e-6,6.204020832622177e-11,1.4302652321262836e-5
196,499079.4467581546,2.47950579951306e-6,5.298829542575916e-11,1.4302652300759007e-5
197,499079.44695052475,2.4795050572179456e-6,3.469502024045317e-11,1.4302652278867088e-5
198,499079.44714287785,2.4795042932457267e-6,5.437511318815788e-11,1.4302652255452407e-5
199,499079.44733538094,2.479503501268132e-6,6.204020874550308e-11,1.4302652230362878e-5
200,499079.44752841827,2.4795026845880752e-6,3.283954733406505e-11,1.4302652203440602e-5
201,499079.44772221916,2.4795018317425033e-6,5.437511285972086e-11,1.430265217450843e-5
202,499079.44791710324,2.4795009508638e-6,5.437511274515965e-11,1.4302652143345198e-5
203,499079.448113384,2.4795000364563613e-6,5.298829469455797e-11,1.430265210972203e-5
204,499079.44831146766,2.479499082663761e-6,6.977464136175461e-11,1.430265207335341e-5
205,499079.44851172366,2.479498091956245e-6,6.035232122429648e-11,1.4302652033928863e-5
206,499079.44871450635,2.479497055590807e-6,6.977464158918296e-11,1.4302651991090331e-5
207,499079.44892047247,2.4794959717633347e-6,7.043260796880877e-11,1.4302651944407908e-5
208,499079.4491299394,2.479494840279539e-6,6.035232139179724e-11,1.4302651893381644e-5
209,499079.44934366905,2.479493654283793e-6,5.606300037182186e-11,1.4302651837459797e-5
210,499079.44956225605,2.4794923997872864e-6,6.977464209443811e-11,1.4302651775955005e-5
211,499079.44978641253,2.4794910742920173e-6,5.3665767090994236e-11,1.4302651708054308e-5
212,499079.4500169829,2.479489680601299e-6,9.564187031319555e-11,1.430265163283012e-5
213,499079.45025493874,2.479488203754876e-6,7.898111253287403e-11,1.4302651549136041e-5
214,499079.450501353,2.479486625017735e-6,6.274955391558917e-11,1.4302651455594193e-5
215,499079.45075763756,2.479484942363719e-6,1.1119595408357783e-10,1.4302651350567481e-5
216,499079.4510252179,2.479483138972949e-6,6.97746430390916e-11,1.4302651232007554e-5
217,499079.4513058474,2.4794812039374836e-6,6.274955291651381e-11,1.4302651097400256e-5
218,499079.4516017295,2.4794791094462365e-6,6.977464343147962e-11,1.4302650943656644e-5
219,499079.45191532787,2.4794768422320423e-6,6.03523224137425e-11,1.4302650766843824e-5
220,499079.45224975684,2.479474366212653e-6,8.281416758729677e-11,1.4302650561982624e-5
221,499079.4526087546,2.479471651634091e-6,9.193764200235717e-11,1.4302650322664266e-5
222,499079.4529970862,2.479468654642547e-6,8.268534057986165e-11,1.430265004055803e-5
223,499079.45342060755,2.479465312676954e-6,9.750761631108896e-11,1.4302649704617417e-5
224,499079.4538867802,2.4794615674783582e-6,8.268534020250847e-11,1.4302649299979139e-5
225,499079.45440530643,2.479457335780033e-6,6.97746454760054e-11,1.4302648806311729e-5
226,499079.4549891007,2.479452486825462e-6,9.2236287790251e-11,1.4302648195141936e-5
227,499079.455655318,2.479446866904267e-6,7.711536518142198e-11,1.4302647425662082e-5
228,499079.45642780326,2.479440262354027e-6,6.20402153131848e-11,1.430264643776608e-5
229,499079.45734030067,2.4794323645604965e-6,6.274954411944138e-11,1.430264513995378e-5
230,499079.45844226726,2.4794227269364644e-6,7.711536357354168e-11,1.4302643387604235e-5
231,499079.4598093325,2.479410657951764e-6,5.606299550011186e-11,1.430264094141663e-5
232,499079.4615626178,2.4793950775259255e-6,8.462560355928889e-11,1.4302637382702342e-5
233,499079.46390887036,2.479374111324928e-6,6.03523284617695e-11,1.4302631926118581e-5
234,499079.4672302893,2.4793443506587742e-6,4.664066606540834e-11,1.4302622960512637e-5
235,499079.47231539,2.479298790158957e-6,8.46256123544555e-11,1.4302606759696983e-5
236,499079.48106591357,2.4792206447799003e-6,8.99973630775347e-11,1.4302573113962783e-5
237,499079.4993509021,2.4790586309886287e-6,6.401557878906891e-11,1.430248567072336e-5
238,499079.5559216493,2.4785648260194915e-6,5.196599661254499e-10,1.4302135135750183e-5
239,499080.36320793297,2.471704703049804e-6,0.00546795747518336,1.4302013715449533e-5
240,499092.76758146985,2.367066987030153e-6,0.3159775607737178,1.43107434940607e-5
241,499105.53923892445,3.047153635651889e-6,0.23213288768415086,1.4300722132849261e-5
242,499120.43662529107,4.721101440896547e-6,0.38001139903223036,1.4302720190313706e-5
243,499137.5428208963,6.799981188521098e-6,0.33394034473934114,1.430182607149016e-5
244,499152.6630645394,7.64968117727971e-6,0.3855297292968146,1.4303313569630151e-5
245,499167.9461613806,8.354819372752287e-6,0.38443354646080685,1.4302796677949357e-5
246,499182.28208826366,8.573617487198093e-6,0.36525461217590605,1.4303795458021551e-5
247,499208.28212390514,1.1901398949222541e-5,0.20972750813676685,1.4302795974688587e-5
248,499201.36791751697,0.000137012465026759,0.021044224564473288,1.4757947148597853e-5
249,499239.4792690137,4.414523739097178e-6,6.625285054295218e-5,1.4414532476064117e-5
250,499248.41078968166,1.340957054445091e-6,0.002205532534650789,1.4302200515918007e-5
251,499246.62934307393,7.431148669349852e-6,4.014071461759617e-5,1.4302443264045123e-5
252,499252.8332248408,3.1022077564279993e-6,2.7071764807055237e-5,1.4302533337618533e-5
253,499259.39502988174,1.9384569137845253e-6,1.908326492096829e-5,1.4302589037733869e-5
254,499265.196867333,1.3444535549925196e-6,1.3609886337226598e-5,1.4302606875313955e-5
255,499270.15309264883,9.562747772251523e-7,9.73625032806654e-6,1.4302619652741427e-5
256,499274.3575129839,6.837052134445187e-7,6.96921857987674e-6,1.430262877840729e-5
257,499277.9185544852,4.893703297592644e-7,4.989218025788357e-6,1.4302635418136371e-5
258,499280.93344905035,3.503535327409324e-7,3.5718571215568744e-6,1.4302640256195297e-5
259,499283.4855877299,2.5083934509367856e-7,2.55717567835515e-6,1.4302643778285712e-5
260,499285.6458269684,1.795927762962557e-7,1.8307562111101304e-6,1.4302646338515154e-5
261,499287.47424111643,1.6077791542556952e-7,1.3107023383236562e-6,1.4302648196575556e-5
262,499291.2900153514,5.591054446779653e-7,0.00026132723286803654,3.3733353205318527e-7
263,499293.71147501457,1.05436402009218e-6,2.059464343110886e-6,1.6505332104949242e-7
264,499294.7010172681,9.495374342805007e-6,8.085741712383132e-6,1.6503758473561632e-7
265,499297.9403477692,2.9066912929920363e-6,7.366737465720235e-7,1.6503768322566195e-7
266,499297.67607731756,9.793512276701222e-7,8.959748941571732e-9,1.6503773023571347e-7
267,499294.6563361454,2.2216930290142045e-5,3.5091387955507986e-6,1.6503757524926527e-7
268,499295.92246341717,3.090207883360563e-6,6.359351276514524e-7,1.6503770275825784e-7
269,499293.4194642562,2.413312466842399e-5,8.862585175224579e-6,1.6503727371368077e-7
270,499296.55839543,5.225925690410804e-6,4.634195797832996e-6,1.6503752606404797e-7
271,499295.5034590513,3.0666501515952405e-6,2.106753185312094e-7,1.6503769532233262e-7
272,499296.0073890178,2.6562050834399997e-6,6.166247021372182e-7,1.6503769824824536e-7
273,499295.6229827751,4.394602854063123e-6,2.340252560801135e-7,1.650377196601921e-7
274,499297.51854074723,4.912559916192549e-6,8.326801626362851e-7,1.6503769741650604e-7
275,499298.53981042834,6.411580500298442e-6,7.404217491351557e-7,1.6503769534323808e-7
276,499293.7569856504,7.459356311301235e-6,5.843278500375756e-6,1.650374882380051e-7
277,499295.9319960205,1.849815078003303e-6,3.983511819043934e-7,1.6503771186829864e-7
278,499296.78484680224,4.513015142038057e-6,2.7351540757816224e-7,1.65037719278629e-7
279,499302.95190852496,2.5871611455841048e-5,3.803532315795139e-6,1.650376548547022e-7
280,499302.10492840735,3.43924364187842e-6,2.044247143752048e-6,1.6503757776998342e-7
281,499299.9946236486,2.732124244175793e-6,3.855022465798109e-7,1.6503771817288404e-7
282,499298.5444615866,1.1436095519457012e-6,5.27826234471776e-7,1.6503770918549492e-7
283,499301.5362457488,9.61454713888088e-6,2.838031352945369e-6,1.6503760998735476e-7
284,499296.398725279,5.738174024827458e-6,7.277850260823167e-6,1.6503742241251835e-7
285,499298.1377377827,8.664102495004045e-6,2.2084924068167511e-7,1.650377230702649e-7
286,499301.3662746723,8.823116445455526e-6,2.191238351581771e-6,1.6503764169457755e-7
287,499295.6774275418,9.29530415305635e-6,5.655893406580641e-6,1.6503750197078172e-7
288,499297.9665632434,8.672977003243432e-6,1.9014763195644383e-6,1.6503764801535718e-7
289,499298.8780017586,5.146520265952859e-6,4.4137252913846543e-7,1.650377102294696e-7
290,499251.403169493,0.0002052807648169619,0.0005903895705993006,1.6501293262863883e-7
291,499273.2292928119,7.095041780758038e-6,7.739252634541823e-5,1.650343531570678e-7
292,499259.6075330999,5.465529699222316e-5,2.6001466459269686e-5,1.6503685181304e-7
293,499276.3089383873,3.2057137961186144e-6,4.289681435154634e-5,1.6503621378342872e-7
294,499284.2185149179,2.7537863616089453e-6,2.1071934653459888e-5,1.650368831670033e-7
295,499288.86588106205,1.4804984971306112e-6,8.464142289257742e-6,1.6503736855827085e-7
296,499293.0737181497,2.7521252832229948e-6,6.028470152655795e-6,1.650374767568352e-7
297,499296.23055620765,1.1561813550997613e-5,3.0073359145039037e-6,1.6503760332332025e-7
298,499301.50310346414,3.0604416963342373e-5,9.41416284747863e-6,1.650373299432127e-7
299,499301.6442972197,3.990638447248784e-6,2.583461192387404e-8,1.6503772799706523e-7
300,499298.29678020073,4.5801181727256335e-6,1.9417222851076683e-6,1.6503765170610737e-7
301,499299.588025343,1.6187455798899464e-5,9.564155065643344e-7,1.6503763626636444e-7
302,499297.4258296786,1.2353156648714503e-6,2.473573234694962e-7,1.6503768334681593e-7
303,499297.11787966127,3.1749243021295115e-6,4.6157396555022086e-8,1.6503772617617164e-7
304,499299.70498773933,7.245254550980462e-6,7.09241701275988e-7,1.6503770248883346e-7
305,499297.15465916845,1.225294158757606e-5,6.532412632459162e-7,1.6503770345508016e-7
306,499294.92531651293,2.7650678077861812e-5,1.2896536669417619e-5,1.6503697716903084e-7
307,499294.64733158867,4.184089391401358e-6,1.7153102791014252e-6,1.6503760048190905e-7
308,499295.32204155147,1.6630627897029626e-6,6.170223974320334e-7,1.650377000989809e-7
309,499296.591206103,2.372615085732832e-6,4.2100365337472133e-7,1.6503771278118544e-7
310,499273.6716171417,3.0120214091766684e-5,8.066047823685014e-5,1.6503453699908365e-7
311,499285.18117162946,8.378983409329521e-6,1.0516267549424742e-5,1.6503739413061814e-7
312,499292.06706853333,3.2894556056817237e-6,1.4499324877806062e-5,1.650371509671331e-7
313,499294.3789052251,2.2973824229666207e-6,3.323122850659356e-6,1.6503757285920747e-7
314,499295.96135501657,1.744561643590714e-6,1.1060060063348254e-6,1.6503768026542686e-7
315,499298.55983535567,6.8848623300254985e-6,1.1358040137168093e-6,1.6503768557739964e-7
316,499301.1387735352,9.062063497822237e-6,1.1554690043154412e-6,1.6503768478405135e-7
317,499297.1014309574,8.047349979278806e-6,1.4955548585823126e-6,1.650376927290609e-7
318,499297.1741878857,1.7775610672288167e-6,1.8148275807826858e-7,1.6503771845636204e-7
319,499296.93956835533,3.2788952921691816e-6,3.984394312782762e-9,1.6503773099362918e-7
320,499296.8000705249,2.1902000071349903e-6,4.1578905598003306e-8,1.6503772895202003e-7
321,499302.4080306175,2.4528150049718533e-5,3.6035153313109417e-6,1.650375877988668e-7
322,499298.0608221519,3.0673597848362988e-6,1.7196504070976517e-6,1.6503766952437408e-7
323,499052.20410513,0.0012601334898628969,1.0557579803918267,1.6483468041969285e-7
324,499224.056803649,0.000458796173340735,0.5045481565010075,1.648290047555899e-7
325,499227.05518977623,3.6161192610961734e-5,0.00022683890886199135,1.6502687301134852e-7
326,499256.7621793564,1.2555271199768403e-5,0.00014925379398266758,1.6503230851421845e-7
327,499270.97740626166,6.965060811318924e-6,7.26332322060111e-5,1.650349379001345e-7
328,499280.22111767274,3.336324748338948e-6,3.441992972845423e-5,1.650363230492539e-7
329,499289.1547974594,2.497280735269669e-5,2.730374871007915e-5,1.650365942167554e-7
330,499291.53809478146,1.6522786836503656e-6,3.6822695487559413e-6,1.650375573375888e-7
331,499291.89021557954,5.900992334773036e-6,5.3584586463849185e-8,1.65037728361521e-7
332,499295.5200402572,1.2102611776754202e-5,1.023988110100255e-5,1.6503725022572198e-7
333,499297.6257504708,2.3327651206273003e-6,5.664973384896464e-7,1.6503772163326782e-7
334,499295.51619410823,6.766755404896685e-6,1.0499255996347408e-6,1.6503768809594975e-7
335,499295.26857097575,2.7910384687857004e-6,4.236317438114054e-8,1.6503772668870217e-7
336,499296.1062058713,2.083277763631486e-6,7.034887342120567e-8,1.6503772944209068e-7
337,499262.4085121502,0.00013159587922473293,0.00022649868436774195,1.65028632329386e-7
338,499279.69721268077,2.9261835834404337e-6,2.678191878749359e-5,1.6503649892236925e-7
339,499287.59225635673,2.677408929230296e-6,1.567771315710996e-5,1.6503711567520066e-7
340,499291.1433849976,1.7228715023520635e-6,7.0632569539854235e-6,1.650374104859994e-7
341,499298.0748581333,2.7393392826979834e-5,1.055530835181172e-5,1.6503730513584253e-7
342,499296.4540066391,1.7322931853414048e-6,1.592304147742455e-7,1.650377123888607e-7
343,499299.24867691,3.2893257753130456e-6,1.626975401404009e-6,1.65037665221333e-7
344,499298.1852901791,2.0632696760003455e-6,1.363651122541061e-7,1.6503772543219534e-7
345,499299.9438645156,3.7514449786613113e-6,8.438260978618511e-7,1.6503769584356732e-7
346,499296.8866176883,4.1392491993974545e-6,1.4484750552450087e-6,1.6503767267901787e-7
347,499299.3759725378,6.50993803219535e-6,6.329637425691591e-7,1.6503770535636954e-7
348,499299.3347988325,2.830511220963672e-6,2.3836264493853064e-9,1.6503773082533477e-7
349,499298.3834820797,2.280405084209569e-7,9.362801821170758e-8,1.6503772834932564e-7
350,499297.9249423025,1.3245903005554283e-6,2.1249533061190973e-7,1.6503772102089958e-7
351,499298.7713341055,1.951399951849453e-6,4.945964589774148e-7,1.6503770844871263e-7
352,499298.9569873086,3.992502968230838e-6,9.960109812479366e-8,1.6503772578531072e-7
353,499299.51602352917,4.917303840556997e-6,3.967786122504328e-8,1.650377303087102e-7
354,499298.56676898827,2.358631320475979e-6,3.722634288091112e-7,1.6503771472406874e-7
355,499298.4263338402,1.5908949535514694e-6,3.0581058775001794e-8,1.650377290333882e-7
356,499298.35663752706,1.392636590935581e-6,3.273970422311009e-8,1.6503772879687535e-7
357,499295.1415774119,1.3391777031301899e-5,1.1987567446843567e-6,1.6503768324950778e-7
358,499298.2668992516,5.057092721472145e-6,1.6421426897196977e-6,1.6503766567697115e-7
359,499297.3446616853,3.478058204109402e-6,6.205106999918131e-8,1.6503772861662428e-7
360,499297.9634070327,2.162455587040313e-6,6.748242493035528e-8,1.6503772836259166e-7
361,499297.21177979733,6.749913438852673e-6,2.821441372170483e-7,1.6503771835409745e-7
362,499296.93812926,1.1658053153951187e-6,6.522389815892644e-8,1.6503772791969304e-7
363,499298.1131630397,5.996525203499914e-6,7.653455538902541e-8,1.6503772407531926e-7
364,499297.3424275712,2.1203793812429872e-7,2.274268929040267e-8,1.6503772425296396e-7
365,499267.41427202517,7.782832659586347e-5,0.00023724577103268886,1.6502780170851072e-7
366,499318.2713289809,0.00012198000581520319,1.5875180414567847,1.6506585235765235e-7
367,499366.34913898737,0.0001160162559863051,0.34862745337060597,1.6515179542839434e-7
368,499368.9645437802,1.0391192859060538e-5,5.422283734286672e-5,1.8615841355830264e-7
369,499342.1837119065,7.914962783371615e-6,0.00011916093034199592,1.6512852721719224e-7
370,499327.9636878276,1.2153426839182913e-5,0.1279081626212074,1.6505225452458583e-7
371,499324.14498164353,6.5766058128247096e-6,2.1955788662989806e-5,1.6503713900934783e-7
372,499314.002903671,5.225646077633428e-6,3.676646125104184e-5,1.650355927355177e-7
373,499309.1165597169,4.427529347594827e-6,1.3790779268496206e-5,1.6503708191528967e-7
374,499305.84425581567,9.820042578212451e-6,2.5234228788347133e-6,1.650376170776155e-7
375,499304.6462109855,5.232532203081064e-6,1.4335403265081006e-6,1.650376566441218e-7
376,499302.9601088423,3.395666965388955e-6,9.669060726493147e-7,1.6503768362089867e-7
377,499300.4332874685,4.810626649032201e-6,1.2272738754422957e-6,1.6503768057305292e-7
378,499296.5180964011,6.4162785520238685e-6,5.30340366139839e-6,1.6503749899464642e-7
379,499297.3897266062,2.469120204295905e-6,2.283954320009239e-8,1.6503772412141998e-7
380,499296.88813417486,1.1189994211235899e-6,1.733146339869356e-8,1.6503772811126275e-7
381,499298.9313861469,5.881761580894818e-6,4.804160515012927e-7,1.6503771095105567e-7
382,499297.87895530165,2.274945472890977e-6,1.7604528138288271e-7,1.6503772394943235e-7
383,499306.57923670666,1.8452687299941317e-5,0.08471663018645853,1.650478698317507e-7
384,499306.5300101971,1.7641931435719016e-6,3.66849008102781e-6,1.6503783597263945e-7
385,499303.0966758314,4.705594790266332e-6,4.036691207177059e-6,1.650375455312398e-7
386,499300.58470215666,1.5599646303599002e-6,2.097611733460359e-6,1.6503763714895978e-7
387,499299.24288282765,7.486075901397271e-7,8.226989771144594e-7,1.6503769316898344e-7
388,499297.9093902593,5.331236820893537e-6,1.880548976688568e-7,1.6503772774372686e-7
389,499299.02881236514,1.6077296436378674e-6,8.466053623713286e-8,1.6503772587236964e-7
390,499300.0264918882,3.0504360779559647e-6,1.078192066498991e-7,1.6503772776560265e-7
391,499298.97650322976,3.991789242263621e-6,9.231975056986909e-8,1.6503772888596548e-7
392,499299.1618850542,2.1152250724298938e-6,4.523418821545859e-9,1.6503773046110655e-7
393,499297.96954213764,2.6959628485201392e-6,1.6255994725792133e-7,1.6503772490708282e-7
394,499297.9967974087,2.221771360222391e-7,5.0992345036043176e-8,1.6503772773247162e-7
395,499297.61879982555,2.210839397775999e-6,1.261956256294833e-8,1.650377306436924e-7
396,499297.3327250217,1.28751229340196e-5,7.6952779958377e-9,1.6503773076465415e-7
397,499297.43414866814,1.8248836113343714e-6,8.33019639219144e-9,1.6503773041015244e-7
398,499301.02710164967,6.830359041032352e-6,3.0750163989283546e-6,1.6503760537122028e-7
399,499299.4471377233,2.406049529612986e-7,4.203011316436178e-7,1.6503771216838227e-7
400,499298.878390329,1.7217648178302625e-6,1.4233372449795104e-7,1.650377246148261e-7
401,499298.1962916838,4.0512748000764987e-7,1.020078360070469e-7,1.6503772691813057e-7
402,499290.6740868344,2.2514533668527292e-5,6.449076137343966e-6,1.6503753336546835e-7
403,499293.27150055754,4.016642435544782e-6,3.997221648499036e-7,1.6503768040812822e-7
404,499294.95099106675,6.9708066234852595e-6,2.484276501803709e-6,1.6503761193494667e-7
405,499298.4128537648,4.057721696426597e-6,1.1927227698023066e-6,1.65037699946221e-7
406,499297.9751113503,3.551554641489929e-7,7.63189420301706e-9,1.650377298563081e-7
407,499298.39995537733,2.7093169023828523e-6,1.1138226955331327e-8,1.6503773026316686e-7
408,499297.8433653845,3.223805720153905e-7,2.800041420139056e-8,1.6503772982006656e-7
409,499298.4246763425,3.0701976356795058e-6,2.32829988104366e-8,1.6503772999001094e-7
410,499299.16755743825,3.3661440852483793e-6,5.532453950363706e-7,1.650377032845187e-7
411,499298.31166964665,1.4537838524120161e-6,1.7036386958648392e-7,1.650377239914733e-7
412,499308.2055008093,3.333119161652576e-5,0.09667414324363412,1.6504921922445892e-7
413,499308.503800915,3.590984654355811e-7,4.452978971635997e-6,1.650378686138381e-7
414,499304.38331493794,2.2049417793823523e-6,5.459258366444031e-6,1.650374779130604e-7
415,499302.444300873,1.9991624640169903e-6,2.0942108679843246e-6,1.6503763000269844e-7
416,499300.7256535098,3.951494818466017e-6,7.37849209423007e-7,1.6503769950926018e-7
417,499299.4237526912,4.385053671285277e-7,6.487559344873983e-7,1.650377027528161e-7
418,499297.2533764988,3.149616645714559e-6,1.8802764049909739e-6,1.6503764332699223e-7
419,499298.2743946119,4.979389132131473e-6,7.612117059088879e-8,1.6503772745406799e-7
420,499297.39212814113,4.113801196581335e-6,8.13600323607814e-8,1.6503772760896787e-7
421,499297.9729393839,6.5899321270990185e-6,5.2573063801944636e-8,1.6503772898829837e-7
422,499297.50459496304,2.1620316531523187e-7,1.2183983825723679e-8,1.6503772989481508e-7
423,499297.5332120819,3.5065153269897564e-7,9.064290312801691e-9,1.6503773105749048e-7
424,499297.4706356297,1.5123018783924635e-6,8.229557227402587e-9,1.6503773067025005e-7
425,499296.60942448315,5.212370354001905e-6,7.287382973586383e-8,1.6503772956215183e-7
426,499297.1728547429,2.111334611587523e-7,2.154900120237595e-8,1.65037729840498e-7
427,499305.52536504815,9.438203335321305e-6,1.3180773749154631e-5,1.6503720157651973e-7
428,499302.53373544663,1.9673038309520052e-6,6.611012979683131e-7,1.6503770590735878e-7
429,499300.9882676997,3.0257800744948327e-6,5.06717679392263e-7,1.6503771011680426e-7
430,499301.3030814098,2.9744148264398973e-6,1.755551553110246e-8,1.6503772766806056e-7
431,499299.3629673517,3.654054694379738e-7,5.799919553613158e-7,1.6503770757853657e-7
432,499296.5151649255,5.776079206043505e-6,2.197963546451664e-6,1.6503763671181285e-7
433,499297.67137396976,5.194900666083413e-6,4.053151153326249e-8,1.6503771906533585e-7
434,499296.690488138,4.259983199972339e-6,1.3311540166693782e-7,1.650377116636552e-7
435,499297.4016355984,5.944129782164964e-6,1.0726486294566973e-7,1.6503772637918635e-7
436,499292.17649462627,2.0224889908604382e-5,9.748335429361601e-6,1.650373028225105e-7
437,499294.61548879696,7.367448233708274e-7,1.0439892924553143e-6,1.650376876754418e-7
438,499296.83908011415,2.262162240640464e-6,7.770928806167422e-7,1.6503770040739717e-7
439,499292.02308264363,1.7518106460556737e-5,2.2177547146821605e-6,1.6503768250060244e-7
440,499274.0100962841,7.420631715149284e-5,3.4303200886244854e-5,1.6503630960495229e-7
441,499325.0054261014,8.063523023338348e-5,0.00037608867208760476,1.6502340798732673e-7
442,499309.60905363,2.761346024726663e-6,1.909576656841524e-5,1.6503700623046434e-7
443,499298.7169635475,0.0007551156812155568,0.00014851056284773738,1.650295255990812e-7
444,499299.6739951837,5.320339437275834e-5,2.3541826463524332e-6,1.6503757422458575e-7
445,499292.85621986806,1.4699828534622816e-6,8.277742252184008e-6,1.6503669962217817e-7
446,499295.51465396665,1.2371912305297883e-5,3.4768001535625183e-6,1.6503757063910804e-7
447,499292.52393929113,1.450853199003177e-5,2.1279249250531467e-6,1.650376442688365e-7
448,499294.4931084799,1.7533023499716194e-7,1.1484663947536153e-6,1.6503768329489353e-7
449,499295.32077468396,1.4899306393090228e-6,3.7189751111021245e-7,1.65037712997007e-7
450,499293.0202947847,1.3379649885791878e-5,1.05629658242677e-6,1.650376885022509e-7
451,499295.0625361853,1.9364068748473073e-7,6.305116799176806e-7,1.6503770614610002e-7
452,499299.33762005536,6.047308318102296e-6,4.145994081854108e-6,1.650375635543315e-7
453,499299.56784112024,5.417161901277723e-6,1.3444197540052246e-7,1.6503772241600675e-7
454,499295.4949745184,6.309628247436194e-6,2.7164476702321987e-6,1.6503762159183836e-7
455,499296.5603595492,6.383382924468606e-7,7.172273903227608e-8,1.6503772812136237e-7
456,499296.3335004376,1.3491638242157933e-6,4.981544704833246e-9,1.6503773102899823e-7
457,499297.16174881614,4.159015588811599e-6,4.02178627077998e-7,1.6503771209881485e-7
458,499297.35744598263,3.342736931699619e-7,7.207731157925347e-9,1.6503772995292725e-7
459,499297.34788810357,2.5581641693861457e-7,9.842491917506724e-10,1.650377310813835e-7
460,499297.10323872743,1.3891218486605794e-6,1.4250785351763951e-8,1.650377306577639e-7
461,499294.6672569877,7.399444371003483e-6,8.078168161276672e-7,1.650376990933453e-7
462,499297.9762651746,2.593413057638827e-6,1.1431519849003454e-6,1.650376876563347e-7
463,499298.17212534166,3.90121192594961e-6,4.296708762238889e-8,1.6503772843394254e-7
464,499295.054578809,4.3581932118286204e-5,1.6486937219937195e-5,1.6503685348840822e-7
465,499296.7225945812,8.255398938672442e-6,1.372505004359145e-5,1.650369608470344e-7
466,499297.0639963084,6.20871219325636e-7,4.5522139370004615e-8,1.6503772918222145e-7
467,499297.1121457164,3.7530531926677213e-7,4.997629145838234e-9,1.6503773096501034e-7
468,499296.34656175174,1.9400904420763254e-6,1.1586239334431167e-7,1.6503772639980546e-7
469,499294.56978442066,7.625055161497585e-6,1.1014532803727685e-6,1.65037683229257e-7
470,499297.13297424675,5.25675886819954e-6,1.5027320368056556e-6,1.6503766997790784e-7
471,499277.4687446543,3.440153318479133e-5,6.237137688944046e-5,1.6503525514561356e-7
472,499286.8759303907,3.633976575656561e-6,7.620762969453427e-6,1.6503746963842433e-7
473,499293.59715749515,3.888940852903033e-6,1.0029482365708843e-5,1.650373389457875e-7
474,499294.5244861489,5.002294756195624e-7,1.1519591660473636e-6,1.6503766664368644e-7
475,499300.06428412755,3.214405739981885e-5,5.2984358012742325e-6,1.650375197532006e-7
476,499298.18754948967,2.8233258717591525e-6,1.2861931337243802e-7,1.6503769504918858e-7
477,499297.3057555977,6.373941801030014e-7,2.2839146293288038e-7,1.6503772145597125e-7
478,499302.5658972612,7.084300591486681e-6,4.800180210030286e-6,1.650375382840277e-7
479,499301.5544815531,2.743794993875781e-6,8.165083385689307e-8,1.6503772547051347e-7
480,499300.1941807475,8.710365364095196e-6,1.994270166375668e-7,1.6503772528794256e-7
481,499299.4032460183,5.264162666662742e-6,1.4948242165762106e-7,1.650377239521817e-7
482,499299.6735357431,1.6165172269211325e-5,3.530756607698852e-8,1.6503772056664092e-7
483,499302.08195534575,8.110465557820135e-6,1.7806936202171815e-6,1.6503764035381796e-7
484,499299.9738450821,3.008257863257313e-6,8.522260483408866e-7,1.650376958237437e-7
485,499298.988346347,2.5080796035581443e-6,2.1526628874391153e-7,1.6503772112713363e-7
486,499298.3485071108,9.914216434481204e-7,3.043152898913936e-7,1.6503771704526907e-7
487,499298.31121299136,4.64782647213724e-6,8.92191462977499e-9,1.6503773044435785e-7
488,499298.2088607906,1.963519480341347e-6,2.9100827868400807e-8,1.650377287177809e-7
489,499295.93156297255,2.602226049930323e-5,2.7130113279080903e-6,1.6503760780628114e-7
490,499296.95387753914,3.0175785354913387e-6,4.4559149658401893e-7,1.650377109713877e-7
491,499297.49703993107,3.2640065796840645e-6,4.016870763228719e-7,1.6503771072929124e-7
492,499298.37128656043,3.4443506820025505e-6,1.0020030861171345e-7,1.650377285590993e-7
493,499297.67988180835,4.56519484259843e-6,2.005533609463857e-7,1.6503772233619425e-7
494,499297.5829129297,3.6082026326766936e-6,1.0017247058999812e-7,1.6503772410838682e-7
495,499261.59409554047,3.1374051332022646e-5,0.00015230043882746006,1.650321849964457e-7
496,499280.7226109084,5.538471157251479e-6,3.0118266263302116e-5,1.6503688748774366e-7
497,499288.1904526442,3.026509375558817e-6,1.2665328540368643e-5,1.6503724650835137e-7
498,499292.5969343782,2.6843798082154535e-6,6.237535339067569e-6,1.6503746948713207e-7
499,499294.2217006175,8.458978300041053e-7,1.8506312179601758e-6,1.6503764107031916e-7
500,499296.15823322244,3.478443375115603e-6,1.2693035435910353e-6,1.650376769797107e-7
501,499296.97677806264,2.224689239938016e-6,6.654113997432013e-7,1.650376958074333e-7
502,499296.7162797045,7.219608789910126e-6,8.339828690464008e-8,1.6503772661312232e-7
503,499298.02393684007,4.1866614424179716e-6,3.7570102702761357e-7,1.6503771568472875e-7
504,499299.8083551913,1.995183765757247e-6,4.891239081362021e-7,1.650377116037355e-7
505,499297.99648358475,5.756925816058356e-7,3.210976716610566e-7,1.650377192821346e-7
506,499280.7771151096,2.3082695804532705e-5,3.754000549520017e-5,1.6503624361766906e-7
507,499289.98788074154,1.9740592165362614e-6,7.863022953940986e-6,1.650375512145554e-7
508,499298.5264159418,1.8348735238760128e-5,1.6602656748735728e-5,1.6503707483717994e-7
509,499297.15163562173,2.7833044100589177e-6,1.30337409381785e-7,1.6503772832722526e-7
510,499304.094581717,2.4562658893501066e-5,1.8579071432313355e-5,1.6503690681939289e-7
511,499301.52421913913,1.3390451840677997e-6,1.8452340583789806e-6,1.6503765250145087e-7
512,499299.8847559367,2.9940575814180193e-6,9.785981358739325e-7,1.6503768678829738e-7
513,499280.671631032,7.095623391251138e-5,8.106352211083228e-5,1.6503437442154675e-7
514,499290.09853766015,3.7348727346397936e-6,7.143959525969498e-6,1.6503737716273963e-7
515,499290.93184813287,3.123334977317427e-6,6.480645964991101e-7,1.6503769812245282e-7
516,499265.87974937167,0.00011086166949780818,0.00019136215196447913,1.650298888848457e-7
517,499279.672295482,3.225007791360368e-6,4.4062484048264334e-5,1.6503591147011341e-7
518,499285.70899671223,1.4334630655254976e-6,1.410881193038123e-5,1.6503711228444346e-7
519,499289.95266770065,6.876078185308332e-7,7.054677305794985e-6,1.6503742804253939e-7
520,499292.1630522541,2.123352942362544e-6,2.0833054975270095e-6,1.6503763767960456e-7
521,499294.9810400201,4.02410427113864e-6,1.6797428917119473e-6,1.6503766439942704e-7
522,499291.30553049874,7.1473462526228104e-6,1.1789982932016876e-6,1.6503770146041487e-7
523,499294.0461505354,1.6099110666800698e-6,7.775745798571886e-7,1.6503771262284446e-7
524,499296.90371937567,5.536358173685585e-6,2.35424968232829e-6,1.650376336487492e-7
525,499287.74127665703,1.3781570601167914e-5,1.5876485052494604e-5,1.6503709480056755e-7
526,499293.1050462892,5.425935739822307e-6,5.601061340550879e-6,1.650375048493951e-7
527,499293.4086776206,4.429991236065689e-6,4.151046377646792e-8,1.6503772950751572e-7
528,499296.75256683264,7.331838844493177e-6,3.238674114171187e-6,1.650375953034738e-7
529,499296.77301593166,4.241038709551503e-6,2.2596163931314216e-9,1.650377309515458e-7
530,499297.04175088316,3.666165298454871e-6,1.5263913973440387e-7,1.6503772338983373e-7
531,499297.24701436737,9.10256005681731e-7,1.1620799778286199e-8,1.6503772991644224e-7
532,499297.05395926995,1.6351964404748287e-6,1.7274480051089792e-8,1.6503772991911854e-7
533,499298.2460250524,3.664876089715108e-6,8.642781814646799e-7,1.6503769241090227e-7
534,499298.67855130206,2.762161614100478e-6,4.16054829132523e-8,1.6503772586304008e-7
535,499298.26168100716,2.5813475303948508e-6,1.3868417486341628e-8,1.6503773057840722e-7
536,499296.7285597195,3.887848492922785e-6,4.5095023649791827e-7,1.6503771239083216e-7
537,499298.89264067943,5.081950860130746e-6,4.396864757532923e-7,1.6503771936602465e-7
538,499298.255534234,1.4002926604916865e-6,1.0251203289264929e-7,1.65037718588877e-7
539,499298.75711091433,1.2170085597063007e-6,2.4068299454761455e-8,1.650377303554908e-7
540,499298.3492879486,5.232254068232578e-6,2.187281138046121e-8,1.6503772476178703e-7
541,499296.477621916,4.214732257423748e-6,7.949012794122938e-7,1.650376923476648e-7
542,499298.6064044506,3.576758729195717e-6,1.121805000176822e-6,1.6503768475462964e-7
543,499301.9187678342,1.5352275852364983e-5,1.3026374261357926e-6,1.6503768624839254e-7
544,499299.2407070939,3.4144306937378133e-7,7.144468023053409e-7,1.6503771048130551e-7
545,499298.3766310088,1.917536053497315e-6,2.960501848689631e-7,1.6503771806771547e-7
546,499296.8587990949,2.4695491447346285e-6,4.797177538828458e-7,1.6503771135770176e-7
547,499293.6930262424,4.3828209186358436e-6,2.4729171853307774e-6,1.650376286375374e-7
548,499298.3158001479,4.052879091887007e-6,3.481248647085894e-6,1.6503759321928124e-7
549,499297.6317154459,9.994403171731392e-7,3.2349464083272666e-8,1.6503772947993842e-7
550,499298.4840900183,3.958759918987198e-6,2.084613643160632e-7,1.65037722315275e-7
551,499286.8071152201,2.809125527392098e-5,8.94615494745142e-6,1.6503724937871568e-7
552,499297.40786293184,2.459201425608626e-6,7.071860003740608e-6,1.6503726467802235e-7
553,499306.14132314484,2.619699233719075e-5,1.917490756136495e-5,1.6503693352094762e-7
554,499301.66623331356,3.0030088851162873e-6,3.249858619402657e-6,1.6503759918938397e-7
555,499301.97630376165,6.20302034803899e-6,4.617439952701285e-9,1.6503772961168553e-7
556,499301.5968557432,1.0857235963612766e-5,4.222347886417804e-8,1.6503772902353443e-7
557,499294.65912913036,2.357010032483231e-5,6.556486423002128e-6,1.6503746617562296e-7
558,499297.7221319446,5.290379419875535e-6,8.165319219798583e-7,1.6503771018364485e-7
559,499297.5493203776,1.0874207987399132e-6,3.1339743661112374e-8,1.6503772949596058e-7
560,499297.4396572694,1.0214548069598095e-6,1.0809957543773637e-8,1.6503773056050875e-7
561,499300.2105564015,4.210743384192028e-6,1.0800872458976373e-6,1.65037688278199e-7
562,499297.9131347481,4.759087403272133e-6,4.944641829282742e-7,1.6503771818229166e-7
563,499297.93679679447,5.582023163697158e-7,5.6840461858984135e-8,1.6503772715135448e-7
564,499297.8345473766,2.7401561055739876e-6,3.279617578350624e-8,1.6503772911555392e-7
565,499293.22817324393,1.5330335997987277e-5,4.646451827004189e-6,1.6503754121407847e-7
566,499299.97414634115,7.330303941444072e-5,3.5828498070557776e-5,1.6503604962634853e-7
567,499296.0520804099,7.736732925422984e-6,1.3022312842730267e-5,1.6503711625462747e-7
568,499296.6616396854,1.1820441159215989e-6,2.018384844888165e-7,1.6503770824676658e-7
569,499299.6080148123,3.9064477164174605e-6,8.413188537493749e-7,1.650376978554643e-7
570,499298.6533396063,2.5303652364527807e-6,5.1230566078899006e-8,1.6503772778096558e-7
571,499298.1297046474,5.286535156301397e-7,1.119203428728379e-7,1.6503772617715947e-7
572,499305.6567125219,1.2391815118917293e-5,0.06757167215079529,1.6504412871719097e-7
573,499297.01966976374,2.5177066561354877e-5,1.4505599582046936e-5,1.6503716967028436e-7
574,499298.18423814507,3.744602281585685e-6,5.4286174303735966e-8,1.6503771567720477e-7
575,499292.2192482402,6.854623279650696e-6,8.989693161591696e-6,1.650373550061223e-7
576,499294.77965638496,1.927450341554504e-6,5.323092672739343e-7,1.6503771127227777e-7
577,499303.5456969447,2.599067505570929e-5,2.0003577832731236e-5,1.650369115259148e-7
578,499300.5326974893,2.7580398977988807e-6,6.089807110772473e-7,1.6503770319456612e-7
579,499299.4849181341,2.413592595507108e-7,4.946437641348869e-7,1.6503770840802866e-7
580,499299.1737336464,1.3509572909242706e-6,7.65296059407917e-8,1.6503772693488904e-7
581,499297.6358792542,1.3040086059845635e-6,5.340193006176319e-7,1.6503770904747577e-7
582,499295.92321722565,2.496464753676264e-5,1.2607424161853515e-6,1.6503766769391833e-7
583,499296.3240740429,9.156608484772732e-7,5.2060303489886394e-8,1.6503772676251807e-7
584,499298.8117572701,7.513490857036231e-6,7.33129698960173e-7,1.650377011829255e-7
585,499297.89729233563,1.5131458894757088e-6,5.676339074692186e-8,1.650377286228906e-7
586,499287.5664669513,1.579582146860048e-5,2.714133556798502e-5,1.650366057148302e-7
587,499293.45975492854,6.048036823358416e-6,4.860402355711916e-6,1.6503751821497267e-7
588,499294.3047507616,1.3352843666325498e-6,9.346808279915999e-7,1.6503767491379977e-7
589,499292.43045226106,1.0739379547430872e-5,3.3784439071935115e-7,1.6503772172318105e-7
590,499295.1198587924,1.759049382599187e-6,7.683476010431156e-7,1.6503770984047464e-7
591,499292.2724672832,2.017002663023959e-5,1.1556419676003218e-6,1.6503768595462344e-7
592,499298.72625746013,5.397844972776511e-6,6.3385177894467595e-6,1.6503748470045163e-7
593,499299.02191084245,4.783052816037525e-6,2.600189027259803e-7,1.6503771333368277e-7
594,499299.47322967893,5.747995828642161e-6,7.133447859522946e-7,1.6503766649728339e-7
595,499298.69958606805,1.8148431308873114e-6,1.9882984664746617e-7,1.65037721713602e-7
596,499297.98590811994,5.224588335295266e-7,1.1814862672679559e-7,1.6503772611781644e-7
597,499299.1038866904,3.4911132615889073e-6,2.3112739331591208e-7,1.6503772165753722e-7
598,499298.1353202677,2.2273594026955834e-6,2.0245586644001383e-7,1.6503772266178183e-7
599,499300.71698766784,7.193872988864314e-6,1.733538686334597e-6,1.6503765867057801e-7
600,499298.63017639733,2.275949668728572e-6,7.844249829674355e-7,1.6503769920004082e-7
601,499298.5078796806,2.930775679033104e-6,5.204254335264713e-9,1.650377306730764e-7
602,499298.1108153522,2.247357472895395e-7,8.5514742476365e-8,1.6503772706759912e-7
603,499299.33832952345,2.393242141351948e-6,1.4607744354320536e-7,1.6503772705478716e-7
604,499299.5543200965,4.20332145267821e-6,2.836378054708623e-7,1.6503771444043108e-7
605,499296.41575383494,3.633216579146392e-6,1.9031099489254213e-6,1.6503765309756312e-7
606,499297.2450796109,2.273001427965937e-6,4.07270411522586e-8,1.6503772755556614e-7
607,499297.40932284633,4.743516342387011e-6,6.374440383763665e-9,1.650377306051858e-7
608,499275.19889968354,2.8188112878524407e-5,8.141093549781735e-5,1.6503447902903148e-7
609,499297.2066401031,3.995417097257814e-5,4.940156612854506e-5,1.6503595344523123e-7
610,499296.394559057,3.3633747875683184e-6,2.263808120311499e-6,1.650375450297278e-7
611,499296.6969909972,4.416962156028603e-7,1.0414041599146027e-7,1.650377246045702e-7
612,499297.51944365894,7.04706872056704e-6,1.8030701882627525e-7,1.6503772323082333e-7
613,499297.3303514735,3.0844622074255312e-6,9.122702797287231e-9,1.650377299756071e-7
614,499297.1270319415,4.35375000051863e-7,1.3110375344451057e-8,1.6503773047447972e-7
615,499297.786807657,2.888376684495597e-6,8.54966230094824e-8,1.6503772760188733e-7
616,499300.1312050278,7.938029170873051e-6,8.27777518396226e-7,1.6503769766699836e-7
617,499298.7950720941,6.253509468479024e-6,1.1509692514753687e-7,1.6503772563040354e-7
618,499296.6537131722,4.950526147240453e-6,1.0797684078809046e-6,1.6503768526482278e-7
619,499298.0271154949,2.6005554332186875e-6,1.8543563540265997e-7,1.6503772621185222e-7
620,499297.5006422809,4.098593421986152e-6,1.810198211366605e-8,1.6503773001495032e-7
621,499295.48180351476,5.599006556167296e-6,6.252239461295884e-7,1.6503770612700348e-7
622,499297.4315755795,2.0249385102033557e-6,3.035318497081715e-7,1.650377195366814e-7
623,499296.33509455103,3.919566267995833e-6,1.0979943215078594e-7,1.6503772623460791e-7
624,499296.4762877318,1.6756761169745005e-6,3.81276823508477e-8,1.6503773066235036e-7
625,499296.78281004785,1.2564984217533492e-6,1.7109599263712956e-7,1.6503772169198078e-7
626,499302.87308698,7.84495546213293e-6,8.086085992245017e-6,1.6503740220489195e-7
627,499300.1786770995,2.7094858978671255e-7,7.674703595110833e-7,1.6503769737171386e-7
628,499299.7155136654,2.530682763790537e-6,1.3790092648344044e-7,1.6503772451055165e-7
629,499298.4711169475,1.0696228059714485e-5,6.898247661520909e-7,1.6503769920184948e-7
630,499301.5360127224,1.1849525492380053e-5,5.455382722510409e-6,1.650374783047126e-7
631,499301.0289826006,4.801790566943964e-6,6.651747912912473e-7,1.650376960110927e-7
632,499299.503650954,9.87157534382277e-7,5.403046246924556e-7,1.6503770856319554e-7
633,499297.6724113958,2.8867782475572312e-6,9.199777160293371e-7,1.6503769169031985e-7
634,499297.9314210503,2.5114522941294126e-6,2.30198749931033e-8,1.6503772723184852e-7
635,499297.63871642854,2.1686885329219585e-7,5.6771331338249434e-9,1.6503773067195235e-7
636,499279.2904522921,3.463716569740427e-5,6.195114914960885e-5,1.650352406360153e-7
637,499289.0704930265,4.55568318803376e-7,8.632275457065858e-6,1.650373993310997e-7
638,499292.2296993884,3.177200924783796e-7,3.4042483378231575e-6,1.6503758765551934e-7
639,499292.5299854489,7.228731590203097e-6,2.1159065322010436e-7,1.650377163958719e-7
640,499295.11083235114,2.4004159513424383e-6,1.617575523207861e-6,1.650376660436189e-7
641,499295.88428842777,2.0710456283268286e-7,3.1647832833099624e-7,1.6503771626287795e-7
642,499296.1125466836,6.211450909177074e-7,6.070716877330062e-8,1.6503772762009296e-7
643,499295.6177985203,9.444738964248245e-6,1.9485494429913754e-8,1.6503772865747356e-7
644,499297.10451009363,3.2200072155319504e-6,2.3820117531602932e-7,1.6503772556639548e-7
645,499295.35949303146,1.0163400759211072e-5,8.922801488782465e-7,1.6503769328120228e-7
646,499296.17046287877,4.142534010043164e-6,5.702320272838332e-7,1.6503770423925595e-7
647,499042.07858979213,0.0006895616397438048,0.6970740087861182,1.6449934283875957e-7
648,499178.5091677306,5.433689228210702e-5,0.0023927284579046905,7.414742180328169e-7
649,499206.01917481376,4.1713471389086265e-5,0.09987340767011003,1.6500217433439504e-7
650,499234.521678848,3.3302362257139895e-5,0.00043961539300877377,1.6502409551245375e-7
651,499266.3364547524,6.171552355736104e-5,0.0006045088060079236,1.6501367978169235e-7
652,499281.2434526821,4.0873169950828014e-6,2.9172801995665334e-5,1.6503673052500116e-7
653,499287.035223017,1.2829458455598797e-6,1.0426031547123549e-5,1.6503729858870406e-7
654,499290.74957137497,9.73985800101218e-6,7.561266136605267e-6,1.6503739667554192e-7
655,499294.3280191442,1.3339135875867214e-6,2.175656132116215e-6,1.650376429954699e-7
656,499295.6570789582,3.3093397746597475e-6,1.3165578761041547e-6,1.650376705466203e-7
657,499298.4179192966,6.814401217525301e-6,1.250762887058622e-6,1.650376795301959e-7
658,499296.4377475062,3.2253831818707113e-6,3.5998627982820747e-7,1.650377223171713e-7
659,499298.0735820711,3.259535390043311e-6,2.8462222832183287e-7,1.6503772152258287e-7
660,499297.6815628081,8.218843845497759e-7,1.142468436690315e-8,1.650377306955677e-7
661,499294.08159228147,5.924684387537127e-6,1.5838475523119043e-6,1.6503766810065662e-7
662,499297.4694373739,8.674594369040278e-6,2.071319060445318e-6,1.650376484777592e-7
663,499297.73940723715,1.2174108064755274e-5,2.984332531642984e-7,1.650377148917595e-7
664,499298.11913937796,5.684647135240084e-7,1.7576337217131504e-7,1.650377188502154e-7
665,499298.39139433514,4.097232704225462e-6,1.1582661608268434e-8,1.650377291147947e-7
666,499296.06726644404,1.726227372955691e-5,4.808010023343946e-7,1.6503771961897468e-7
667,499298.5083781462,2.343311791719316e-6,4.7578776850983157e-7,1.650377146706505e-7
668,499297.366333501,1.258777331258898e-6,1.2620156169980737e-7,1.650377279910529e-7
669,499297.27873352217,2.719217434332677e-6,8.001364050727152e-9,1.650377306387731e-7
670,499298.2602000247,4.161666254276497e-6,8.2561471064359e-8,1.6503772765031319e-7
671,499297.46189665043,8.135918392326857e-7,4.6736854845990994e-8,1.6503772823614296e-7
672,499297.3636461207,1.0790442956931656e-6,1.5222433283298545e-8,1.6503773015971717e-7
673,499299.1240021267,6.56443467050849e-6,5.451278991065952e-7,1.6503770930463463e-7
674,499293.27429463284,1.5577464921534556e-5,5.294361038306175e-6,1.65037518866637e-7
675,499300.9871973052,8.073302865341248e-6,8.518209448775522e-6,1.6503739100070684e-7
676,499298.6845508721,2.2292501284937316e-6,3.798396824251373e-7,1.6503771357601604e-7
677,499297.9620208895,1.0822210469996207e-6,1.198952691316023e-7,1.6503772605091527e-7
678,499299.45179965516,4.067742906954663e-6,3.2280103805748925e-7,1.6503771819748034e-7
679,499294.5689037601,9.934698084634874e-6,5.40509012422085e-6,1.650375071912808e-7
680,499277.1860928715,6.124177673427766e-5,4.244420993147896e-5,1.6503607475328686e-7
681,499286.6146413308,3.418167466406885e-6,7.252087154655823e-6,1.6503752657956228e-7
682,499291.8659306343,4.412320265601011e-6,9.077414681558629e-6,1.650373609244489e-7
683,499297.7607032271,6.92356314857534e-6,8.983218477596976e-6,1.6503736856392217e-7
684,499298.2087980557,4.2889544715762895e-6,7.966743632529886e-7,1.6503766856657379e-7
685,499298.30846744624,7.954770637752517e-6,1.1139527503089083e-7,1.6503772160559374e-7
686,499301.1501544643,7.4979612918468774e-6,1.3494142437926664e-6,1.6503767697706382e-7
687,499295.9641790923,5.3561347499453404e-6,4.108202041409248e-6,1.6503756527684974e-7
688,499300.3016276288,9.508394271051657e-6,2.0057288890583637e-6,1.6503766898144936e-7
689,499294.60188070766,1.4649562103841163e-5,4.326929463482664e-6,1.650375587887025e-7
690,499296.6175775015,7.692052577112918e-7,3.553706390043725e-7,1.6503772073795563e-7
691,499295.60662726185,3.6839406334365776e-6,9.124297187299934e-8,1.6503772796067672e-7
692,499294.4083150287,5.593349669652525e-6,5.073222144049316e-7,1.6503770932929526e-7
693,499296.34112887783,1.4166067217047384e-6,4.1881581279817057e-7,1.6503771341584166e-7
694,499293.98602321005,6.867402873922401e-6,5.312700878335163e-7,1.6503771454027006e-7
695,499296.4561564977,3.822905227934825e-6,8.382423774800074e-7,1.6503769803219531e-7
696,499296.7063870809,8.150856842803478e-7,1.7823581540477486e-8,1.6503773005946044e-7
697,499302.77099624276,1.5914079085632693e-5,1.3312134035787204e-5,1.6503715389722428e-7
698,499301.13350469584,5.326635346136754e-7,1.1145113545456215e-6,1.6503768280402867e-7
699,499302.0665916136,4.215661192574771e-6,6.702281828098092e-8,1.6503772797526615e-7
700,499301.4499590681,2.344557742617326e-6,1.6634342950957843e-7,1.6503772328471432e-7
701,499299.85047957883,9.831888576172787e-6,2.7672110183496413e-7,1.6503772264675327e-7
702,499304.1178971233,1.089584435476354e-5,1.7456819242564436e-6,1.6503766242147604e-7
703,499299.53479371825,4.454721306501597e-6,1.977764038815845e-6,1.6503765849412448e-7
704,499297.4024429778,2.809219438404398e-6,1.0179689733756716e-6,1.650376887853391e-7
705,499297.9455097459,6.661866791546345e-7,4.1652967178531565e-8,1.6503772468585402e-7
706,499294.75498627796,4.520718960066006e-6,1.2745386999726974e-6,1.6503768047001064e-7
707,499297.6190315068,6.291762304044823e-6,8.327240955012639e-7,1.6503770505010974e-7
708,499297.9017827724,2.0991120663893525e-6,1.0376543806344222e-7,1.6503772503059934e-7
709,499297.6491409024,1.5982846548467933e-6,1.8797168245163185e-8,1.6503773016023547e-7
710,499298.5707388825,8.476288030578871e-6,5.66319906294274e-7,1.6503770476794983e-7
711,499297.03458663326,6.745737152868969e-6,6.04652812574854e-7,1.6503770576474075e-7
712,499290.33532779315,4.4432437789510004e-5,5.334370410384654e-6,1.650375759129618e-7
713,499294.5234629207,4.5476787704501476e-6,1.5363883446013416e-6,1.6503768210859313e-7
714,499295.88338857837,2.4448448243674648e-6,1.7219226853262906e-7,1.6503772474373104e-7
715,499295.88895324175,6.883672597268742e-6,4.153150132384753e-8,1.6503772717519996e-7
716,499296.01416279864,1.996878495447163e-6,2.2508190450073643e-8,1.6503773069940527e-7
717,499296.6380972723,1.5915356925688684e-6,1.2205988579803948e-7,1.6503772588762132e-7
718,499296.8017335908,9.61345733685448e-7,1.2648464145196622e-8,1.650377308325123e-7
719,499297.98335003277,2.3389859507005895e-6,3.542506014217513e-7,1.6503771648954394e-7
720,499290.76756036,4.663429609763625e-5,6.068754494052119e-5,1.650323050222333e-7
721,499303.3868180376,3.0807453740497315e-6,1.6096268794025544e-5,1.6503498527485623e-7
722,499301.313437433,1.642316419747658e-6,3.216093244331049e-6,1.6503759259529907e-7
723,499307.52704252175,1.3548120250561624e-5,7.93498027251481e-6,1.6503740182014232e-7
724,499302.7575317173,3.170239892824611e-7,2.9618760699332244e-6,1.6503760808426358e-7
725,499300.195191364,2.8752006073773373e-6,1.8568002196172812e-6,1.6503765174710522e-7
726,499299.505273346,1.6396652995354088e-6,2.7714083173252643e-7,1.6503771559405276e-7
727,499298.8009924961,3.330311528770835e-7,2.6379210987582744e-7,1.6503771844954946e-7
728,499300.04571126576,1.3029314686718863e-5,5.924577884104624e-6,1.6503726274956216e-7
729,499296.53827858734,3.168280500176479e-7,7.606932426792166e-7,1.650375817907657e-7
730,499297.0833186955,2.1008449380133243e-6,2.9857761152886713e-7,1.650377134969078e-7
731,499296.72263017925,3.212467447610834e-6,1.8455095826261955e-7,1.6503772120323745e-7
732,499297.2849631031,2.467703097863705e-6,4.944439048676195e-8,1.6503772876785992e-7
733,499295.97125136026,2.9794407510053134e-6,1.735597514595449e-7,1.6503772482904247e-7
734,499297.3437308869,3.732431764547073e-6,8.478296904908781e-7,1.650376929745538e-7
735,499302.3626173436,5.978243621029833e-6,4.171269112437657e-6,1.6503756441000493e-7
736,499299.8057661428,3.23975086757855e-7,6.585720915829871e-7,1.6503770463889965e-7
737,499299.3056871513,2.2539735482496326e-6,1.7491611684095692e-7,1.6503772138318997e-7
738,499298.71592305927,1.9699377844517585e-6,2.0228197435744038e-7,1.650377181350431e-7
739,499298.56245838496,2.7006004188478983e-6,2.579938045470688e-8,1.6503772401439922e-7
740,499299.31399404636,6.469120592100808e-6,3.579277957638144e-8,1.6503772766238118e-7
741,499296.2936678441,2.814614498447554e-5,1.2036907499363227e-6,1.6503765293315468e-7
742,499297.2440747695,1.7886301861835818e-6,7.635644702020563e-8,1.6503770675961533e-7
743,499297.5379799967,2.8538838705571834e-6,7.0299775001685085e-9,1.650377302849986e-7
744,499296.8002749878,1.2501311573487328e-5,1.1322669472681455e-7,1.6503772619996358e-7
745,499297.4348967678,3.7326988717722998e-6,9.434893717269975e-8,1.6503772707006674e-7
746,499298.3893450621,1.860887493876362e-6,1.1395736633325076e-7,1.6503772640146732e-7
747,499292.3618126091,6.578593513495434e-6,7.0175316755641485e-6,1.650374467055634e-7
748,499298.33356084564,6.1156518427196715e-6,4.242273451140925e-6,1.6503755899936098e-7
749,499298.0500867193,4.7752673140166735e-6,2.639675626855888e-7,1.6503770935219413e-7
750,499297.6486121261,1.974101905943826e-6,2.239602047304268e-8,1.650377267270993e-7
751,499296.3365707426,7.580015335406642e-6,1.447728773785883e-7,1.6503772681418044e-7
752,499298.03873101826,3.872461036280583e-6,1.36351054433959e-7,1.650377119913849e-7
753,499296.51871397573,2.4857174594217213e-6,2.7807280970378144e-7,1.6503771889701078e-7
754,499296.52416244365,3.0219092082006682e-6,5.0075692228127915e-8,1.6503772796521476e-7
755,499297.2389608921,2.7289934223517776e-6,2.4784494028872214e-8,1.6503772792873834e-7
756,499296.9086886784,2.5849147959888796e-6,9.218879226740062e-9,1.6503773079486395e-7
757,499298.2670580548,1.7072826494768378e-6,4.632471229640059e-7,1.6503771191800585e-7
758,499296.8799165552,5.370970598050917e-6,2.9187779547037083e-7,1.6503771801824878e-7
759,499294.59962250537,8.025221859497833e-6,1.4536662904053538e-6,1.650376690868022e-7
760,499296.01936125825,3.3455725656494906e-6,2.6204828579184464e-7,1.6503772020918015e-7
761,499298.0482106274,6.486636436875415e-6,4.965931567182026e-7,1.6503771668122183e-7
762,499297.18232617853,1.4134869275039819e-6,4.486436554321075e-8,1.650377266147209e-7
763,499298.26912537287,5.029110695886629e-6,2.314685219247566e-7,1.6503772096421552e-7
764,499298.0444839997,6.657559879386099e-6,6.63250956959609e-9,1.6503772998900596e-7
765,499298.03387598053,8.125891667987162e-6,7.118367629889491e-7,1.6503768507685725e-7
766,499298.45535816223,3.3107951935562596e-6,4.272294441376147e-8,1.650377279456832e-7
767,499297.32525908615,6.908171201303048e-6,8.645048711234309e-7,1.6503769003774343e-7
768,499297.3097076785,1.047154853495158e-6,2.585067555263073e-9,1.650377308259785e-7
769,499297.68603236356,3.658138552964374e-6,1.258354107224641e-8,1.6503773070978327e-7
770,499297.1304677771,1.1125702599201759e-6,3.243855025106668e-8,1.6503773041030924e-7
771,499301.83960496937,1.0463161856932857e-5,2.5868568701696092e-6,1.650376274832541e-7
772,499299.51256544085,1.3410936503532866e-6,5.074823705065142e-7,1.650377183446047e-7
773,499299.15759953076,5.671038536547712e-6,3.143315341780889e-8,1.6503772527175912e-7
774,499292.68637259526,2.793057717553893e-5,1.3360761246592285e-5,1.650371528758905e-7
775,499294.8568198264,9.455234817323799e-6,3.763590699535688e-7,1.650377115238252e-7
776,499294.4561138111,7.435507427544508e-6,1.5378101814524966e-7,1.6503771674093625e-7
777,499096.5835872701,0.0005500727500589164,0.006134205744011553,1.6479656162427388e-7
778,499201.39712368825,3.518437619453446e-5,0.0009080172716879813,1.650073603111339e-7
779,499246.36537830177,5.537648674064366e-5,0.0006214343961838426,1.6501526515918233e-7
780,499261.4735453762,1.4219072222494689e-5,0.00013576586621059095,1.6503216331808432e-7
781,499275.3166607031,7.050860994346764e-6,7.248970374665102e-5,1.6503482869708226e-7
782,499285.2140800424,2.6886519776780915e-5,1.3786388408235797,1.6514990978907925e-7
783,499293.96069518564,2.3585433268635825e-5,0.7641196697323086,1.6520641822887692e-7
784,499314.9716849376,2.458051077190715e-5,0.27509324741279056,1.6510508921194742e-7
785,499322.7419993338,3.881701896718548e-6,4.802992425625405e-5,1.650406607121731e-7
786,499312.82039597555,3.341613933116605e-6,3.277480347414854e-5,1.6503588682988805e-7
787,499307.2404341573,1.1934237231850386e-6,1.231287937009608e-5,1.6503717077415651e-7
788,499306.8873333775,8.267844293641247e-6,1.0937549664767948e-6,1.6503764896977018e-7
789,499273.68152151315,0.00010135680867051633,0.0003114830133970105,1.650240154240782e-7
790,499307.8196433197,3.40674027370369e-5,0.0001689555099507104,1.6503093941720005e-7
791,499310.50099818956,2.0445957943593385e-5,2.3498578680920766e-5,1.6503626000078402e-7
792,499303.6775143663,6.012823121182009e-6,4.384036452566198e-6,1.6503759118880467e-7
793,499301.12363184,2.2694484300700424e-6,1.4566241570236456e-6,1.6503766948124395e-7
794,499299.8266099724,3.4205771726192324e-7,8.372094096861254e-7,1.6503769181181376e-7
795,499291.7477803783,1.4262843990309193e-5,1.4159701678525125e-5,1.650371463049171e-7
796,499294.8148232909,3.5451787994134065e-6,1.0296862130183473e-6,1.6503768600341995e-7
797,499297.42790386075,7.720270730260381e-6,5.584615558013588e-7,1.6503771283504972e-7
798,499297.2334890298,2.329013454982487e-6,4.0389704094799453e-7,1.6503769848020912e-7
799,499296.83494327916,2.9873825724280323e-6,2.4098956921757324e-7,1.6503771862102696e-7
800,499296.8996785923,2.6380132567283e-7,8.096989717694678e-8,1.6503772627777396e-7
801,499300.91542343854,1.4431969361794472e-5,0.2733646887704632,1.6507388593518189e-7
802,499311.6688662825,5.515551985191269e-6,4.75367013826045e-5,1.650393661162922e-7
803,499306.91451858357,9.89699889090978e-7,9.971228828118265e-6,1.6503721180911543e-7
804,499303.36188359366,2.3341756332229124e-6,4.527100157091295e-6,1.6503752492373937e-7
805,499312.70852594916,3.705336837356299e-5,0.5666303620173517,1.6508673745893743e-7
806,499328.80493331875,1.4850445369828102e-5,0.00010548811841232997,1.6503869362693223e-7
807,499316.47384591086,3.64487584647577e-5,5.69045999461326e-5,1.6503468335040486e-7
808,499307.465036397,3.7111171309334168e-6,2.4671225784171736e-5,1.6503664382705372e-7
809,499303.95053896424,4.993121535790124e-6,2.486331661967349e-6,1.650376288542863e-7
810,499302.1406590835,1.7734777770783694e-6,2.6147168905093266e-6,1.6503759457258036e-7
811,499300.33669158164,4.048262098876876e-7,1.0868361375322226e-6,1.650376828989466e-7
812,499300.1012550565,2.9535971179939224e-6,1.5067950835927478e-7,1.6503771935478686e-7
813,499305.895273912,2.2065635050694254e-5,3.6892560654593686e-6,1.6503764574349268e-7
814,499300.5419032716,4.412692589994549e-6,2.6736272042530347e-6,1.6503767123026416e-7
815,499299.04850343626,1.2066548720213177e-6,8.156266310751522e-7,1.650376948254106e-7
816,499298.40855612507,2.8796461037927656e-6,6.356136536775452e-8,1.6503772869898248e-7
817,499298.02058596956,2.0781172338502074e-6,2.569346180945773e-7,1.6503771741944463e-7
818,499297.9890393449,2.219315206275496e-6,5.393540401218888e-9,1.6503773040190363e-7
819,499298.7716564283,2.5755617798495223e-6,1.0413925964853921e-7,1.6503772672417048e-7
820,499299.5672390219,3.6065408721697167e-6,1.5373821744747267e-7,1.6503772420784963e-7
821,499298.55865946563,1.6443544836874935e-6,1.7269162157386577e-7,1.6503772374109313e-7
822,499298.1317120815,4.056852219491702e-6,4.7871311071406316e-8,1.6503772660626644e-7
823,499297.67046094686,2.9882401122449664e-6,4.2841182710699224e-7,1.650377009209175e-7
824,499297.07046032127,3.2383909456257243e-6,3.880446583177214e-8,1.6503772977817274e-7
825,499305.8608358507,1.9085346423253213e-5,1.107686542346239e-5,1.650372923522795e-7
826,499303.3648306278,9.159632725186384e-6,3.2496484397741494e-7,1.6503770663778195e-7
827,499312.62984006497,2.9619804649883008e-5,9.763676002016074e-6,1.65037336098777e-7
828,499304.79102517525,2.6152168288717803e-6,5.8200713762647e-6,1.6503754563267825e-7
829,499301.91614207224,2.7345018618896155e-7,2.232724401843625e-6,1.6503763329546385e-7
830,499300.144477212,2.413713730220479e-6,1.105475747200396e-6,1.650376818534969e-7
831,499298.8798183737,1.5832611666155572e-6,5.617362644337725e-7,1.6503770506565372e-7
832,499298.717071119,1.332103806817031e-6,1.1928422864332315e-8,1.6503773050065502e-7
833,499299.29309752095,1.8859907982005097e-6,3.621258326301694e-8,1.650377294456703e-7
834,499298.62509555713,5.704534373762726e-7,1.5252188893823585e-7,1.6503772402106045e-7
835,499298.0657438703,4.0695294956094585e-7,7.998951281142172e-8,1.6503772744881403e-7
836,499298.15691886545,2.2756552766622917e-6,8.283770264903105e-10,1.6503773076362373e-7
837,499297.86355366535,7.861914923523727e-7,3.0416617480057234e-8,1.6503772952849297e-7
838,499302.548921929,1.1211240348529827e-5,7.002872799712923e-6,1.6503743148769417e-7
839,499300.9232886224,3.978912275215407e-6,4.429729443699179e-7,1.650377130682218e-7
840,499299.3830471632,5.957420512459066e-7,8.242193268128589e-7,1.6503769473436115e-7
841,499296.76407637284,3.547415701632417e-6,2.0145084574348917e-6,1.6503764479338893e-7
842,499297.96941597085,1.774915403984778e-6,5.9462410401990096e-8,1.6503771607590448e-7
843,499297.35390886996,3.883711428898096e-6,4.408906303134634e-8,1.6503772546617708e-7
844,499297.7440849488,3.015240508830175e-6,5.6962322469019356e-8,1.6503772837067585e-7
845,499297.7760165169,4.770164878209471e-6,1.4571573689492038e-8,1.6503773003582965e-7
846,499297.60589881695,4.5435746187649784e-7,5.274193654998756e-9,1.650377306442922e-7
847,499297.49143619987,7.209094405880023e-7,7.759194407511944e-9,1.6503773050816378e-7
848,499297.56184905226,2.1749307279606e-6,2.2205945912550303e-9,1.6503773024835538e-7
849,499305.7570590771,1.975020768441027e-5,0.07761459399078226,1.6504708858184994e-7
850,499305.35197559313,4.067068516633299e-6,3.0549910711486508e-6,1.6503780979850536e-7
851,499302.2875606789,2.7249938057138934e-6,3.850041476430629e-6,1.6503754808146009e-7
852,499300.9143410893,1.9655536789287e-6,1.2042864468884768e-6,1.650376681656205e-7
853,499299.4821136425,1.3450226106215268e-6,4.865407374349707e-7,1.6503771069194135e-7
854,499299.0392952117,1.626791799935745e-6,1.0345422559727516e-7,1.6503772558592176e-7
855,499298.29811250936,1.5601156576394715e-5,6.262257888305262e-8,1.6503772901199933e-7
856,499299.17979167384,2.39628081999399e-6,9.363266526843478e-8,1.650377154591875e-7
857,499298.04165704,2.3557238364446675e-6,1.1031946473674204e-7,1.650377272551533e-7
858,499292.32925160835,3.374926194510408e-5,1.9340363299252924e-6,1.65037577239198e-7
859,499297.3438204888,2.1248916368676873e-6,1.4749844566127275e-6,1.6503759768079192e-7
860,499297.61150435987,5.976860961709463e-7,4.4932914574616195e-9,1.6503772976186052e-7
861,499299.0370716207,5.668547828463488e-6,3.3522955973023833e-7,1.6503771754759458e-7
862,499299.16900907125,1.7510283214505762e-6,3.289053962137999e-9,1.6503773037535037e-7
863,499297.8742235664,2.4451425701954577e-6,1.5541853799794167e-7,1.650377242085023e-7
864,499298.3794225246,1.9123469314763497e-6,1.792604838570303e-8,1.6503772993514676e-7
865,499296.4091419386,2.3803758608664793e-6,4.0486860324074324e-7,1.650377134493482e-7
866,499302.15081678564,2.0867322689355206e-5,6.0827411138504894e-6,1.6503748767201563e-7
867,499299.57557634346,2.9683608318009647e-6,8.044046509865665e-7,1.6503769785340026e-7
868,499293.04411584884,7.70526895621515e-6,7.223844481491889e-6,1.6503743862797212e-7
869,499297.8580246775,2.4853691229509423e-6,2.1005535011019138e-6,1.6503765947922544e-7
870,499295.32434988616,2.1751029635197483e-6,6.022080511678822e-7,1.650377046671442e-7
871,499297.145827293,3.3030821100510366e-6,2.5565795719102245e-7,1.6503772152220292e-7
872,499296.3413782524,1.1012152754119597e-6,3.0162483675536364e-8,1.6503772498603074e-7
873,499298.7011108239,1.6375892755604582e-5,5.084776656006137e-6,1.650374827365014e-7
874,499299.8445390584,4.626054987966199e-6,1.4410893720871796e-7,1.6503771020384748e-7
875,499299.5962769581,3.791428980548517e-6,1.135696427521047e-8,1.650377301803711e-7
876,499297.48957759235,1.922035721690918e-6,1.25700226202672e-6,1.6503767694764838e-7
877,499297.72246414406,1.5632054441994114e-6,1.3731317611771681e-8,1.650377271232955e-7
878,499297.9165784471,3.532635162173392e-6,5.837453143079962e-9,1.6503773004976983e-7
879,499298.9909841313,1.331551936800679e-5,2.222276767071602e-7,1.6503769771734141e-7
880,499298.06883687485,6.217571922206844e-6,8.824777032030574e-7,1.6503765295850458e-7
881,499298.5133514182,6.8708948788298585e-6,7.003997961819294e-7,1.650376944434972e-7
882,499299.81241478317,6.348407453060645e-6,1.5423293666965433e-7,1.650377110647068e-7
883,499298.16000122105,2.0741711068694713e-6,3.0764876501657823e-7,1.6503772190902477e-7
884,499297.7469904338,3.535673158694408e-6,2.9269609535160056e-8,1.6503772747500121e-7
885,499298.16659380693,2.0575610051309923e-6,5.629118634980917e-8,1.6503772383991993e-7
886,499298.02675520105,7.558051891010109e-6,3.616488786866311e-7,1.6503770915249492e-7
887,499278.8324078793,1.2595690805028426e-5,5.626498249326786e-5,1.6503548602198885e-7
888,499290.8873376666,8.231469678321446e-6,1.5903994249303097e-5,1.6503706290948208e-7
889,499293.5931304161,3.193428312897595e-6,2.9586227269856084e-6,1.6503759870331326e-7
890,499298.5163678897,9.254487451926252e-6,2.9636676490914427e-6,1.6503761676035216e-7
891,499298.5897627901,1.7389829736202955e-6,5.136003514051288e-7,1.6503769397358382e-7
892,499297.9328030788,6.91191644364153e-7,5.418740396447212e-8,1.6503772842167126e-7
893,499297.8523788728,2.1579426743301156e-6,4.39026237998565e-9,1.6503773029849004e-7
894,499297.812201514,2.319163741049124e-7,8.812695316615324e-9,1.6503773007402798e-7
895,499294.565544451,8.846518937843939e-6,1.6361430076331475e-6,1.6503766286242805e-7
896,499299.9788059981,2.910703705083506e-5,0.11957880457382675,1.6505057114266395e-7
897,499306.07857048645,4.387624699120352e-6,7.117972728060328e-6,1.650379129166577e-7
898,499304.37131072284,4.476490801152977e-6,4.919366522114254e-6,1.6503744589713465e-7
899,499302.6854473161,8.687271133567265e-6,1.158717131975617e-6,1.6503767897673195e-7
900,499300.64550992864,1.390415775404108e-6,1.5076847242183776e-6,1.6503765752646295e-7
901,499301.018003835,3.494984628105158e-5,1.2281157224194557e-5,1.6503684682116585e-7
902,499296.708657939,1.0544551969360327e-6,1.1870650803974662e-6,1.6503753765162495e-7
903,499296.9079954597,2.2692381662636762e-7,5.7430109308319626e-8,1.6503772722231638e-7
904,499299.2878672313,7.863020414333732e-6,1.5354682947834813e-6,1.650376671668701e-7
905,499300.4307598008,5.65490262260937e-6,3.1405490047559425e-7,1.6503771606960544e-7
906,499297.19576844794,4.624057226010336e-6,1.3887064883684462e-6,1.6503767459611233e-7
907,499298.4599953446,4.459681406387972e-6,1.4935872850013322e-7,1.6503772627741402e-7
908,499299.3076259405,8.356367857231817e-6,2.2460276538809206e-7,1.650377207032629e-7
909,499300.6023310147,4.037225039610348e-6,1.2989634621307667e-7,1.650377259765258e-7
910,499297.84404107364,3.823686256509973e-6,9.599024209628768e-7,1.650376906959825e-7
911,499302.45857808075,1.076373888508897e-5,2.186908740585437e-6,1.650376717359146e-7
912,499299.00025970687,1.4396883898371016e-6,1.085277297071336e-6,1.650377041721962e-7
913,499302.87932745554,8.493560187616822e-6,2.38085609274802e-6,1.6503763529752053e-7
914,499300.56411297235,2.8815783252866822e-6,7.336004229829521e-7,1.6503770064614984e-7
915,499297.9965415949,1.9996754588191834e-5,2.493034456814357e-6,1.6503761731777178e-7
916,499296.4803132305,2.150553711999237e-6,2.7053411021030775e-7,1.650377225803783e-7
917,499296.865199249,1.8476139871381747e-6,1.7167316604597313e-8,1.6503773041751003e-7
918,499297.5103070648,4.890939976576192e-6,1.1051039475887683e-7,1.6503772617448038e-7
919,499296.64243391965,1.4257581710808154e-6,1.24116046485728e-7,1.6503772547837923e-7
920,499297.9396948769,9.728952932164248e-7,2.0246103867553435e-7,1.6503772186373794e-7
921,499293.3636665872,2.0851711212799273e-5,8.175211220420947e-6,1.6503737285137155e-7
922,499296.574157873,4.2861623796852655e-6,4.939709972634339e-6,1.650375097002863e-7
923,499297.543784582,3.1916148373056785e-6,1.8749853284414486e-7,1.6503772290739386e-7
924,499297.14540509845,8.316040975842043e-7,1.0726137187932027e-8,1.6503773012506894e-7
925,499299.173301446,7.510815635214385e-6,1.7652644732635564e-7,1.6503768415752578e-7
926,499297.00034089887,1.4828660482635314e-5,2.426203600036273e-7,1.6503766779888437e-7
927,499296.2859695897,3.9647715084356605e-6,5.08721138089582e-7,1.6503770600955608e-7
928,499292.5329185249,2.965476767258224e-5,2.2580692569777546e-6,1.6503764123800453e-7
929,499295.6110280317,2.239130020598168e-5,1.159277565360618e-6,1.6503767560786458e-7
930,499292.9336498277,7.5437996542859764e-6,1.0970175790218598e-6,1.6503767190991183e-7
931,499296.12695937307,2.62548036289445e-6,1.4339124851090204e-6,1.6503767467898863e-7
932,499311.34306465817,4.893301883157619e-5,0.13857986768092603,1.6504935971164076e-7
933,499309.2820385153,7.001320170729741e-6,7.2476429518875486e-6,1.6503763173262734e-7
934,499302.96239087987,2.792718055388832e-5,4.5271228328460144e-5,1.6503516222255492e-7
935,499297.04748407524,9.582433222021791e-6,2.676358259244229e-6,1.6503763034422033e-7
936,499297.39342777536,2.1158830350032076e-6,2.0504574796667002e-8,1.6503772873339664e-7
937,499297.29095288157,4.355557564394985e-6,7.392732963603318e-8,1.650377262652164e-7
938,499298.9614491412,1.0044326188562991e-5,8.725104392195411e-7,1.6503769271453147e-7
939,499298.4599051232,1.4528110341416323e-6,5.988469002456612e-8,1.650377278334793e-7
940,499297.7715794466,1.4857478163321503e-6,1.4481638299550332e-7,1.650377242628569e-7
941,499297.3770857351,5.8876260027318494e-6,2.803162401552165e-7,1.6503771459924452e-7
942,499296.75386768,2.322222826478537e-6,4.301659304346518e-8,1.6503772969353723e-7
943,499296.97318375733,4.9349019377586956e-6,1.1170986497105945e-8,1.6503772971315354e-7
944,499288.1072144814,1.1833629230295628e-5,2.3714867517088697e-5,1.6503672892423928e-7
945,499293.8219408436,3.1243303055816796e-6,6.733547465950508e-6,1.6503745762445978e-7
946,499294.43676871574,1.7496225837021484e-6,6.078031511478013e-7,1.6503769532586943e-7
947,499304.43546280335,3.333272343297722e-5,0.3235968639660243,1.6507697345230934e-7
948,499320.70811509114,1.1857851404784014e-5,6.369227879034372e-5,1.6503962930546412e-7
949,499311.7447541414,2.1492993421065587e-6,2.3456671564130332e-5,1.650365524860194e-7
950,499307.16679096187,2.3026657913760573e-6,8.442850166275507e-6,1.6503732527313725e-7
951,499300.8966665706,3.2256028816846083e-6,1.040622231207603e-5,1.6503727420155063e-7
952,499297.2799920351,3.132423051965816e-5,5.6999216579329225e-6,1.65037475324875e-7
953,499299.32346048724,3.0056529567445978e-6,2.8927195964344493e-7,1.650377029473861e-7
954,499300.41805148614,8.28704389732593e-6,6.104818535738251e-7,1.6503769958736416e-7
955,499298.8986655209,1.6516053733539593e-6,6.060917246910461e-7,1.6503770461707852e-7
956,499299.90624120424,7.132373013973847e-6,8.024426794663725e-7,1.6503769210444921e-7
957,499298.6522175021,1.7172391153508215e-6,7.608331958134907e-7,1.650376954549305e-7
958,499289.6991502456,1.4435161517667439e-5,1.417021509255613e-5,1.6503715671457204e-7
959,499294.48053948506,1.894925219403376e-6,1.6896962227821493e-6,1.6503765449909173e-7
960,499296.1175930479,3.746541267446446e-6,2.113343443620554e-6,1.650376180078229e-7
961,499296.62082879915,6.23859364168311e-7,5.1786234701781103e-8,1.6503772878269353e-7
962,499297.3219592649,1.6684415982126666e-6,3.335400311605186e-8,1.650377282040955e-7
963,499294.68864657637,7.8083706966936e-6,7.166938388662935e-7,1.6503770796063197e-7
964,499296.2680454164,1.49117573755575e-6,2.0918258552749634e-7,1.6503772352824477e-7
965,499296.50300241093,1.9061090483774024e-6,2.308465190594118e-8,1.650377292067664e-7
966,499297.58823794033,3.8805616213721805e-6,2.5244051887608176e-7,1.6503772046592137e-7
967,499297.72518627404,2.307613783614215e-6,4.03552940792497e-8,1.6503772823780857e-7
968,499288.91210968327,1.910432081331237e-5,1.6727637079148998e-5,1.6503704685093068e-7
969,499294.2712551126,3.3842594575617113e-6,3.4071962621785558e-6,1.6503758944405683e-7
970,499295.9143078043,5.149220839939517e-6,1.620997285837831e-6,1.6503765553956665e-7
971,499295.71479584055,2.791720646655449e-6,1.3723139687873601e-8,1.6503772980776714e-7
972,499298.5792336492,5.99135046286392e-6,1.1135801938067145e-6,1.6503768636820887e-7
973,499298.1388082637,3.7742456129308266e-6,1.2851975800648897e-8,1.6503772819216098e-7
974,499299.45657040743,4.291282323265477e-6,3.7349245930885714e-7,1.6503771544015932e-7
975,499300.0987063099,5.8263013897885685e-6,4.4945950188595966e-7,1.6503770315964687e-7
976,499300.7257696164,1.1372872052106686e-5,3.305585085709489e-8,1.6503772736293854e-7
977,499301.36039078695,5.292037940307637e-6,8.014418768534057e-8,1.6503772650151385e-7
978,499300.5584672974,5.33369762933944e-6,4.7622482754258913e-8,1.6503772694537682e-7
979,499293.24349827063,8.18583725958888e-6,8.040523391058869e-6,1.6503740441910857e-7
980,499295.2499617162,1.9040823531213391e-6,2.192810464801969e-7,1.6503771328919893e-7
981,499296.2810464619,2.856337914636242e-6,1.199666273796811e-7,1.6503772580382858e-7
982,499283.0103202863,3.159900427363027e-5,3.2154583600636896e-5,1.6503644388692035e-7
983,499290.3177837706,6.242699100766913e-6,4.8348698945239165e-6,1.6503756653521446e-7
984,499295.8459519888,2.0727985940993676e-5,1.064933460073011e-5,1.65037287154521e-7
985,499296.4649698874,1.781224568730977e-6,6.489840228150493e-7,1.650376823047761e-7
986,499294.17193029344,4.660402851186518e-6,6.154454809031337e-7,1.6503770727791174e-7
987,499296.5580200222,1.600201699147874e-6,5.154262712425271e-7,1.6503771751400691e-7
988,499296.6944941504,2.042943134661357e-7,1.0187974487754332e-7,1.6503772393632097e-7
989,499296.7922997508,1.4530098724208074e-6,2.490953264899878e-8,1.6503773036859565e-7
990,499294.34607965045,5.682433425135969e-6,9.121140638482751e-7,1.650376937288971e-7
991,499295.0255277669,1.4921687693458807e-5,4.6299058762396974e-8,1.6503772864503093e-7
992,499298.10309147916,1.7423535382476985e-5,1.5841096422230903e-6,1.6503766643247025e-7
993,499297.38765799534,8.480239443997561e-7,2.8323780038803908e-8,1.650377214862091e-7
994,499297.3579071332,4.1936999082281545e-6,5.358094026488394e-9,1.6503773001378623e-7
995,499297.8041222301,8.666960411574109e-7,2.0148740498444122e-8,1.6503772937223707e-7
996,499299.42185116396,8.364763175450207e-6,7.800708999963942e-7,1.6503769731372767e-7
997,499298.6168587627,7.595835484153213e-6,3.8367258256557384e-8,1.6503772796269904e-7
998,499298.3589496208,2.2710003291792624e-7,1.2383786114351507e-7,1.650377230780379e-7
999,499298.0165621097,7.987995331859565e-7,5.239217000795935e-8,1.6503772766551227e-7
1000,499295.1936156262,3.397775458324759e-6,1.3504918703253394e-6,1.650376752171917e-7
