bound_status = "not_available_for_local_optimization"
budget_sec = 95.0100603000028
build_sec = 16.11290549999103
case_origin = "synthetic"
class = "nonconvex"
elapsed_sec = 28.68431340000825
elastic_rows = []
fixed_flows = false
flow_sha256 = "3dbe91b98766c00bca1a70a47b7cff8de5b9e5fd8073c153ec28d4f0b39e8699"
initial_flow = [[0.9563492063492065, 0.9563492063492065, 0.9563492063492065, 0.9563492063492065, 0.9563492063492065, 0.9563492063492065, 0.9563492063492065, 0.9563492063492065, 0.9563492063492065, 0.9563492063492065, 0.9563492063492065, 0.9563492063492065, 0.9563492063492065, 0.9563492063492065, 0.9563492063492065, 0.9563492063492065, 0.9563492063492065, 0.9563492063492065, 0.9563492063492065, 0.9563492063492065, 0.9563492063492065, 0.9563492063492065, 0.9563492063492065, 0.9563492063492065], [9.563492063492065, 9.563492063492065, 9.563492063492065, 9.563492063492065, 9.563492063492065, 9.563492063492065, 9.563492063492065, 9.563492063492065, 9.563492063492065, 9.563492063492065, 9.563492063492065, 9.563492063492065, 9.563492063492065, 9.563492063492065, 9.563492063492065, 9.563492063492065, 9.563492063492065, 9.563492063492065, 9.563492063492065, 9.563492063492065, 9.563492063492065, 9.563492063492065, 9.563492063492065, 9.563492063492065], [3.825396825396826, 3.825396825396826, 3.825396825396826, 3.825396825396826, 3.825396825396826, 3.825396825396826, 3.825396825396826, 3.825396825396826, 3.825396825396826, 3.825396825396826, 3.825396825396826, 3.825396825396826, 3.825396825396826, 3.825396825396826, 3.825396825396826, 3.825396825396826, 3.825396825396826, 3.825396825396826, 3.825396825396826, 3.825396825396826, 3.825396825396826, 3.825396825396826, 3.825396825396826, 3.825396825396826], [2.8690476190476195, 2.8690476190476195, 2.8690476190476195, 2.8690476190476195, 2.8690476190476195, 2.8690476190476195, 2.8690476190476195, 2.8690476190476195, 2.8690476190476195, 2.8690476190476195, 2.8690476190476195, 2.8690476190476195, 2.8690476190476195, 2.8690476190476195, 2.8690476190476195, 2.8690476190476195, 2.8690476190476195, 2.8690476190476195, 2.8690476190476195, 2.8690476190476195, 2.8690476190476195, 2.8690476190476195, 2.8690476190476195, 2.8690476190476195], [0.9563492063492065, 0.9563492063492065, 0.9563492063492065, 0.9563492063492065, 0.9563492063492065, 0.9563492063492065, 0.9563492063492065, 0.9563492063492065, 0.9563492063492065, 0.9563492063492065, 0.9563492063492065, 0.9563492063492065, 0.9563492063492065, 0.9563492063492065, 0.9563492063492065, 0.9563492063492065, 0.9563492063492065, 0.9563492063492065, 0.9563492063492065, 0.9563492063492065, 0.9563492063492065, 0.9563492063492065, 0.9563492063492065, 0.9563492063492065], [0.9563492063492065, 0.9563492063492065, 0.9563492063492065, 0.9563492063492065, 0.9563492063492065, 0.9563492063492065, 0.9563492063492065, 0.9563492063492065, 0.9563492063492065, 0.9563492063492065, 0.9563492063492065, 0.9563492063492065, 0.9563492063492065, 0.9563492063492065, 0.9563492063492065, 0.9563492063492065, 0.9563492063492065, 0.9563492063492065, 0.9563492063492065, 0.9563492063492065, 0.9563492063492065, 0.9563492063492065, 0.9563492063492065, 0.9563492063492065], [4.7817460317460325, 4.7817460317460325, 4.7817460317460325, 4.7817460317460325, 4.7817460317460325, 4.7817460317460325, 4.7817460317460325, 4.7817460317460325, 4.7817460317460325, 4.7817460317460325, 4.7817460317460325, 4.7817460317460325, 4.7817460317460325, 4.7817460317460325, 4.7817460317460325, 4.7817460317460325, 4.7817460317460325, 4.7817460317460325, 4.7817460317460325, 4.7817460317460325, 4.7817460317460325, 4.7817460317460325, 4.7817460317460325, 4.7817460317460325], [3.825396825396826, 3.825396825396826, 3.825396825396826, 3.825396825396826, 3.825396825396826, 3.825396825396826, 3.825396825396826, 3.825396825396826, 3.825396825396826, 3.825396825396826, 3.825396825396826, 3.825396825396826, 3.825396825396826, 3.825396825396826, 3.825396825396826, 3.825396825396826, 3.825396825396826, 3.825396825396826, 3.825396825396826, 3.825396825396826, 3.825396825396826, 3.825396825396826, 3.825396825396826, 3.825396825396826], [2.8690476190476195, 2.8690476190476195, 2.8690476190476195, 2.8690476190476195, 2.8690476190476195, 2.8690476190476195, 2.8690476190476195, 2.8690476190476195, 2.8690476190476195, 2.8690476190476195, 2.8690476190476195, 2.8690476190476195, 2.8690476190476195, 2.8690476190476195, 2.8690476190476195, 2.8690476190476195, 2.8690476190476195, 2.8690476190476195, 2.8690476190476195, 2.8690476190476195, 2.8690476190476195, 2.8690476190476195, 2.8690476190476195, 2.8690476190476195], [0.9563492063492065, 0.9563492063492065, 0.9563492063492065, 0.9563492063492065, 0.9563492063492065, 0.9563492063492065, 0.9563492063492065, 0.9563492063492065, 0.9563492063492065, 0.9563492063492065, 0.9563492063492065, 0.9563492063492065, 0.9563492063492065, 0.9563492063492065, 0.9563492063492065, 0.9563492063492065, 0.9563492063492065, 0.9563492063492065, 0.9563492063492065, 0.9563492063492065, 0.9563492063492065, 0.9563492063492065, 0.9563492063492065, 0.9563492063492065], [0.9563492063492065, 0.9563492063492065, 0.9563492063492065, 0.9563492063492065, 0.9563492063492065, 0.9563492063492065, 0.9563492063492065, 0.9563492063492065, 0.9563492063492065, 0.9563492063492065, 0.9563492063492065, 0.9563492063492065, 0.9563492063492065, 0.9563492063492065, 0.9563492063492065, 0.9563492063492065, 0.9563492063492065, 0.9563492063492065, 0.9563492063492065, 0.9563492063492065, 0.9563492063492065, 0.9563492063492065, 0.9563492063492065, 0.9563492063492065], [20.33730158730159, 20.33730158730159, 20.33730158730159, 20.33730158730159, 20.33730158730159, 20.33730158730159, 20.33730158730159, 20.33730158730159, 20.33730158730159, 20.33730158730159, 20.33730158730159, 20.33730158730159, 20.33730158730159, 20.33730158730159, 20.33730158730159, 20.33730158730159, 20.33730158730159, 20.33730158730159, 20.33730158730159, 20.33730158730159, 20.33730158730159, 20.33730158730159, 20.33730158730159, 20.33730158730159], [7.650793650793652, 7.650793650793652, 7.650793650793652, 7.650793650793652, 7.650793650793652, 7.650793650793652, 7.650793650793652, 7.650793650793652, 7.650793650793652, 7.650793650793652, 7.650793650793652, 7.650793650793652, 7.650793650793652, 7.650793650793652, 7.650793650793652, 7.650793650793652, 7.650793650793652, 7.650793650793652, 7.650793650793652, 7.650793650793652, 7.650793650793652, 7.650793650793652, 7.650793650793652, 7.650793650793652], [6.6944444444444455, 6.6944444444444455, 6.6944444444444455, 6.6944444444444455, 6.6944444444444455, 6.6944444444444455, 6.6944444444444455, 6.6944444444444455, 6.6944444444444455, 6.6944444444444455, 6.6944444444444455, 6.6944444444444455, 6.6944444444444455, 6.6944444444444455, 6.6944444444444455, 6.6944444444444455, 6.6944444444444455, 6.6944444444444455, 6.6944444444444455, 6.6944444444444455, 6.6944444444444455, 6.6944444444444455, 6.6944444444444455, 6.6944444444444455], [5.738095238095239, 5.738095238095239, 5.738095238095239, 5.738095238095239, 5.738095238095239, 5.738095238095239, 5.738095238095239, 5.738095238095239, 5.738095238095239, 5.738095238095239, 5.738095238095239, 5.738095238095239, 5.738095238095239, 5.738095238095239, 5.738095238095239, 5.738095238095239, 5.738095238095239, 5.738095238095239, 5.738095238095239, 5.738095238095239, 5.738095238095239, 5.738095238095239, 5.738095238095239, 5.738095238095239], [1.912698412698413, 1.912698412698413, 1.912698412698413, 1.912698412698413, 1.912698412698413, 1.912698412698413, 1.912698412698413, 1.912698412698413, 1.912698412698413, 1.912698412698413, 1.912698412698413, 1.912698412698413, 1.912698412698413, 1.912698412698413, 1.912698412698413, 1.912698412698413, 1.912698412698413, 1.912698412698413, 1.912698412698413, 1.912698412698413, 1.912698412698413, 1.912698412698413, 1.912698412698413, 1.912698412698413], [0.9563492063492065, 0.9563492063492065, 0.9563492063492065, 0.9563492063492065, 0.9563492063492065, 0.9563492063492065, 0.9563492063492065, 0.9563492063492065, 0.9563492063492065, 0.9563492063492065, 0.9563492063492065, 0.9563492063492065, 0.9563492063492065, 0.9563492063492065, 0.9563492063492065, 0.9563492063492065, 0.9563492063492065, 0.9563492063492065, 0.9563492063492065, 0.9563492063492065, 0.9563492063492065, 0.9563492063492065, 0.9563492063492065, 0.9563492063492065], [2.8690476190476195, 2.8690476190476195, 2.8690476190476195, 2.8690476190476195, 2.8690476190476195, 2.8690476190476195, 2.8690476190476195, 2.8690476190476195, 2.8690476190476195, 2.8690476190476195, 2.8690476190476195, 2.8690476190476195, 2.8690476190476195, 2.8690476190476195, 2.8690476190476195, 2.8690476190476195, 2.8690476190476195, 2.8690476190476195, 2.8690476190476195, 2.8690476190476195, 2.8690476190476195, 2.8690476190476195, 2.8690476190476195, 2.8690476190476195], [1.912698412698413, 1.912698412698413, 1.912698412698413, 1.912698412698413, 1.912698412698413, 1.912698412698413, 1.912698412698413, 1.912698412698413, 1.912698412698413, 1.912698412698413, 1.912698412698413, 1.912698412698413, 1.912698412698413, 1.912698412698413, 1.912698412698413, 1.912698412698413, 1.912698412698413, 1.912698412698413, 1.912698412698413, 1.912698412698413, 1.912698412698413, 1.912698412698413, 1.912698412698413, 1.912698412698413], [0.9563492063492065, 0.9563492063492065, 0.9563492063492065, 0.9563492063492065, 0.9563492063492065, 0.9563492063492065, 0.9563492063492065, 0.9563492063492065, 0.9563492063492065, 0.9563492063492065, 0.9563492063492065, 0.9563492063492065, 0.9563492063492065, 0.9563492063492065, 0.9563492063492065, 0.9563492063492065, 0.9563492063492065, 0.9563492063492065, 0.9563492063492065, 0.9563492063492065, 0.9563492063492065, 0.9563492063492065, 0.9563492063492065, 0.9563492063492065], [11.730158730158731, 11.730158730158731, 11.730158730158731, 11.730158730158731, 11.730158730158731, 11.730158730158731, 11.730158730158731, 11.730158730158731, 11.730158730158731, 11.730158730158731, 11.730158730158731, 11.730158730158731, 11.730158730158731, 11.730158730158731, 11.730158730158731, 11.730158730158731, 11.730158730158731, 11.730158730158731, 11.730158730158731, 11.730158730158731, 11.730158730158731, 11.730158730158731, 11.730158730158731, 11.730158730158731], [10.773809523809526, 10.773809523809526, 10.773809523809526, 10.773809523809526, 10.773809523809526, 10.773809523809526, 10.773809523809526, 10.773809523809526, 10.773809523809526, 10.773809523809526, 10.773809523809526, 10.773809523809526, 10.773809523809526, 10.773809523809526, 10.773809523809526, 10.773809523809526, 10.773809523809526, 10.773809523809526, 10.773809523809526, 10.773809523809526, 10.773809523809526, 10.773809523809526, 10.773809523809526, 10.773809523809526], [9.81746031746032, 9.81746031746032, 9.81746031746032, 9.81746031746032, 9.81746031746032, 9.81746031746032, 9.81746031746032, 9.81746031746032, 9.81746031746032, 9.81746031746032, 9.81746031746032, 9.81746031746032, 9.81746031746032, 9.81746031746032, 9.81746031746032, 9.81746031746032, 9.81746031746032, 9.81746031746032, 9.81746031746032, 9.81746031746032, 9.81746031746032, 9.81746031746032, 9.81746031746032, 9.81746031746032], [8.861111111111112, 8.861111111111112, 8.861111111111112, 8.861111111111112, 8.861111111111112, 8.861111111111112, 8.861111111111112, 8.861111111111112, 8.861111111111112, 8.861111111111112, 8.861111111111112, 8.861111111111112, 8.861111111111112, 8.861111111111112, 8.861111111111112, 8.861111111111112, 8.861111111111112, 8.861111111111112, 8.861111111111112, 8.861111111111112, 8.861111111111112, 8.861111111111112, 8.861111111111112, 8.861111111111112], [0.9563492063492065, 0.9563492063492065, 0.9563492063492065, 0.9563492063492065, 0.9563492063492065, 0.9563492063492065, 0.9563492063492065, 0.9563492063492065, 0.9563492063492065, 0.9563492063492065, 0.9563492063492065, 0.9563492063492065, 0.9563492063492065, 0.9563492063492065, 0.9563492063492065, 0.9563492063492065, 0.9563492063492065, 0.9563492063492065, 0.9563492063492065, 0.9563492063492065, 0.9563492063492065, 0.9563492063492065, 0.9563492063492065, 0.9563492063492065], [6.9484126984126995, 6.9484126984126995, 6.9484126984126995, 6.9484126984126995, 6.9484126984126995, 6.9484126984126995, 6.9484126984126995, 6.9484126984126995, 6.9484126984126995, 6.9484126984126995, 6.9484126984126995, 6.9484126984126995, 6.9484126984126995, 6.9484126984126995, 6.9484126984126995, 6.9484126984126995, 6.9484126984126995, 6.9484126984126995, 6.9484126984126995, 6.9484126984126995, 6.9484126984126995, 6.9484126984126995, 6.9484126984126995, 6.9484126984126995], [5.738095238095239, 5.738095238095239, 5.738095238095239, 5.738095238095239, 5.738095238095239, 5.738095238095239, 5.738095238095239, 5.738095238095239, 5.738095238095239, 5.738095238095239, 5.738095238095239, 5.738095238095239, 5.738095238095239, 5.738095238095239, 5.738095238095239, 5.738095238095239, 5.738095238095239, 5.738095238095239, 5.738095238095239, 5.738095238095239, 5.738095238095239, 5.738095238095239, 5.738095238095239, 5.738095238095239], [4.7817460317460325, 4.7817460317460325, 4.7817460317460325, 4.7817460317460325, 4.7817460317460325, 4.7817460317460325, 4.7817460317460325, 4.7817460317460325, 4.7817460317460325, 4.7817460317460325, 4.7817460317460325, 4.7817460317460325, 4.7817460317460325, 4.7817460317460325, 4.7817460317460325, 4.7817460317460325, 4.7817460317460325, 4.7817460317460325, 4.7817460317460325, 4.7817460317460325, 4.7817460317460325, 4.7817460317460325, 4.7817460317460325, 4.7817460317460325], [3.825396825396826, 3.825396825396826, 3.825396825396826, 3.825396825396826, 3.825396825396826, 3.825396825396826, 3.825396825396826, 3.825396825396826, 3.825396825396826, 3.825396825396826, 3.825396825396826, 3.825396825396826, 3.825396825396826, 3.825396825396826, 3.825396825396826, 3.825396825396826, 3.825396825396826, 3.825396825396826, 3.825396825396826, 3.825396825396826, 3.825396825396826, 3.825396825396826, 3.825396825396826, 3.825396825396826], [0.9563492063492065, 0.9563492063492065, 0.9563492063492065, 0.9563492063492065, 0.9563492063492065, 0.9563492063492065, 0.9563492063492065, 0.9563492063492065, 0.9563492063492065, 0.9563492063492065, 0.9563492063492065, 0.9563492063492065, 0.9563492063492065, 0.9563492063492065, 0.9563492063492065, 0.9563492063492065, 0.9563492063492065, 0.9563492063492065, 0.9563492063492065, 0.9563492063492065, 0.9563492063492065, 0.9563492063492065, 0.9563492063492065, 0.9563492063492065], [1.912698412698413, 1.912698412698413, 1.912698412698413, 1.912698412698413, 1.912698412698413, 1.912698412698413, 1.912698412698413, 1.912698412698413, 1.912698412698413, 1.912698412698413, 1.912698412698413, 1.912698412698413, 1.912698412698413, 1.912698412698413, 1.912698412698413, 1.912698412698413, 1.912698412698413, 1.912698412698413, 1.912698412698413, 1.912698412698413, 1.912698412698413, 1.912698412698413, 1.912698412698413, 1.912698412698413], [0.9563492063492065, 0.9563492063492065, 0.9563492063492065, 0.9563492063492065, 0.9563492063492065, 0.9563492063492065, 0.9563492063492065, 0.9563492063492065, 0.9563492063492065, 0.9563492063492065, 0.9563492063492065, 0.9563492063492065, 0.9563492063492065, 0.9563492063492065, 0.9563492063492065, 0.9563492063492065, 0.9563492063492065, 0.9563492063492065, 0.9563492063492065, 0.9563492063492065, 0.9563492063492065, 0.9563492063492065, 0.9563492063492065, 0.9563492063492065], [4.7817460317460325, 4.7817460317460325, 4.7817460317460325, 4.7817460317460325, 4.7817460317460325, 4.7817460317460325, 4.7817460317460325, 4.7817460317460325, 4.7817460317460325, 4.7817460317460325, 4.7817460317460325, 4.7817460317460325, 4.7817460317460325, 4.7817460317460325, 4.7817460317460325, 4.7817460317460325, 4.7817460317460325, 4.7817460317460325, 4.7817460317460325, 4.7817460317460325, 4.7817460317460325, 4.7817460317460325, 4.7817460317460325, 4.7817460317460325], [3.825396825396826, 3.825396825396826, 3.825396825396826, 3.825396825396826, 3.825396825396826, 3.825396825396826, 3.825396825396826, 3.825396825396826, 3.825396825396826, 3.825396825396826, 3.825396825396826, 3.825396825396826, 3.825396825396826, 3.825396825396826, 3.825396825396826, 3.825396825396826, 3.825396825396826, 3.825396825396826, 3.825396825396826, 3.825396825396826, 3.825396825396826, 3.825396825396826, 3.825396825396826, 3.825396825396826], [2.8690476190476195, 2.8690476190476195, 2.8690476190476195, 2.8690476190476195, 2.8690476190476195, 2.8690476190476195, 2.8690476190476195, 2.8690476190476195, 2.8690476190476195, 2.8690476190476195, 2.8690476190476195, 2.8690476190476195, 2.8690476190476195, 2.8690476190476195, 2.8690476190476195, 2.8690476190476195, 2.8690476190476195, 2.8690476190476195, 2.8690476190476195, 2.8690476190476195, 2.8690476190476195, 2.8690476190476195, 2.8690476190476195, 2.8690476190476195], [1.912698412698413, 1.912698412698413, 1.912698412698413, 1.912698412698413, 1.912698412698413, 1.912698412698413, 1.912698412698413, 1.912698412698413, 1.912698412698413, 1.912698412698413, 1.912698412698413, 1.912698412698413, 1.912698412698413, 1.912698412698413, 1.912698412698413, 1.912698412698413, 1.912698412698413, 1.912698412698413, 1.912698412698413, 1.912698412698413, 1.912698412698413, 1.912698412698413, 1.912698412698413, 1.912698412698413], [0.9563492063492065, 0.9563492063492065, 0.9563492063492065, 0.9563492063492065, 0.9563492063492065, 0.9563492063492065, 0.9563492063492065, 0.9563492063492065, 0.9563492063492065, 0.9563492063492065, 0.9563492063492065, 0.9563492063492065, 0.9563492063492065, 0.9563492063492065, 0.9563492063492065, 0.9563492063492065, 0.9563492063492065, 0.9563492063492065, 0.9563492063492065, 0.9563492063492065, 0.9563492063492065, 0.9563492063492065, 0.9563492063492065, 0.9563492063492065]]
initial_max_raw_violation = 3.457395793809298e-7
initial_vector_count = 21576
input_sha256 = "d514c3c2e94f962feb65717da43920559b4bcbca8613d2abcef2e1ed292d51b0"
local_complementarity_tolerance = 1.0e-10
native_variable_count = 23352
objective_kind = "operating_cost"
operation_sha256 = "dd2b2cb059feeebe95767375a4b9e6eb974e544f10e3a9eeacaa4beda6bc049c"
primal = "NO_SOLUTION"
rescale_cones = false
seed = 0
solver = "Gurobi"
solver_policy = "local_NL_barrier_OptimalityTarget_1"
solver_version = "13.0.3"
status = "incomplete_no_solution"
termination = "ITERATION_LIMIT"
threads = 1
variant = "r9_short_pipe_literal_v1"
warm_start_attribute = "PStart"
warm_start_confirmed_by_log = true

[operation]
bounded_return = true
core_periods = 24
mode = "VF_VT"
reference_flow = [0.9563492063492065, 9.563492063492065, 3.825396825396826, 2.8690476190476195, 0.9563492063492065, 0.9563492063492065, 4.7817460317460325, 3.825396825396826, 2.8690476190476195, 0.9563492063492065, 0.9563492063492065, 20.33730158730159, 7.650793650793652, 6.6944444444444455, 5.738095238095239, 1.912698412698413, 0.9563492063492065, 2.8690476190476195, 1.912698412698413, 0.9563492063492065, 11.730158730158731, 10.773809523809526, 9.81746031746032, 8.861111111111112, 0.9563492063492065, 6.9484126984126995, 5.738095238095239, 4.7817460317460325, 3.825396825396826, 0.9563492063492065, 1.912698412698413, 0.9563492063492065, 4.7817460317460325, 3.825396825396826, 2.8690476190476195, 1.912698412698413, 0.9563492063492065]
source_temperature_K = 363.15

[source_hashes_at_solve]
"src/components/devices.jl" = "01a86d8bb7bbbf0ad27f79acb099427ec18543a0a4b1b916f411f2e1a4053e2d"
"src/core/case.jl" = "dd5de1049fc740706fa9005f48b60d75e088bc68faa9f6092b9b310e7aaed624"
"src/core/r2_case.jl" = "11026416169278767a8900e84e5fb65f80113e405a4046a44f6b92dc983498d5"
"src/core/r3.jl" = "1a29d3ac34ebf6936b9055b737167e59cf746cc6b5fb1055b8f73db2ebd26f15"
"src/core/r3_operation.jl" = "0766d65a9c5772e8ac51b06142ef33a58b2a07041783ff0902756ce6c55c40b3"
"src/core/r9_inputs.jl" = "be2d4335404b883d81cde43135e352ab399985ef73ee70e6537eb35c23c72cf7"
"src/core/r9_pv.jl" = "8f4e6f87745ba4e9474a1884e4b358dcd5357e03e02296dced3527cfc4949785"
"src/formulations/r1.jl" = "e952963689b39d28dc490066e55c7e5ca2689cd0ce78982a5397b09713466655"
"src/formulations/r2.jl" = "7118267881dc2f362004c14da042ad1e208a87657144538a8e2ec6ce82619c12"
"src/formulations/r3.jl" = "83e7255d85dc0a607a0cf37a232c1e329da070fb9f787f9295380e9ab8495578"
"src/formulations/r9_flow.jl" = "77e4908d9c55f09210552ac9dc06d7595225f082584abbdcc1d18cea67ca8ae0"
"src/formulations/r9_pv.jl" = "345d74bc66c0977a01d7cd1423c01841b13f854999e7e4bf987cdd8953c64da0"
"src/formulations/r9_reduced.jl" = "4289e33cdae925640a20f115bc3559213254d0b7d21dc6214f86cfa224a538b3"
"src/networks/fixed_flow_heat.jl" = "620c069f6b3a520d32ee546ec048074f9cbaa3c785f8c2e31ec7fd7bf245a83b"
"src/networks/r9_short_pipe.jl" = "05bdff61e581ea0c5ea21574fe12c8f357fe4c1491ebcc6fe4288cf4a2486d0a"
"src/networks/water_mass.jl" = "ef76594a25d5a310f8265137e733d811c8dbefcf0aea0b3ff8be5ed7b05bceef"
"src/reporting/r2_runs.jl" = "c0174b63fb559bd87b66604e80018ab5b4a055a4dfe7c0257884ed1955ea1971"
"src/reporting/r3_modes.jl" = "39db6cf0c2226628f47e171a0cdb4f547b81ff0857edc3bf100b65191b564d16"
"src/reporting/r3_runs.jl" = "d58b4c7d4e89bbcae9252d04e531d964e9897f79d8c7cc277c130902f6843416"
"src/reporting/r9_pv.jl" = "f106842c758d291179c246a1b62e4fbd8fc34ac684e24042d603ae282ee136d5"
"src/reporting/r9_reduced.jl" = "5e6168c0ca1fb06f89843ed3ebe46aad2ec558a46e6336ee4622fea2d0ec1ba0"
"src/reporting/runs.jl" = "7cb0ad0bf0bc5ea77af73e08a8261982510ce869caef95e26b7d51730a43b635"
"src/verification/r1.jl" = "c81ba065cd5e6e38e37cc385d89b81e0915c26b10edb2dd0321fd91633c202d3"
"src/verification/r2.jl" = "47fec7dc944afd8d2e5ac99d6885994fa7ce2465c36dfdcf6984d50466391783"
"src/verification/r3.jl" = "82afeb350db18fca6ada3179f87c3d266e21f13bb922ae6841619811ca8dfddb"
"src/verification/r9_flow.jl" = "92425ee450fca9cc4a0b70137a3e08dd1b337345c85ac84d413f3c8e8ab90961"
"src/verification/r9_pv.jl" = "739b8864ab391b219780f9f7d9d80cf699d3b82b3db79fb800026c2f6f405038"
"src/verification/r9_reduced.jl" = "4dbbc7d0d0816dfa433f010209faddaac90ba5fa65fddbb83d0b1f9dcdf5be18"
"src/verification/r9_sources.jl" = "1b65bc9360e1b1a3816800ecffb442d39336da92db4d11ed7ac055e5fcbeeb60"

[spec]
dynamics = "wmm"
dynamics_product = "exact"
formulation = "wmm_checked_v1"
heat_balance = "exact"
loss = "wmm"
mixing = "exact"
