iteration,objective,primal,dual,complementarity
0,508115.29819822987,0.9999999995743565,100.0,104.8725933472924
1,508280.22169654653,0.8469124196190023,62.26503583033623,65.59673254188623
2,513821.17907861515,0.209645793411255,45.14885026830434,47.6530788594335
3,526829.9257778634,0.003596630332140194,25.840601304796266,23.961625114104447
4,533520.69050237,0.010187187950350562,393.0691259088729,6.897893021496142
5,534505.1834801488,0.04221623991520573,407.0679019567669,6.764957721924568
6,536391.9919113747,0.06264413450685424,195.18110817507886,3.287317293320962
7,536299.1620343757,0.10939092236111264,27.39527656927693,0.9999509829668638
8,536106.9817937112,1.0787976321528048,2.707751735632371,0.9999498512085526
9,536079.7115333581,0.025498161769796468,0.17830321772512292,0.9999922780044886
10,536064.7380224816,0.005581850122432286,0.018491401938263152,0.9999959181451825
11,532268.6527382984,0.1365934995424638,12.430903627882183,0.32669798258031135
12,524906.5496436653,0.09653110302679124,12.858218571041032,0.15007044332681493
13,520875.0455385931,0.2975628195038098,4.007037523352765,0.15000193242319643
14,520877.8134873848,0.10203405757761175,30.55168046786419,0.1499564110671079
15,520887.388405856,1.3665895957204084e-5,2.152049296018519,0.14999594251947385
16,520657.01165380806,4.2511987911454966e-5,30.90650754545616,0.14998847583119884
17,520570.6367456671,0.04449931465114787,214.2311442222737,0.14998499955671285
18,520574.3672523472,0.44577477486200223,38.75951643757905,0.15001609325566434
19,520879.8233059699,0.06468077340196032,5.73667621622932,0.1500008931898676
20,520957.2830709041,0.019790571429894044,3.3716366455355056,0.14999662899814104
21,520989.24714890035,0.00579299445939796,0.15781315605906165,0.14999990045776485
22,521027.94422022323,2.6299735736756702e-5,0.0016009629271138692,0.1499998415515978
23,515099.85038193234,0.4779684558525332,6.462723883957533,0.062352101123468624
24,509623.97335014545,2.195656116984537,6.443928259497184,0.025292701777060392
25,507308.0287487286,1.5039915508251624,49.82045420831506,0.024011932639308606
26,506540.2035823307,0.011025806814359385,3.1605308778619805,0.022518043128138453
27,506458.8722396246,0.01050412960171343,539.0441728037476,0.022552997319420433
28,505106.9238209273,0.0004897897249520611,0.18217956558715476,0.022489841929977928
29,504650.47213000373,0.002493079966825462,0.11049120617869163,0.02249369164465138
30,504407.1648594204,0.011024930361259067,0.0847684730527003,0.022496722803751548
31,504195.59779518156,0.04977072346764544,3.737012075955596,0.022496774527941667
32,504002.45664246124,0.04707255634912144,8.55173196201224,0.02249465041321349
33,503666.84153164836,0.4387445673991124,20.52838154093594,0.022489090648129338
34,502645.4624490625,3.348438209917049,3.1205857263769534,0.022469869122826492
35,502692.2665069397,0.912839938830075,0.6411247096066566,0.022499917389158346
36,502694.7917422731,0.04506280596172019,0.01720693774060089,0.022499942160660754
37,502708.56173235405,0.00033442181279497163,0.0004984925308235688,0.022499927312594967
38,499057.28722122894,2.6175227424117793,1.1637172798225188,0.011870922799184959
39,497826.4028488558,2.1131407907122366,2.155019215574911,0.009475881277664537
40,496779.77380158973,1.54637861566448,3.224858696198588,0.004785344216852764
41,495725.9104102625,1.8634280516279134,3.9243332820384116,0.0037292716651657746
42,495509.88051292975,1.758226995251789,1.175491115643896,0.0034090995402925
43,495454.3456882524,1.6127309508481176,6.575610641722172,0.003417012170097915
44,495412.50553883985,0.10435057332756514,19.91654020597704,0.003401491971292957
45,495371.7040353279,0.00012966996018093369,0.9971629908037087,0.0033750988117196147
46,495337.75222354557,0.00012531081911504316,0.7618195116773183,0.0033747935565683947
47,495315.29923220375,0.00015348065408460343,3.4365966484517636,0.003374757867803796
48,495306.76484278654,0.00022301648311895406,1.4964591936503244,0.003374694267154102
49,495297.5614716684,0.002194955584677416,1.3601324208241528,0.003376418535309152
50,495281.72605862806,0.0050367590476980695,1.204093439496857,0.0033750945522278723
51,495264.80918581085,0.003257779817431583,1.433753350698432,0.003374752250017535
52,495245.6902383219,0.005058097888422708,2.169062292420962,0.003374689542843543
53,495045.99743261497,2.710541619619498,6.458224531349081,0.0033641639964019122
54,494945.91317201755,1.402476510181316,4.802257681734694,0.003377550285482856
55,494939.3210245862,0.031410888163909474,6.3943227990286164,0.0033764897670973703
56,494912.4934808668,0.34178631618561184,1.1878044172962818,0.0033739581205131644
57,494897.28592305986,0.19972370663645478,3.9886432264901317,0.003374816862884195
58,494901.8967741176,0.0040492988761252485,0.8623086365968253,0.003374729320238663
59,494898.3285515924,0.005344782862539432,1.9415914861359236,0.0033753749287131775
60,494894.2883691994,0.0015046956893911556,0.590811645563184,0.003375001770479726
61,494894.0666555466,0.0006413916094061278,0.2144118998312093,0.0033749764934470432
62,494888.01691531437,0.022952524662287033,11.878552519895415,0.0033752745104945296
63,494884.78779897926,0.02306105770639988,7.037717957637941,0.0033746812452698344
64,494878.1304197477,0.01882901909671318,1.3790155381022577,0.003374974265856662
65,494882.53457760246,0.0034968389289724653,0.28377486574455113,0.0033749858163382575
66,494883.81738373905,0.00020280801510580204,0.020888085737608586,0.003374991114809479
67,494884.22914878174,7.159898196107406e-6,0.0002877504377638562,0.003374993239127479
68,494098.47135853185,1.1684153015416723,1.311865072040977,0.0023022564755893144
69,493869.4872392829,1.0797770573647312,1.2166191585206796,0.0016960575946769925
70,493759.02044572163,0.9828943779193469,2.422445830624811,0.0008858987033544198
71,493722.1902950232,0.9294702655912033,6.667177745399178,0.0007783022302570166
72,493638.6710800834,0.5936930895017712,8.011921928888102,0.0007235238446439593
73,493555.9275305937,0.2609809273537712,9.144252814772713,0.0006478805611592172
74,493534.0182090272,0.1900149476503293,22.808215268856404,0.0004110470716249963
75,493495.6123152359,0.0800607213207013,12.996813398909755,0.0003579834518721639
76,493453.1265295617,0.00999351579685026,2.4537073401819454,0.00034686424267814435
77,493429.4293100544,0.014257306288300242,1.6668114433402739,0.0003464917434864905
78,493362.75902861735,0.08170802338468547,2.475957592421408,0.00034683011246416944
79,493294.2377893749,0.13408610426095946,0.751068765679627,0.00034683033798934453
80,493177.0963822202,0.438909693038654,0.44570469958039804,0.00034534271768476725
81,493105.68941991683,0.553999773359833,0.31461287306084945,0.0003457662213141367
82,493072.10225568083,0.024674281981174318,0.33761210814665427,0.00034561395340453445
83,493062.41178865137,0.005699559779691298,0.2142246114343029,0.00034637502405638395
84,493044.5414822765,0.01280665940883864,0.5689709309137714,0.00034644215423603066
85,492894.3681855397,1.7920704261645355,3.2196227132068698,0.00034281615932342654
86,492858.34628966404,1.6840422656006169,2.3735862026567442,0.0003485876851531179
87,492714.9994635595,1.6768190992005974,3.420525390929811,0.00034909438754701243
88,492713.51186529535,0.021884370721604682,0.8884129943814381,0.0003472035582747137
89,492711.1600427829,0.024216016757413854,3.840497641517476,0.00034682233261899777
90,492710.5171541657,8.562432948622245e-5,1.1323647685813902,0.0003463646598038143
91,492709.88347519946,0.0004230666687521989,0.24922251867057776,0.00034638783251679766
92,492667.1542340014,0.2494719451138212,2.7072509012289605,0.0003458941276426246
93,492651.22517585586,0.2220765998401248,1.8074465488970008,0.00034804779754905266
94,492641.51821273495,0.0579547785667205,1.6454809419416176,0.00034687374252482693
95,492594.0741741518,0.5829097358336094,0.8565130011837078,0.00034432667517889223
96,492595.99699253234,0.155807522246576,0.40722803749305164,0.0003452729734526537
97,492592.22801003436,0.16730610184267106,0.24680742060726552,0.00034627073291416136
98,492593.8017376693,0.020056250859533973,0.05934872576842262,0.0003464071366026175
99,492593.19094999466,0.0032902256359784586,0.015133322007508358,0.0003463942994670007
100,492593.0572008387,2.8480340802161663e-5,0.00012423850326237496,0.00034639797807323186
101,492592.94832969405,1.3660150898431311e-5,8.708743914098704e-5,0.00034639844013013024
102,492592.8466841476,7.95874439063482e-6,8.172401115302819e-5,0.0003463988325279217
103,492592.75209732284,5.588468634414312e-6,7.607174315182874e-5,0.0003463991666706496
104,492592.6638409174,5.311344907568127e-6,7.020799425561108e-5,0.0003463994573258435
105,492592.58136075665,4.986455996913719e-6,6.418378464445595e-5,0.0003463997169789353
106,492592.5042193326,4.633191888387955e-6,5.883809867931154e-5,0.00034639995989714566
107,492592.432056441,4.263173605068005e-6,5.7271204247817675e-5,0.00034640019987026613
108,492592.36456488515,3.8845385370223085e-6,5.579366053375112e-5,0.00034640044786669806
109,492592.30147467804,3.5039686054005866e-6,5.440912916991961e-5,0.00034640071005627817
110,492592.24254213995,3.127568643321865e-6,5.3118883671838396e-5,0.0003464009857135171
111,492592.1875423179,2.761125861070468e-6,5.192087442210981e-5,0.00034640126646564814
112,492592.13626412506,2.4100649625324874e-6,5.080975688235949e-5,0.00034640153909228777
113,492592.0885077518,2.0792703298866398e-6,4.977776401000715e-5,0.0003464017913290989
114,492592.04408332735,1.7728268448991002e-6,4.8815859744401335e-5,0.00034640201669875874
115,492592.00280978694,1.5190789781627245e-6,4.791469309615298e-5,0.0003464022151951013
116,492591.96451344783,1.5006642684056715e-6,4.7065239164855235e-5,0.00034640239066125546
117,492591.9290264256,1.4804120951339428e-6,4.625920520679415e-5,0.00034640254773028354
118,492591.896185388,1.4588068211196514e-6,4.5489277696526484e-5,0.00034640269006486966
119,492591.8658309754,1.4363352534019214e-6,4.474923091041076e-5,0.00034640281994246624
120,492591.83780800283,1.4134176922198094e-6,4.403391544164671e-5,0.00034640293856458737
121,492591.8119662159,1.3903766671319318e-6,4.333915665534656e-5,0.0003464030465648566
122,492591.78816136514,1.3674452361556177e-6,4.2661611445832595e-5,0.00034640314444529254
123,492591.7662562398,1.344777501799399e-6,4.199861334353017e-5,0.0003464032328387117
124,492591.7461214892,1.3224679946688411e-6,4.13480379358646e-5,0.0003464033125871355
125,492591.72763610777,1.3005648611397191e-6,4.0708193639452106e-5,0.00034640338468388523
126,492591.7106875464,1.2790859500455554e-6,4.0077740869485026e-5,0.0003464034501546543
127,492591.69517155085,1.2580273391904484e-6,3.945562848556815e-5,0.0003464035099448394
128,492591.68099176884,1.2373727145131852e-6,3.884104418107846e-5,0.0003464035648492421
129,492591.66805922776,1.2170975765002368e-6,3.8233372395671955e-5,0.00034640361548966163
130,492591.6562917583,1.1971744697802933e-6,3.763215857743689e-5,0.0003464036623287224
131,492591.64561340807,1.1775750294873433e-6,3.703707661355249e-5,0.0003464037057036657
132,492591.6359538925,1.15827214131059e-6,3.644790329305689e-5,0.00034640374586644387
133,492591.6272480617,1.1392406236154784e-6,3.586449437436613e-5,0.00034640378302061667
134,492591.61943545926,1.1204577958778827e-6,3.528676609576391e-5,0.00034640381735023443
135,492591.61245989334,1.1019052408300922e-6,3.471467959086094e-5,0.0003464038490379777
136,492591.60626906896,1.0835676675924333e-6,3.414822837155898e-5,0.0003464038782734949
137,492591.6008142637,1.0654322295522434e-6,3.358742832962336e-5,0.00034640390525368913
138,492591.5960500374,1.047490172823018e-6,3.303230976245755e-5,0.00034640393017777114
139,492591.5919339615,1.0297342214471428e-6,3.248291116665809e-5,0.0003464039532400402
140,492524.84309043386,0.3645562636182603,0.15885607253743242,0.00023749201522383284
141,492439.87199275254,1.2456676581180546,0.18783041485286972,0.00014496171886574635
142,492395.245195744,1.3724971369977947,0.22633023438529126,9.402422940073507e-5
143,492378.0024722043,0.8967490551858373,0.2716622048680723,8.518026935858754e-5
144,492365.0786783005,0.6645838221081521,0.10618380251247217,2.2335610986944397e-5
145,492321.7197420398,0.6382916837236371,0.07355611395174881,1.6573888618672995e-5
146,492305.4521093271,0.5752967157197009,0.20932997665806852,1.5882809958598287e-5
147,492292.3077249287,0.24495082790571812,0.09965661013882254,1.4886431472778922e-5
148,492280.34938158875,0.40004994119760795,0.13121249211134428,1.453992019859752e-5
149,492275.0258725367,0.10219743317463781,0.005532061367432561,1.4268059944320156e-5
150,492271.4581824108,0.2369037569587249,0.12257233541096763,1.4309195785018333e-5
151,492267.416809101,0.5529624568579834,0.13731880219566964,1.4348693179371266e-5
152,492264.95718355256,0.2613715616249763,0.006832526252053661,1.4284647026867677e-5
153,492261.8913102024,2.088692097302392,0.017950221944251332,1.4258797325404608e-5
154,492261.22982683405,0.44948856662961845,0.00157912851202191,1.429929748629168e-5
155,492260.66300170735,0.2958997630322031,0.009274675591545822,1.4310014209745812e-5
156,492260.03230656835,0.3014151845058919,0.01258701593907574,1.4316939194003949e-5
157,492259.11002812337,1.6399603865802135,0.02178050028974532,1.432983648791065e-5
158,492258.379934648,1.7941112865465172,0.02217186276200313,1.4353277511758791e-5
159,492257.2972118036,1.4896068823366875,0.0020252714659548133,1.4291844759953096e-5
160,492257.3757163015,0.16565500692766477,0.0007432787074380108,1.4300338222072023e-5
161,492257.3782613417,0.001037428190272749,0.0007118792152306979,1.430071615219481e-5
162,492257.38012887223,0.0010456994556875543,0.0007038131319875541,1.430094497999257e-5
163,492257.3813461643,0.0010423319757251193,0.0006933680645581641,1.430116167601107e-5
164,492257.38217143324,0.0010338787661225979,0.0006819756049659494,1.4301424171790322e-5
165,492257.3826888467,0.0010208990339037882,0.000669693823327406,1.4301623281652018e-5
166,492257.38296076714,0.0010040219122515737,0.0006565176651931925,1.4301791621416599e-5
167,492257.38308354345,0.0009837137531576445,0.0006423923227668849,1.4301898056413e-5
168,492257.38314774405,0.0009601992483112554,0.0006272119587720921,1.4301961590632852e-5
169,492257.38321852277,0.0009334780972949375,0.0006107350070192354,1.4301996890320184e-5
170,492257.38333480735,0.0009032432529352263,0.0005925278876803846,1.4302007887566178e-5
171,492257.3835211921,0.000868728501870919,0.000571874330635517,1.4302001240735607e-5
172,492257.3838036403,0.0008284507367193328,0.0005476005685223872,1.4301994520724948e-5
173,492257.3842049085,0.0007797377739393596,0.0005177458979228158,1.4302013106091463e-5
174,492257.38473281724,0.0007178372771932118,0.0004789358904174461,1.4302068223113973e-5
175,492257.3853804604,0.0006342742717606598,0.0004252383699165632,1.430212940847932e-5
176,492257.38613870513,0.0005145462866948947,0.0003465922805012786,1.4302159007612957e-5
177,492257.38701163774,0.0003407904455343669,0.00023060461089689305,1.4302157240958414e-5
178,492257.3880201425,0.00013218152884064693,8.993544531842219e-5,1.430217771578297e-5
179,492257.3891280561,1.4545315252689761e-5,1.004902493007573e-5,1.430228457946968e-5
180,492257.3901943724,7.331041757652201e-6,2.0939275753306674e-6,1.4302353549167613e-5
181,492257.3911609024,7.048075559623612e-6,2.0497175778899646e-6,1.430237980309066e-5
182,492257.39201221836,6.769613577262135e-6,2.0012609880382115e-6,1.4302400149194893e-5
183,492257.3927356597,6.461290610104697e-6,1.9544569784812893e-6,1.4302418015815592e-5
184,492257.3933278577,6.119532059756239e-6,1.912754914457082e-6,1.4302433465674363e-5
185,492257.3937961397,5.740577790902535e-6,1.8673627018017669e-6,1.4302445905086927e-5
186,492257.3941541337,5.32076805370707e-6,1.817495352440801e-6,1.4302455012048694e-5
187,492257.394417127,4.857022560145197e-6,1.7621464358796857e-6,1.4302461447920767e-5
188,492257.3945995362,4.34762304735159e-6,1.7000212046980323e-6,1.4302466496866926e-5
189,492257.39471403556,3.7934275667339534e-6,1.6294694891172412e-6,1.4302471398270607e-5
190,492257.3947714303,3.1996201244055555e-6,1.548425617059479e-6,1.4302476743849618e-5
191,492257.3947807947,2.577980893647691e-6,1.4544230904078859e-6,1.4302482180396342e-5
192,492257.3947496562,1.949320591165815e-6,1.3448037083918507e-6,1.4302486877067642e-5
193,492257.3946842286,1.3451052893742599e-6,1.217303227107891e-6,1.4302490437157424e-5
194,492250.50973690406,0.755808554176383,0.007768111134108802,6.871237644031624e-6
195,492248.4425229133,1.4445813052577776,0.004777593216705345,5.20910411877464e-6
196,492247.55513642554,0.9631418302528303,0.0017355259456666161,1.981107410821479e-6
197,492246.2262711562,1.8149347569916543,0.0013929604018321218,1.6129471998420414e-6
198,492246.0806087102,2.0929982500233635,0.0013325939565931866,1.5525202613236338e-6
199,492245.7898716322,2.791836619955582,0.0012223176503991517,1.4381553656928573e-6
200,492245.4830444617,2.455779813984414,0.008084855104747019,9.61194045809076e-7
201,492244.95536116156,1.7713314716876383,0.008474149246801843,5.689851222651714e-7
202,492244.6542353644,1.3149945029064796,0.00678868408429692,5.011042983414902e-7
203,492244.4215493903,0.9419739994353407,0.004841828961494946,3.754058550694914e-7
204,492244.1832210058,0.5281678377568326,0.0028050226666448824,2.934152679540143e-7
205,492244.0546159914,0.28722992841085926,0.0016209895572963581,2.480554620681072e-7
206,492243.94541481195,0.0790850836851007,0.0006327830171642956,2.137302744742852e-7
207,492243.91627860104,0.02043476126747379,0.00042034998837581303,1.9506383253625034e-7
208,492243.9067130834,0.003250646585605921,0.00031555085853785664,1.8432546991761404e-7
209,492243.9045273337,0.0001837834727851373,0.00018848039516971342,1.764779259542674e-7
210,492243.9004413745,3.1930430544946375e-5,0.00014146847331716463,1.7372622914275971e-7
211,492243.9020881454,9.149623139137475e-7,8.224013448124261e-5,1.7028235783403217e-7
212,492243.89609360974,4.432731230963327e-7,5.836993590651212e-5,1.6884439769934514e-7
213,492243.89543076104,2.234847471527246e-7,3.370146482480313e-5,1.673201303343323e-7
214,492243.8946680494,4.875637529266896e-7,3.266037248816217e-5,1.6685341394322003e-7
215,492243.8954663273,2.2398866406092566e-7,2.85860363565503e-5,1.6630787870763797e-7
216,492243.8942318262,4.0309818416517373e-7,2.5810316100334518e-5,1.6608911516040477e-7
217,492243.8922482371,2.7070861108313693e-7,1.7247993666348604e-5,1.6556925617996448e-7
218,492243.8872418464,4.5351056598974537e-7,3.7213852024028937e-6,1.6503808757739575e-7
219,492243.886580304,2.075700436421357e-6,1.0809339098111215e-5,1.6503371290730782e-7
220,492243.8886258579,1.3640884759524852e-6,2.3138763928138434e-5,1.6525103507282336e-7
221,492243.8894233466,2.968706809269861e-7,3.144455711355607e-5,1.6527453907564322e-7
222,492243.88968643814,7.542881190480966e-8,1.850967169726367e-5,1.6525511931873674e-7
223,492243.8896316787,1.697694543167927e-6,3.0373442809272528e-5,1.6537420420433924e-7
224,492243.88894126366,6.374167611511439e-7,1.7195960632265372e-5,1.65103767704091e-7
225,492243.8849134122,7.009890765630189e-7,2.4841217252222127e-5,1.6531931940023632e-7
226,492243.8817749392,7.517284906274208e-8,2.4846971531240465e-5,1.6516160265876404e-7
227,492243.8800209158,3.99091860003864e-7,3.424670762974813e-6,1.648765124696693e-7
228,492243.87931807403,1.479268874504669e-6,1.1084458245380624e-5,1.6505719741295391e-7
229,492243.880696762,3.1069073713752005e-7,2.954927188782066e-5,1.6526960206687456e-7
230,492243.87997780135,5.389869371441114e-8,1.247682644919812e-5,1.6508464468143362e-7
231,492243.87955803773,7.084982058813694e-7,3.6701981457852584e-5,1.6518773159181018e-7
232,492243.878620312,1.68694910485101e-7,1.8939318200314123e-5,1.6516097794409549e-7
233,492243.878293321,2.309275402012645e-7,7.3461490973536926e-6,1.6508237575863967e-7
234,492243.8774929005,6.390610138851116e-7,3.727172989227397e-5,1.6516507665829457e-7
235,492243.8766754363,1.890407105520353e-6,3.621450149408163e-5,1.6518250063773695e-7
236,492243.8755046822,1.3872717374852073e-7,2.269718477193594e-7,1.649947952376896e-7
237,492243.87228937744,6.659366960093394e-7,2.8482366225338063e-6,1.6495909558961346e-7
238,492243.870430058,1.6339840414048012e-6,9.881074725728856e-7,1.6498135125842336e-7
239,492243.86996513215,1.333389676005936e-6,3.213440138386328e-5,1.6512343760436723e-7
240,492243.86966140324,7.175449923124688e-8,1.3057447573715415e-5,1.650527882072322e-7
241,492243.8686192363,8.008483547428114e-7,2.216131070128472e-6,1.6506503725035044e-7
242,492243.8672946207,1.1688755563454833e-6,6.573450614805187e-7,1.6502134700646296e-7
243,492243.86702656886,1.7682785511397014e-6,8.079582575620803e-7,1.6500467945508292e-7
244,492243.86669914227,1.7902923588053454e-6,1.9591718808248393e-6,1.6502277747270836e-7
245,492243.86636725435,9.576968551527898e-7,5.929969717419215e-7,1.6504287499556507e-7
246,492243.86643838324,1.8794472254057837e-6,6.089793749691763e-7,1.6501900573265758e-7
247,492243.8663075146,1.6177639992065451e-6,1.4292211414963611e-5,1.652445330248176e-7
248,492243.86662080884,2.1617540966190063e-6,1.1038436894617379e-6,1.6506529667246305e-7
249,492243.86711463646,6.192898027279625e-6,1.4232240623801573e-6,1.6503277627915226e-7
250,492243.8670213179,4.2446298635923085e-6,5.529465062839578e-7,1.6500726087301505e-7
251,492243.86765592557,4.317099211448294e-7,1.4218538311183693e-6,1.650403105302031e-7
252,492243.8679953634,3.360340650220483e-8,7.613053302282791e-7,1.6503780384681997e-7
253,492243.8680255164,1.0583751475223835e-7,1.7525015908069139e-6,1.6512688586878587e-7
254,492243.8682386823,1.3899092721203488e-7,4.5168916430336943e-7,1.650358873010918e-7
255,492243.8689243716,1.38620478651319e-7,4.842309110866805e-6,1.6508255321369605e-7
256,492243.8691220692,1.7501809286557535e-8,3.4230153740134883e-7,1.6504535950413986e-7
257,492243.8699384226,1.3798985776247719e-7,2.1398736573191926e-7,1.650281425436203e-7
258,492243.8708681627,1.1812217337592301e-7,1.4354711569408707e-7,1.650385409556433e-7
259,492243.8713147419,1.369372881754316e-7,1.5341124853796018e-7,1.6503237802375714e-7
260,492243.8715548719,1.3642387841628079e-7,1.5170508062961607e-7,1.6503234752221726e-7
261,492243.87164776656,1.359679941970171e-7,1.498714654810107e-7,1.6503077355319575e-7
262,492243.8717391366,1.3562579681547504e-7,1.4769980599682597e-7,1.6503047181391023e-7
263,492243.87182589306,1.3550756250424456e-7,1.4483190025060821e-7,1.6503268700388806e-7
264,492243.8719123999,1.3583856173227105e-7,1.4037519790316422e-7,1.6503242989533295e-7
265,492243.87200729665,1.3718421598696295e-7,1.3149914381005434e-7,1.6503029153458252e-7
266,492243.8721473586,1.4174339924011292e-7,1.049522385665469e-7,1.650242802233123e-7
267,492243.8727479641,1.73137280512492e-7,5.227953529113316e-8,1.6504215300178954e-7
268,492243.87274084974,1.7538685881390847e-7,5.176103448634173e-8,1.650290909388819e-7
269,492243.8729844481,1.9954423180479353e-7,5.524442975995969e-8,1.6502005314666925e-7
270,492243.8735787064,2.491702986162636e-7,6.160843633168378e-8,1.6502174181284436e-7
271,492243.8740673134,2.9407210888621194e-7,6.683985204897214e-8,1.6502538708454303e-7
272,492243.8744855834,3.0196765976597817e-7,6.764130465464202e-8,1.6501236534149628e-7
273,492243.875706811,2.9815750224315707e-7,6.711335026610143e-8,1.650210565013369e-7
274,492243.87667827815,2.9091366116063e-7,6.617066021508133e-8,1.6503041363048805e-7
275,492243.87685900345,2.803979128884748e-7,6.480031172068079e-8,1.650275346022866e-7
276,492243.8770817116,2.656060615890965e-7,6.2849167356549e-8,1.6502718797040325e-7
277,492243.8772464371,2.45580864088879e-7,6.014163764223035e-8,1.6502848719645892e-7
278,492243.8773041739,2.2116826414730895e-7,5.668389690960396e-8,1.650310510049703e-7
279,492243.87742989755,1.9589363375871471e-7,5.2813705429810565e-8,1.6503291828128483e-7
280,492243.8775291713,1.7361959692152595e-7,4.896106283597268e-8,1.6503481558241613e-7
281,492243.87756716914,1.54809939090228e-7,4.507833061689892e-8,1.6503475743781504e-7
282,492243.8775879158,1.35266034817505e-7,4.024107863598303e-8,1.6503374136793754e-7
283,492243.8776023683,1.06950906797465e-7,3.242408937176311e-8,1.650313980933094e-7
284,492243.87760471745,5.735576280585519e-8,2.966806711413028e-8,1.6502697240592237e-7
285,492243.8775976841,9.94655997843541e-9,2.3407801919006488e-8,1.6502943277780107e-7
286,492243.8777930129,9.9456736318837e-9,1.4316250393497931e-8,1.650292446251571e-7
287,492243.87822038,9.94475784013571e-9,1.1827373191941604e-8,1.6503237270536673e-7
288,492243.87851175905,9.943811083573673e-9,6.077616715449707e-9,1.650356686629383e-7
289,492243.80841305153,0.008187449859889284,8.779048743232974e-5,5.169775804585926e-8
290,492243.7833499571,0.007722956229969213,8.476670990952364e-5,2.0150829626142896e-8
291,492243.77019120107,0.00515683591268612,4.359970924465926e-5,1.6281620019078134e-8
292,492243.76492503483,0.002579753998901424,8.122399731848236e-5,1.2409411318402657e-8
293,492243.76216600824,0.0005684790642419557,9.169919475441244e-5,7.829973641577747e-9
294,492243.7622198656,4.460351848223354e-5,9.987056173117676e-5,6.045650405686289e-9
295,492243.7624396441,6.137993032950817e-6,8.68164799375494e-5,4.684052607812153e-9
296,492243.76261812693,8.279093535179527e-7,6.307544571619845e-5,3.3136822450395653e-9
297,492243.76321562653,9.079200680162103e-8,4.8562359881936894e-5,2.56500668506114e-9
298,492243.76334240055,9.999109460562261e-9,2.686923049746671e-5,1.551141084626162e-9
299,492243.7634541037,1.9355198332959844e-8,2.1336683344043948e-5,1.2946764229977889e-9
300,492243.7634829664,9.999177850300578e-9,1.7723766285468506e-5,1.1293093515581838e-9
301,492243.7635055155,9.999184442249787e-9,1.5900388612479012e-5,1.0463634539553417e-9
302,492243.7635175437,9.999187134540621e-9,1.2388302070067953e-5,8.858496815307466e-10
303,492243.763534116,9.999192241566535e-9,6.901885646193647e-6,6.350521151420554e-10
304,492243.7635631487,1.984660968901153e-8,6.82729348300597e-6,6.319731318114451e-10
305,492243.76356703014,9.999195443866071e-9,4.179121547688524e-6,5.10735876854169e-10
306,492243.76358006033,1.5365245076282008e-8,2.8225428700646044e-6,4.4868740877686976e-10
307,492243.7635857897,1.0538499850554217e-8,2.9614335485111658e-8,3.224831097502818e-10
308,492243.76359949715,7.741421370610624e-8,1.0503135612766046e-6,3.273191197260189e-10
309,492243.76360029867,1.3526928910323477e-8,1.1852942770000299e-6,3.246560496667753e-10
310,492243.7636003812,9.999108156050207e-9,1.28261941194794e-6,3.2457228650939414e-10
311,492243.76360138453,2.722062220072985e-8,2.7512911758943596e-7,3.2407891734029724e-10
312,492243.763608181,9.999096127477625e-9,3.330137372423126e-7,3.221345207065075e-10
313,492243.7636083729,9.999064812249436e-9,5.624199633445985e-8,3.199343839691496e-10
314,492243.7636120863,1.082788969597459e-8,2.861346150088993e-7,3.2043214496443495e-10
315,492243.76408790494,9.998945334904752e-9,1.4233040731832618e-6,3.2112001282213373e-10
316,492243.7643210422,1.0677150896754029e-7,1.426217787896993e-6,3.215662911466634e-10
317,492243.7643094,9.998841563746419e-9,3.7670193797482467e-7,3.201440904873463e-10
318,492243.76431779185,2.6660941898626334e-8,4.4187014871719093e-7,3.2299657828934597e-10
319,492243.7643365655,9.998490261425852e-9,3.171160783451278e-7,3.226906283134976e-10
320,492243.764552959,9.998395684301942e-9,1.337732045353715e-6,3.225664135805091e-10
321,492243.7645654383,9.998296444241328e-9,1.0234688084509967e-6,3.219021755248688e-10
322,492243.76506335725,9.998193897797769e-9,1.8591604649842875e-6,3.214978698164806e-10
323,492243.7655502825,9.997892042035161e-9,1.2626860481073504e-7,3.2039142114698263e-10
324,492243.7655446362,5.1372595066823123e-8,1.1113096608499907e-7,3.2024715735318527e-10
325,492243.76554930233,9.981760348831692e-9,3.059220915832691e-7,3.2146512002421587e-10
326,492243.7655599934,9.849660666944038e-9,2.2719303749746855e-7,3.213008147969848e-10
327,492243.7661118596,8.44649216541482e-9,2.298140987462777e-6,3.213670734934248e-10
328,492243.766289906,5.993690876948676e-8,1.5015653740109523e-6,3.2074546551273087e-10
329,492243.76658887276,8.44647139383592e-9,1.4704570826078178e-6,3.211577320036347e-10
330,492243.7669663213,1.0710620301779272e-7,1.765610326743064e-6,3.2104056486009444e-10
331,492243.76709490526,8.446462564093427e-9,1.0643420812605098e-6,3.204241445801144e-10
332,492243.76711169636,1.4138393567009189e-8,8.428052402200195e-7,3.2073633311049157e-10
333,492243.7671268921,8.446425014269066e-9,7.393792839324211e-7,3.2060352786043357e-10
334,492243.7672671624,8.446414370005817e-9,7.475817949921179e-7,3.2065575046453263e-10
335,492243.76728292974,8.446404575757072e-9,5.168594052413003e-7,3.2019394609035113e-10
336,492243.76730037964,1.3040860835644708e-8,4.460258665548583e-7,3.205098619521587e-10
337,492243.76730030973,8.446357471075805e-9,2.8552248499812572e-9,3.1958506571096517e-10
338,492243.76730102405,9.007693790863414e-8,1.8312976108251107e-7,3.1974378393504806e-10
339,492243.7673073147,8.446205141537932e-9,3.1292788640918017e-7,3.2025286978007524e-10
340,492243.7673078907,9.833186709329311e-9,2.336928859615335e-7,3.201480298843869e-10
341,492243.76731014415,8.446072886220124e-9,1.3884095694473753e-7,3.199375151819829e-10
342,492243.7676827918,1.2324292697485362e-8,1.4516201587637216e-6,3.2032656798197026e-10
343,492243.76788060775,8.303045717639179e-8,1.2450695632199634e-6,3.2024431690112767e-10
344,492243.7682881109,8.445852617972038e-9,6.926327190807414e-8,3.2000131566066057e-10
345,492243.7685230257,8.44515057538131e-9,6.901450994604638e-7,3.2833287877390544e-10
346,492243.7688561408,8.443596773155537e-9,8.208369188895601e-7,3.2958817307487023e-10
347,492243.76897546585,8.437988047865774e-9,5.980937451962676e-7,3.285366446676256e-10
348,492243.7695209517,7.248849808599855e-9,2.7181020691314367e-6,3.2812353558158467e-10
349,492243.76959144237,7.248839792306505e-9,8.292495305736551e-7,3.2266841819503217e-10
350,492243.77001645893,7.2488170951845454e-9,9.909746616948607e-7,3.2500872842272376e-10
351,492243.76996383374,7.248737020348894e-9,5.469465498902579e-7,3.236094834670744e-10
352,492243.7699897026,7.248684607413791e-9,5.0878772627958e-7,3.2355089517174993e-10
353,492243.77034637315,7.248658336761471e-9,6.950997450674498e-8,3.1985050959745466e-10
354,492243.77036584227,7.248413053800862e-9,4.871373467173028e-8,3.19792806890372e-10
355,492243.77038979484,7.248144844734794e-9,1.47271731586624e-7,3.2184270883230374e-10
356,492243.77059981215,7.2479507118305975e-9,1.70066217088094e-7,3.2157620108914046e-10
357,492243.77091946267,7.247836605189795e-9,8.719598161175887e-8,3.200498478598341e-10
358,492243.77121041145,7.2469547064690776e-9,1.6483808134271603e-6,3.204549038431711e-10
359,492243.7716833544,7.246292368229268e-9,1.3358617591977331e-6,3.204268578967849e-10
360,492243.7718726762,7.24563082449281e-9,6.854335243486331e-7,3.199685521804499e-10
361,492243.77188724827,7.24267527202338e-9,6.091890129124658e-7,3.2030300046950937e-10
362,492243.77207292535,7.237425273670661e-9,1.0388851781578494e-6,3.201772566983362e-10
363,492243.7722401064,7.213267937816736e-9,8.154763185173278e-7,3.2031385117795114e-10
364,492243.77263911476,6.564180851653667e-9,8.10636343774292e-7,3.22065500998574e-10
365,492243.7730147944,6.484601997730488e-9,1.1065953188282634e-6,3.2292529157391496e-10
366,492243.77310701687,6.484390580041577e-9,3.4180724586656275e-8,3.2039492699424223e-10
367,492243.7731178958,6.4829767977558905e-9,6.46470893574981e-8,3.202880795088955e-10
368,492243.77328421513,6.480830445215746e-9,1.0939135353950878e-8,3.222920758352052e-10
369,492243.77356999135,6.17713662512398e-9,2.314909864080351e-6,3.226594552856459e-10
370,492243.7738042972,9.747708418217371e-9,5.1514861582448515e-8,3.199684042433319e-10
371,492243.774211438,6.78593892189383e-9,1.5691543978272986e-6,3.246973375047539e-10
372,492243.77444507874,6.0087210207449004e-9,1.1602038015235587e-6,3.236133055896343e-10
373,492243.774437001,6.008710359134417e-9,9.174933139065615e-7,3.2310678469752547e-10
374,492243.7745891906,6.008696273179792e-9,8.134394158449722e-7,3.2293417758174673e-10
375,492243.774595504,6.008682634783824e-9,4.153201578675856e-7,3.2121885272470326e-10
376,492243.7746092627,6.4334955141021055e-9,2.584984113445819e-7,3.2091351082479766e-10
377,492243.774801346,6.008562404569151e-9,6.819586858592026e-7,3.215293181507798e-10
378,492243.7747957668,6.008459493833662e-9,4.5988664014299553e-7,3.2164857142932396e-10
379,492243.77510923066,6.008392401668505e-9,7.348138307387581e-7,3.2151940171594607e-10
380,492243.77510646614,6.008317024464027e-9,5.658572489469641e-7,3.2135006419676095e-10
381,492243.7751178797,6.008241161536976e-9,3.5496644406522813e-7,3.206825993248121e-10
382,492243.7756148047,6.008090240594566e-9,4.2226401506450725e-7,3.208605104853535e-10
383,492243.7757181036,6.00801910652371e-9,1.2356326458985972e-6,3.205255064355186e-10
384,492243.7757241265,6.007908909949622e-9,2.1093974253406055e-10,3.19675828762789e-10
385,492243.7757275584,6.007035806276928e-9,1.1559188722030152e-9,3.1958596380732854e-10
386,492243.77572786814,6.0021087162909215e-9,2.1008218194767674e-8,3.1960370418905263e-10
387,492243.776147063,4.88515206759077e-9,1.0309915888253272e-6,3.30759807033121e-10
388,492243.7760106339,2.429204926102102e-8,1.6594711014172002e-7,3.2734055520754874e-10
389,492243.7759989913,6.588109613403503e-9,3.5162154102003768e-9,3.203785684005021e-10
390,492243.7760493144,7.2576114007461e-9,2.0965896911444813e-7,3.202532306523228e-10
391,492243.77619181795,4.8806252442301634e-9,2.773390265350603e-7,3.214365892027956e-10
392,492243.776179447,4.859865575940203e-9,7.663509475879654e-8,3.2260528157708457e-10
393,492243.7764606945,4.552986730688158e-9,9.128630439969934e-8,3.2315673760053066e-10
394,492243.77642343123,5.141558290233661e-9,9.367154558091728e-9,3.2399787063958757e-10
395,492243.7764389218,6.997950663389929e-9,2.0539090518241457e-8,3.2109943004824216e-10
396,492243.7764445336,4.5521691867389524e-9,2.647129195392808e-8,3.2525463345675566e-10
397,492243.7764469616,4.551433206018141e-9,7.659936346992155e-8,3.236041684042758e-10
398,492243.7764487335,4.550957916071852e-9,6.713511524589384e-10,3.200791314991088e-10
399,492243.77645023254,4.547452425035514e-9,5.954277151802217e-8,3.200438372344188e-10
400,492243.7764714624,4.539270303388632e-9,1.0487486291075113e-7,3.20332271473704e-10
401,492243.7765741524,4.523659065391872e-9,2.137751827443763e-7,3.1998365608225676e-10
402,492243.77658204973,4.32012996209874e-9,1.9477302248415047e-7,3.202280526576147e-10
403,492243.77664251125,4.212085829430334e-9,5.42610327941475e-7,3.202928155295567e-10
404,492243.7767221009,4.012695953292678e-9,9.155672102141143e-7,3.200576226072992e-10
405,492243.7767273588,4.0121455047170684e-9,5.874653370770578e-7,3.199102845377784e-10
406,492243.77673208073,4.0110089034872676e-9,5.567713383578497e-7,3.199491886909111e-10
407,492243.7767331335,4.010067604365286e-9,2.728844407384745e-11,3.1960104942605715e-10
408,492243.77673404524,3.996174970793964e-9,4.2364107577366184e-8,3.1965474733918495e-10
409,492243.7767398947,3.935684462358369e-9,6.007633753467821e-8,3.1983328712194494e-10
410,492243.7769547474,3.6952407245216534e-9,2.0357581655139345e-8,3.204761075898653e-10
411,492243.77693808347,3.695187017482837e-9,4.078303087705639e-9,3.1969807592715485e-10
412,492243.7769475671,3.69511984031623e-9,8.204413867035631e-9,3.2697601311604763e-10
413,492243.7769527561,3.6950394757817584e-9,7.161038187777913e-8,3.236874725110119e-10
414,492243.7769529234,3.6950278583386398e-9,6.916978270796875e-8,3.2252492183430525e-10
415,492243.77695620595,3.6950080391229267e-9,1.2898873213464113e-8,3.201244744399111e-10
416,492243.77695887716,3.6949010621956102e-9,4.666528299283185e-8,3.2045971532673383e-10
417,492243.776960865,3.6948771438283234e-9,4.677283612784973e-8,3.200728053546661e-10
418,492243.77696421725,3.6948084522481217e-9,6.426551868790598e-10,3.2015099468852355e-10
419,492243.77696401475,3.6945790957837454e-9,5.162410776637927e-11,3.196292274071857e-10
420,492243.77696418634,3.6941500344833678e-9,3.419968081973644e-8,3.1966464142464774e-10
421,492243.77696680854,3.693907126359197e-9,2.2009524214012394e-9,3.205433373820731e-10
422,492243.7769666086,3.6928564945554188e-9,3.626126905031725e-8,3.2039911299039685e-10
423,492243.77696901397,3.6921208798612604e-9,5.91213566508101e-8,3.2030184977691806e-10
424,492243.7769699873,3.6912421574192278e-9,3.042473525720346e-10,3.197206924080961e-10
425,492243.7769701298,3.6827352920681955e-9,1.9087583108043262e-8,3.1970379845355644e-10
426,492243.7769722942,3.649106565528637e-9,3.1016141043092166e-8,3.2010581032130646e-10
427,492243.77697605523,3.2988889987761727e-9,3.3057079647409726e-9,3.2105757204406344e-10
428,492243.77697560645,3.256441944224364e-9,1.7039027402930876e-8,3.206268931183359e-10
429,492243.77697810985,3.062514514554082e-9,2.7945853148941824e-9,3.207865916081763e-10
430,492243.77697801095,3.0624978056975616e-9,7.580644960234205e-9,3.200420174448515e-10
431,492243.77698028064,3.0624848854771125e-9,8.667471167005114e-9,3.232996694446035e-10
432,492243.77697952965,3.062463697564577e-9,2.041653442662328e-9,3.2047089449238323e-10
433,492243.77697964094,3.0624388112215906e-9,5.2676827901617655e-9,3.197603128586896e-10
434,492243.77698260604,3.062416696966719e-9,7.959322105479533e-9,3.239862130914717e-10
435,492243.7769840562,3.0623928427842007e-9,8.581530600276083e-9,3.2440211820225944e-10
436,492243.77698308555,3.062355855010246e-9,7.489564379705577e-9,3.2078905973800516e-10
437,492243.77698515204,3.0623170284294066e-9,2.8621118988643277e-8,3.2250355140343466e-10
438,492243.7769855142,3.0622947823355506e-9,1.9496338470347593e-9,3.21016703222672e-10
439,492243.77698556334,3.0622411308078856e-9,3.922702609786277e-10,3.197452676475568e-10
440,492243.7769857274,3.0621671084224422e-9,1.147194346165557e-8,3.1963249952178686e-10
441,492243.776989046,3.0621038864253602e-9,1.1199546371895575e-8,3.2444930186309036e-10
442,492243.7769876753,3.061982733337798e-9,2.7177601623178116e-9,3.20776557526745e-10
443,492243.77698779805,3.061809616608513e-9,1.602785179840719e-9,3.1957387830479056e-10
444,492243.77698823874,3.0615573496511894e-9,2.693519497454324e-8,3.19589161060681e-10
445,492243.7769898039,3.0614319742466867e-9,6.874227221741885e-9,3.2000152419331e-10
446,492243.7769915273,3.0610438645634064e-9,9.245605913678345e-9,3.2364148744586334e-10
447,492243.77699083445,3.0601176453926016e-9,2.2024979869431083e-9,3.2055034675327996e-10
448,492243.77699093905,3.057356135621747e-9,2.6752835741385797e-9,3.1958059416069577e-10
449,492243.77699116507,3.0352223633761666e-9,3.40576647866472e-8,3.1958324654725574e-10
450,492243.77699463605,2.3197882417086424e-9,4.9942810698665185e-9,3.217562717867748e-10
451,492243.7769937958,2.3197626684151595e-9,9.112677821533632e-10,3.199988402306396e-10
452,492243.77699402923,2.319732373204375e-9,2.2804491286741692e-9,3.1958988016295387e-10
453,492243.7769941573,2.319698762937028e-9,1.5089587958304246e-11,3.1960700618328853e-10
454,492243.7769941534,2.319657793972696e-9,1.582922476117031e-11,3.196056689518253e-10
455,492243.77699415275,2.3196089146693133e-9,1.5854877545297202e-11,3.1960439257400747e-10
456,492243.7769941537,2.319549765802953e-9,1.5883569964412758e-11,3.196004938334318e-10
457,492243.77699415816,2.3194767859863186e-9,1.5141192250925766e-8,3.1959075822150373e-10
458,492243.7769955687,2.3194155675948513e-9,6.571650906610216e-9,3.2245451458460707e-10
459,492243.7769949706,2.3193060267462373e-9,1.5968168909537284e-9,3.2029872643369433e-10
460,492243.7769950176,2.3191585405563098e-9,1.6785352950838014e-9,3.195899946265314e-10
461,492243.77699518926,2.318959031744061e-9,6.077896587170124e-11,3.1960993600129646e-10
462,492243.7769951855,2.3186538296998682e-9,1.5719209578802548e-11,3.196063178459093e-10
463,492243.7769951852,2.3181513670450515e-9,1.574402792729606e-11,3.196057322072999e-10
464,492243.7769951844,2.3171916035263918e-9,1.5775452526610276e-11,3.196044057250654e-10
465,492243.77699518524,2.3147739072748585e-9,1.6259574416033207e-11,3.1960018153005453e-10
466,492243.7769951897,2.302409436716335e-9,1.7757782019108474e-8,3.1959038081349167e-10
467,492243.77699688636,1.0668229095261994e-9,6.719705045003799e-9,3.2250361325338187e-10
468,492243.7769962165,1.0668226770732536e-9,1.598704015524921e-9,3.202962614854952e-10
469,492243.7769962886,1.0668224446203078e-9,2.2143773610991028e-9,3.195903076494418e-10
470,492243.776996468,1.066822222575703e-9,1.4849716663532464e-11,3.196098714002594e-10
471,492243.7769964639,1.0668219901227571e-9,1.561757739185731e-11,3.1960719909968244e-10
472,492243.77699646156,1.0668217559350879e-9,1.564557207622991e-11,3.1960719131085637e-10
473,492243.7769964615,1.0668215217474186e-9,1.5672776178503517e-11,3.196071906277356e-10
474,492243.77699646103,1.0668212858250259e-9,1.569870397952773e-11,3.196071912452989e-10
475,492243.7769964603,1.0668210499026332e-9,1.573237604407258e-11,3.1960719173271404e-10
476,492243.7769964588,1.066820815714964e-9,1.5758901509803985e-11,3.1960719069617504e-10
477,492243.77699645725,1.0668205797925712e-9,1.5785482951366912e-11,3.196071910010074e-10
478,492243.7769964563,1.066820342135455e-9,1.5819600499599233e-11,3.196071910816119e-10
479,492243.7769964563,1.0668201044783387e-9,1.5850179683699862e-11,3.1960719116102036e-10
480,492243.77699645446,1.0668198668212225e-9,1.5876193550464678e-11,3.1960719107104983e-10
481,492243.7769964534,1.0668196291641063e-9,1.5905691219877816e-11,3.19607190902043e-10
482,492243.77699645364,1.0668193897722666e-9,1.5932358301780556e-11,3.1960719062216497e-10
483,492243.7769964524,1.066819150380427e-9,1.5964701884544356e-11,3.19607191552547e-10
484,492243.7769964511,1.0668189109885873e-9,1.599482550937984e-11,3.196071910959013e-10
485,492243.7769964497,1.0668186698620241e-9,1.6024241859245984e-11,3.196071917385791e-10
486,492243.77699644817,1.066818428735461e-9,1.6054005649205793e-11,3.1960719098255935e-10
487,492243.77699644794,1.0668181876088978e-9,1.6087253262984786e-11,3.1960719145743805e-10
488,492243.7769964466,1.0668179464823346e-9,1.6112618795870646e-11,3.196071905508679e-10
489,492243.7769964468,1.066817703621048e-9,1.6151529556276934e-11,3.1960719079512084e-10
490,492243.7769964433,1.0668174607597614e-9,1.617979656328725e-11,3.19607190926403e-10
491,492243.7769964427,1.0668172161637512e-9,1.6210117996552432e-11,3.1960719095937957e-10
492,492243.7769964435,1.0668169733024646e-9,1.624485308408608e-11,3.196071907696429e-10
493,492243.7769964413,1.0668167287064545e-9,1.6275744545701073e-11,3.1960719062720767e-10
494,492243.7769964412,1.066816482375721e-9,1.631041129064607e-11,3.196071916265863e-10
495,492243.77699644037,1.0668162360449873e-9,1.633708495830111e-11,3.1960719116177723e-10
496,492243.77699643874,1.0668159914489772e-9,1.6378289202930346e-11,3.196071906755193e-10
497,492243.7769964369,1.0668157433835201e-9,1.640891911012664e-11,3.196071912215716e-10
498,492243.7769964377,1.0668154970527866e-9,1.6441992048605814e-11,3.196071904137563e-10
499,492243.77699643595,1.066815247252606e-9,1.6470319328318408e-11,3.1960719083705057e-10
500,492243.77699643525,1.066814999187149e-9,1.650326846016398e-11,3.196071911303887e-10
501,492243.7769964336,1.0668147493869684e-9,1.6542934994434286e-11,3.1960719135475345e-10
502,492243.77699643176,1.0668144995867879e-9,1.657700933713724e-11,3.1960719144482515e-10
503,492243.7769964317,1.0668142497866073e-9,1.6610431984322393e-11,3.196071913436891e-10
504,492243.7769964298,1.0668139982517033e-9,1.6652237381503926e-11,3.196071911665015e-10
505,492243.77699643036,1.0668137467167993e-9,1.6683038262108717e-11,3.1960719085340667e-10
506,492243.77699642885,1.0668134934471718e-9,1.6717850397478128e-11,3.1960719163449575e-10
507,492243.77699642745,1.0668132419122678e-9,1.675073409848029e-11,3.1960719111040595e-10
508,492243.77699642716,1.0668129869079168e-9,1.679188954340069e-11,3.196071916852307e-10
509,492243.77699642594,1.0668127336382893e-9,1.6827536093671026e-11,3.1960719090762485e-10
510,492243.77699642454,1.0668124786339384e-9,1.6859977466403475e-11,3.1960719125088955e-10
511,492243.77699642384,1.0668122236295874e-9,1.68958194928777e-11,3.1960719143462715e-10
512,492243.77699642413,1.066811966890513e-9,1.6933868688302e-11,3.1960719154393384e-10
513,492243.77699642204,1.0668117101514385e-9,1.6972029511237112e-11,3.196071915482576e-10
514,492243.7769964213,1.066811453412364e-9,1.7005611273447255e-11,3.196071914289565e-10
515,492243.7769964193,1.0668111966732896e-9,1.7050726092035037e-11,3.1960719112327156e-10
516,492243.7769964202,1.0668109381994917e-9,1.708823650173615e-11,3.1960719079038456e-10
517,492243.7769964176,1.0668106779909703e-9,1.7124637312533647e-11,3.196071914881781e-10
518,492243.7769964166,1.0668104195171724e-9,1.7165521277273316e-11,3.1960719088210736e-10
519,492243.7769964165,1.0668101575739275e-9,1.7206169953450705e-11,3.1960719128648153e-10
520,492243.7769964151,1.0668098956306826e-9,1.724371064336869e-11,3.1960719165130633e-10
521,492243.776996414,1.0668096354221612e-9,1.728555409122567e-11,3.1960719067723504e-10
522,492243.77699641394,1.0668093734789164e-9,1.7322082994380437e-11,3.1960719076477256e-10
523,492243.77699641197,1.066809109800948e-9,1.736083299766098e-11,3.196071907061004e-10
524,492243.7769964113,1.0668088461229797e-9,1.7407355220481838e-11,3.196071905361883e-10
525,492243.7769964091,1.0668085789755644e-9,1.7439722763595834e-11,3.1960719146124024e-10
526,492243.77699640876,1.066808315297596e-9,1.748567733004203e-11,3.1960719108132373e-10
527,492243.776996408,1.0668080498849042e-9,1.7526914123085204e-11,3.196071905366074e-10
528,492243.7769964085,1.0668077827374889e-9,1.7572647998804415e-11,3.1960719103260915e-10
529,492243.7769964048,1.0668075138553501e-9,1.7614385756783713e-11,3.196071914503811e-10
530,492243.77699640463,1.0668072467079348e-9,1.765398702569636e-11,3.196071905830813e-10
531,492243.77699640475,1.066806977825796e-9,1.770095809632177e-11,3.1960719073050413e-10
532,492243.77699640207,1.0668067089436573e-9,1.774355836522364e-11,3.1960719065826334e-10
533,492243.77699640184,1.066806438326795e-9,1.778713078640726e-11,3.196071905475319e-10
534,492243.7769964014,1.0668061659752093e-9,1.7828566741074824e-11,3.1960719148761634e-10
535,492243.77699640085,1.066805895358347e-9,1.7873223061131922e-11,3.196071911583324e-10
536,492243.7769963995,1.0668056230067613e-9,1.791919849546727e-11,3.196071906451215e-10
537,492243.7769964001,1.066805348920452e-9,1.7958638221708868e-11,3.196071911552563e-10
538,492243.77699639834,1.0668050730994194e-9,1.8010027459673695e-11,3.196071915684153e-10
539,492243.7769963966,1.0668048007478337e-9,1.8058170037330406e-11,3.196071906280995e-10
540,492243.776996396,1.066804524926801e-9,1.8097070756164413e-11,3.1960719078675566e-10
541,492243.77699639514,1.0668042473710448e-9,1.8150460639906473e-11,3.1960719081314666e-10
542,492243.7769963936,1.0668039715500122e-9,1.819609360047769e-11,3.1960719074241217e-10
543,492243.7769963924,1.0668036922595325e-9,1.8244266963055523e-11,3.196071917188652e-10
544,492243.77699639124,1.066803412969053e-9,1.8293148865595116e-11,3.19607191321969e-10
545,492243.7769963903,1.0668031354132967e-9,1.8335842054153578e-11,3.1960719076001617e-10
546,492243.77699638973,1.0668028526533702e-9,1.8386071667086617e-11,3.1960719119784287e-10
547,492243.77699638833,1.066802571628167e-9,1.8438286596097003e-11,3.1960719155973625e-10
548,492243.77699638775,1.066802290602964e-9,1.848769901062467e-11,3.1960719057698876e-10
549,492243.7769963859,1.0668020078430374e-9,1.85395547213729e-11,3.1960719069409593e-10
550,492243.7769963857,1.0668017250831108e-9,1.858566584014094e-11,3.196071905872955e-10
551,492243.7769963854,1.0668014388537372e-9,1.8633054533940416e-11,3.1960719150475997e-10
552,492243.7769963831,1.0668011526243637e-9,1.8685370668601318e-11,3.196071911128158e-10
553,492243.7769963833,1.0668008681297136e-9,1.8737243546571606e-11,3.196071905916904e-10
554,492243.77699638205,1.0668005801656166e-9,1.8790407898651114e-11,3.196071911784625e-10
555,492243.77699638205,1.0668002922015196e-9,1.8843531463778106e-11,3.196071915071878e-10
556,492243.7769963783,1.0668000042374226e-9,1.8892589691533475e-11,3.1960719053771614e-10
557,492243.7769963795,1.0667997145386021e-9,1.8956040046166856e-11,3.196071906501651e-10
558,492243.7769963778,1.0667994231050582e-9,1.9003282013191935e-11,3.1960719059499023e-10
559,492243.7769963774,1.0667991299367907e-9,1.9055395959809506e-11,3.196071914847274e-10
560,492243.7769963763,1.0667988385032467e-9,1.9111785148113657e-11,3.196071910818091e-10
561,492243.776996375,1.0667985453349793e-9,1.9173421031679907e-11,3.1960719056511603e-10
562,492243.7769963751,1.0667982504319884e-9,1.9224899272819498e-11,3.196071909534223e-10
563,492243.7769963724,1.0667979555289975e-9,1.928029195651563e-11,3.196071913447906e-10
564,492243.7769963725,1.066797658891283e-9,1.933396470883114e-11,3.1960719147922495e-10
565,492243.77699637157,1.0667973622535687e-9,1.939389726539205e-11,3.1960719150427084e-10
566,492243.7769963704,1.0667970638811308e-9,1.944826575927611e-11,3.196071913762721e-10
567,492243.77699636994,1.066796765508693e-9,1.9504258892108345e-11,3.1960719103757906e-10
568,492243.77699636854,1.0667964654015316e-9,1.9570702945654662e-11,3.1960719064271426e-10
569,492243.77699636645,1.0667961635596468e-9,1.9623866910797278e-11,3.1960719118794653e-10
570,492243.77699636685,1.066795861717762e-9,1.967909269035196e-11,3.1960719154790943e-10
571,492243.77699636616,1.0667955598758772e-9,1.9741757935652245e-11,3.196071906161798e-10
572,492243.776996364,1.0667952562992689e-9,1.9804202116280354e-11,3.1960719076990956e-10
573,492243.7769963646,1.066794950987937e-9,1.986995019887101e-11,3.1960719064465007e-10
574,492243.7769963624,1.0667946439418818e-9,1.99286563013419e-11,3.196071914447914e-10
575,492243.77699636034,1.0667943368958266e-9,1.9985136025239074e-11,3.196071910139363e-10
576,492243.77699636144,1.0667940298497713e-9,2.004875688600828e-11,3.19607190476291e-10
577,492243.77699636127,1.0667937210689926e-9,2.0120129515514617e-11,3.196071908997025e-10
578,492243.7769963576,1.0667934105534904e-9,2.0175633927584656e-11,3.196071911067026e-10
579,492243.77699635806,1.0667930983032647e-9,2.024399021411706e-11,3.196071911531519e-10
580,492243.7769963577,1.066792786053039e-9,2.0307268282280404e-11,3.196071910253746e-10
581,492243.7769963555,1.0667924738028134e-9,2.0374773197792933e-11,3.19607190742182e-10
582,492243.77699635515,1.0667921580831408e-9,2.0444825758553854e-11,3.196071914491129e-10
583,492243.7769963539,1.0667918440981916e-9,2.051165281423685e-11,3.1960719101230357e-10
584,492243.7769963518,1.0667915266437955e-9,2.0576586642243786e-11,3.1960719134374243e-10
585,492243.77699635265,1.0667912091893994e-9,2.0647169830596237e-11,3.196071914686474e-10
586,492243.77699635056,1.0667908900002798e-9,2.0716546761414652e-11,3.1960719152453036e-10
587,492243.7769963511,1.0667905708111602e-9,2.0783933350747295e-11,3.196071912973556e-10
588,492243.77699634864,1.0667902498873172e-9,2.085223006564277e-11,3.196071909789994e-10
589,492243.77699634846,1.0667899272287507e-9,2.0920340571625883e-11,3.196071915186061e-10
590,492243.77699634794,1.0667896045701841e-9,2.099967242086091e-11,3.196071909126967e-10
591,492243.7769963456,1.0667892801768941e-9,2.1070914682199538e-11,3.196071911873622e-10
592,492243.7769963453,1.0667889540488806e-9,2.113373429942155e-11,3.196071911958424e-10
593,492243.77699634555,1.0667886261861437e-9,2.1212563129023667e-11,3.196071911668194e-10
594,492243.7769963442,1.0667882983234067e-9,2.128641102766021e-11,3.196071908525798e-10
595,492243.7769963428,1.0667879687259463e-9,2.1358775209234135e-11,3.1960719145644114e-10
596,492243.77699634247,1.0667876391284858e-9,2.1437767252059758e-11,3.196071908982636e-10
597,492243.77699634014,1.066787307796302e-9,2.151064041953672e-11,3.196071911730565e-10
598,492243.77699633996,1.066786972994671e-9,2.1592063544718527e-11,3.1960719120410763e-10
599,492243.77699633833,1.0667866399277637e-9,2.1665910649926734e-11,3.196071911210626e-10
600,492243.7769963392,1.0667863051261328e-9,2.174404031659901e-11,3.19607190867543e-10
601,492243.77699633746,1.0667859685897785e-9,2.1821463491996023e-11,3.1960719047304276e-10
602,492243.7769963357,1.0667856303187007e-9,2.190588236077867e-11,3.1960719093300854e-10
603,492243.7769963342,1.0667852903128994e-9,2.197924887223615e-11,3.196071911786198e-10
604,492243.776996334,1.0667849485723746e-9,2.2059298850932814e-11,3.196071912147936e-10
605,492243.77699633257,1.0667846068318498e-9,2.2146143332538367e-11,3.196071911557632e-10
606,492243.7769963321,1.0667842633566016e-9,2.2229339294093776e-11,3.1960719085874664e-10
607,492243.77699633164,1.0667839181466299e-9,2.2314257452115022e-11,3.1960719143749095e-10
608,492243.7769963307,1.0667835729366582e-9,2.239349402041045e-11,3.196071907733305e-10
609,492243.77699632995,1.066783225991963e-9,2.2482481112032244e-11,3.196071909914596e-10
610,492243.7769963277,1.0667828773125443e-9,2.256382987206398e-11,3.1960719101777165e-10
611,492243.77699632756,1.0667825268984021e-9,2.2652861391802974e-11,3.196071908751282e-10
612,492243.77699632704,1.06678217648426e-9,2.2741984535353954e-11,3.1960719046988976e-10
613,492243.7769963251,1.0667818226006709e-9,2.2831719733212976e-11,3.196071909693767e-10
614,492243.7769963245,1.0667814669823583e-9,2.292275395017352e-11,3.196071912337873e-10
615,492243.77699632396,1.0667811113640457e-9,2.3009189140537233e-11,3.1960719134481115e-10
616,492243.7769963229,1.0667807540110097e-9,2.3099560158200523e-11,3.1960719125643373e-10
617,492243.776996322,1.0667803949232502e-9,2.3191854739028954e-11,3.19607190954757e-10
618,492243.7769963187,1.0667800358354906e-9,2.3289153765860473e-11,3.1960719051936653e-10
619,492243.7769963194,1.0667796732782842e-9,2.338212444192216e-11,3.196071908732789e-10
620,492243.7769963177,1.0667793089863542e-9,2.347796935405162e-11,3.1960719106602394e-10
621,492243.776996317,1.0667789446944242e-9,2.3566523038142944e-11,3.1960719096083143e-10
622,492243.7769963179,1.0667785786677708e-9,2.3670288342159686e-11,3.19607190745289e-10
623,492243.7769963152,1.0667782091716704e-9,2.376610325486866e-11,3.1960719125884677e-10
624,492243.7769963144,1.0667778414102935e-9,2.3863529587534418e-11,3.196071907845026e-10
625,492243.77699631476,1.0667774701794697e-9,2.395973628713082e-11,3.196071909482685e-10
626,492243.7769963128,1.0667770972139223e-9,2.4069239537019387e-11,3.196071909416534e-10
627,492243.77699631045,1.0667767225136515e-9,2.4166254423129923e-11,3.196071906475804e-10
628,492243.7769963102,1.0667763460786572e-9,2.4270431910175528e-11,3.1960719116900637e-10
629,492243.7769963106,1.066775969643663e-9,2.4375075982638408e-11,3.1960719061499425e-10
630,492243.77699630836,1.0667755897392217e-9,2.4478812756734255e-11,3.196071907778916e-10
631,492243.77699630766,1.066775208100057e-9,2.458813705428473e-11,3.196071907031513e-10
632,492243.776996307,1.0667748247261688e-9,2.4691481756850372e-11,3.196071913860879e-10
633,492243.77699630545,1.0667744413522806e-9,2.4795626182234664e-11,3.1960719093353235e-10
634,492243.7769963052,1.0667740545089455e-9,2.4908522320161065e-11,3.196071912534973e-10
635,492243.7769963028,1.0667736659308868e-9,2.50150087064598e-11,3.1960719129108184e-10
636,492243.776996303,1.0667732773528282e-9,2.5134132623004083e-11,3.1960719116203086e-10
637,492243.7769963009,1.0667728853053227e-9,2.524955993314333e-11,3.1960719081758613e-10
638,492243.7769963014,1.0667724915230936e-9,2.535886898100048e-11,3.1960719129005655e-10
639,492243.7769963002,1.0667720977408646e-9,2.547443877331953e-11,3.1960719052770245e-10
640,492243.7769962985,1.066771702223912e-9,2.558856715755073e-11,3.1960719052049967e-10
641,492243.7769962974,1.066771301502789e-9,2.5701163947305285e-11,3.1960719122095e-10
642,492243.7769962958,1.0667709007816661e-9,2.5825635106510047e-11,3.1960719080054994e-10
643,492243.77699629636,1.0667704983258197e-9,2.5950344130039762e-11,3.1960719108204694e-10
644,492243.7769962958,1.0667700941352498e-9,2.6067248860622033e-11,3.1960719117065396e-10
645,492243.7769962932,1.0667696882099564e-9,2.6189769140204792e-11,3.1960719101057864e-10
646,492243.77699629223,1.0667692805499396e-9,2.63134155253483e-11,3.196071907066147e-10
647,492243.7769962928,1.0667688694204758e-9,2.6433719390136596e-11,3.1960719110254717e-10
648,492243.7769962903,1.0667684565562885e-9,2.656461405535968e-11,3.196071912269254e-10
649,492243.7769962889,1.0667680419573777e-9,2.669522629616891e-11,3.196071911346812e-10
650,492243.7769962883,1.0667676256237435e-9,2.6827429636430884e-11,3.196071908189832e-10
651,492243.77699628775,1.0667672075553858e-9,2.6952390887113872e-11,3.196071911425919e-10
652,492243.7769962865,1.0667667877523046e-9,2.7092009220003647e-11,3.1960719048389744e-10
653,492243.77699628565,1.0667663662145e-9,2.7218411122345936e-11,3.196071904073912e-10
654,492243.77699628443,1.0667659394725248e-9,2.7357159501972297e-11,3.196071910679174e-10
655,492243.7769962836,1.0667655144652732e-9,2.7485362972932497e-11,3.1960719053462434e-10
656,492243.77699628274,1.0667650842538512e-9,2.763470454800081e-11,3.1960719073194916e-10
657,492243.77699628164,1.0667646540424292e-9,2.776872730416268e-11,3.196071907249354e-10
658,492243.7769962808,1.0667642203615602e-9,2.791685217605191e-11,3.1960719046890216e-10
659,492243.77699627937,1.0667637849459677e-9,2.805343997603838e-11,3.1960719082120965e-10
660,492243.77699627844,1.0667633460609283e-9,2.819787106120261e-11,3.1960719099626676e-10
661,492243.77699627774,1.0667629071758888e-9,2.8338529748179953e-11,3.196071909199522e-10
662,492243.7769962773,1.0667624648214025e-9,2.8497169496229287e-11,3.196071905621485e-10
663,492243.7769962751,1.0667620189974691e-9,2.864005343006326e-11,3.196071908516964e-10
664,492243.7769962748,1.0667615731735358e-9,2.8792682011693538e-11,3.1960719107238816e-10
665,492243.77699627273,1.0667611238801555e-9,2.8948345358546356e-11,3.1960719095728133e-10
666,492243.7769962736,1.0667606728520518e-9,2.9100520938206524e-11,3.19607190583499e-10
667,492243.77699627064,1.0667602166197776e-9,2.924971531792413e-11,3.1960719089127025e-10
668,492243.7769962705,1.0667597603875034e-9,2.9407905057560065e-11,3.196071909172364e-10
669,492243.77699626895,1.0667593024205058e-9,2.957286280140871e-11,3.196071906454465e-10
670,492243.77699626796,1.0667588392493377e-9,2.973000302353628e-11,3.196071910226376e-10
671,492243.77699626714,1.0667583743434461e-9,2.989701299484317e-11,3.1960719122875544e-10
672,492243.77699626656,1.0667579094375546e-9,3.00625615318343e-11,3.196071911305297e-10
673,492243.7769962647,1.0667574393274926e-9,3.022868870038962e-11,3.196071908036645e-10
674,492243.77699626336,1.066756967482707e-9,3.040044604615314e-11,3.1960719104966587e-10
675,492243.77699626214,1.0667564921684747e-9,3.0566696675871736e-11,3.1960719101030655e-10
676,492243.77699626196,1.0667560168542423e-9,3.0738154274848384e-11,3.196071908067052e-10
677,492243.7769962603,1.0667555363358394e-9,3.0921632868599246e-11,3.196071911520176e-10
678,492243.77699626016,1.066755054082713e-9,3.1099084427380896e-11,3.196071904707237e-10
679,492243.77699625806,1.0667545683601398e-9,3.12717232916468e-11,3.196071911786383e-10
680,492243.77699625783,1.066754080902843e-9,3.1452698698648816e-11,3.1960719077460604e-10
681,492243.77699625667,1.0667535882413759e-9,3.164455031836518e-11,3.1960719094102537e-10
682,492243.7769962565,1.0667530955799087e-9,3.1825857820327435e-11,3.1960719082508054e-10
683,492243.77699625446,1.0667525994489946e-9,3.201350356938118e-11,3.1960719048634114e-10
684,492243.7769962533,1.06675209811391e-9,3.2202359758371155e-11,3.1960719072875516e-10
685,492243.7769962518,1.0667515967788255e-9,3.239515340947565e-11,3.1960719074525064e-10
686,492243.77699625166,1.066751091974294e-9,3.258445994327518e-11,3.196071904443413e-10
687,492243.77699625125,1.066750581965592e-9,3.278211021186004e-11,3.19607190710431e-10
688,492243.7769962494,1.0667500702221666e-9,3.2988694058546024e-11,3.196071906707155e-10
689,492243.7769962482,1.0667495567440177e-9,3.3185254464669e-11,3.196071904246356e-10
690,492243.7769962461,1.0667490380616984e-9,3.3386321513482204e-11,3.196071907052672e-10
691,492243.7769962457,1.0667485176446556e-9,3.3600582739520514e-11,3.196071907043468e-10
692,492243.7769962436,1.0667479937581659e-9,3.3809490520312645e-11,3.196071903755087e-10
693,492243.7769962441,1.0667474646675057e-9,3.402008787425712e-11,3.1960719068226885e-10
694,492243.7769962418,1.0667469355768455e-9,3.422692781117212e-11,3.1960719071684727e-10
695,492243.7769962407,1.066746401282015e-9,3.4450785421861804e-11,3.1960719045393443e-10
696,492243.77699624177,1.0667458635177374e-9,3.466949792205167e-11,3.1960719063722535e-10
697,492243.77699623874,1.0667453222840129e-9,3.4893397367969937e-11,3.1960719058564335e-10
698,492243.7769962377,1.0667447775808414e-9,3.511114565190841e-11,3.196071910158546e-10
699,492243.7769962365,1.0667442311429465e-9,3.534276152731031e-11,3.1960719042196834e-10
700,492243.7769962351,1.0667436812356046e-9,3.557372193507876e-11,3.1960719030740455e-10
701,492243.77699623385,1.0667431261240923e-9,3.5806795539708875e-11,3.19607190688855e-10
702,492243.7769962329,1.066742567543133e-9,3.604157299352525e-11,3.1960719081447e-10
703,492243.7769962335,1.0667420054927268e-9,3.6280448262795335e-11,3.1960719058705234e-10
704,492243.7769962304,1.0667414399728736e-9,3.6530311717398605e-11,3.1960719092103825e-10
705,492243.77699622954,1.0667408709835735e-9,3.676587113794169e-11,3.196071910309452e-10
706,492243.7769962286,1.0667402985248264e-9,3.701896915858082e-11,3.1960719079821144e-10
707,492243.77699622663,1.066739720861909e-9,3.726332129957833e-11,3.196071909465526e-10
708,492243.77699622686,1.0667391397295445e-9,3.7523408029950445e-11,3.1960719090137927e-10
709,492243.7769962249,1.0667385568624566e-9,3.777713596406619e-11,3.196071904524327e-10
710,492243.7769962239,1.0667379687911982e-9,3.804051318199797e-11,3.1960719051703854e-10
711,492243.77699622384,1.0667373755157694e-9,3.8301445246486885e-11,3.1960719102707247e-10
712,492243.77699622157,1.0667367805056172e-9,3.857430266071198e-11,3.196071904532134e-10
713,492243.7769962207,1.0667361802912945e-9,3.884851060577156e-11,3.1960719038359176e-10
714,492243.7769962194,1.0667355748728014e-9,3.912381933753816e-11,3.1960719080220424e-10
715,492243.7769962176,1.0667349659848613e-9,3.9402830998221795e-11,3.1960719082419815e-10
716,492243.7769962167,1.0667343536274743e-9,3.967724672898661e-11,3.1960719050661363e-10
717,492243.7769962156,1.0667337343311933e-9,3.9969562481718774e-11,3.1960719062407865e-10
718,492243.7769962143,1.066733113300189e-9,4.025439584307073e-11,3.196071905287184e-10
719,492243.776996213,1.0667324870650141e-9,4.054427851513882e-11,3.196071908033774e-10
720,492243.77699621144,1.0667318573603923e-9,4.084932052833989e-11,3.1960719075316484e-10
721,492243.7769962109,1.0667312224516001e-9,4.115044692502984e-11,3.196071903920643e-10
722,492243.77699621004,1.0667305823386375e-9,4.1451841923077076e-11,3.1960719044952033e-10
723,492243.7769962085,1.0667299370215044e-9,4.175379007993947e-11,3.196071908645936e-10
724,492243.77699620655,1.0667292882349244e-9,4.207070354413377e-11,3.196071909602159e-10
725,492243.77699620696,1.0667286359788974e-9,4.238569311332122e-11,3.1960719074775844e-10
726,492243.7769962043,1.0667279767839766e-9,4.2705114882732263e-11,3.1960719091354663e-10
727,492243.776996204,1.0667273141196087e-9,4.302971138165979e-11,3.1960719082017397e-10
728,492243.7769962007,1.0667266462510705e-9,4.33630006986424e-11,3.1960719028139815e-10
729,492243.7769962009,1.0667259731783618e-9,4.368957162068611e-11,3.1960719090353475e-10
730,492243.7769961995,1.0667252949014827e-9,4.403719367288776e-11,3.196071904309734e-10
731,492243.7769961979,1.0667246114204332e-9,4.437661948954441e-11,3.196071903823279e-10
732,492243.7769961977,1.0667239227352132e-9,4.471856973574709e-11,3.1960719074497746e-10
733,492243.77699619473,1.0667232288458228e-9,4.5073369559953614e-11,3.196071906550501e-10
734,492243.77699619345,1.0667225314869855e-9,4.5425468977052414e-11,3.196071902381132e-10
735,492243.77699619264,1.0667218271892542e-9,4.5788274007092896e-11,3.196071901983831e-10
736,492243.7769961916,1.0667211176873526e-9,4.615000248632035e-11,3.1960719054774327e-10
737,492243.7769961899,1.066720401246557e-9,4.6527578456000196e-11,3.196071904769844e-10
738,492243.776996188,1.0667196813363145e-9,4.69045013072081e-11,3.1960719069176085e-10
739,492243.77699618693,1.066718954487178e-9,4.7283560557530076e-11,3.1960719061993774e-10
740,492243.7769961854,1.0667182224338712e-9,4.766898207569612e-11,3.1960719017294443e-10
741,492243.7769961847,1.0667174834416704e-9,4.806421457650441e-11,3.19607190799678e-10
742,492243.7769961824,1.0667167409800227e-9,4.84535762452477e-11,3.196071903578388e-10
743,492243.7769961825,1.066715991579481e-9,4.8854233991997124e-11,3.196071901836231e-10
744,492243.776996181,1.0667152352400455e-9,4.9271974942417874e-11,3.196071902275765e-10
745,492243.77699617925,1.0667144736964396e-9,4.96749982352741e-11,3.1960719005576494e-10
746,492243.77699617704,1.0667137069486632e-9,5.009357141667518e-11,3.1960719029353304e-10
747,492243.7769961762,1.0667129315272694e-9,5.051732093176561e-11,3.196071906904481e-10
748,492243.7769961749,1.0667121509017052e-9,5.095276943477782e-11,3.1960719067447184e-10
749,492243.7769961731,1.0667113650719706e-9,5.138725353889385e-11,3.1960719029235395e-10
750,492243.7769961712,1.0667105705686186e-9,5.183098739220257e-11,3.196071902281736e-10
751,492243.77699617186,1.0667097708610962e-9,5.227229293383792e-11,3.196071903197639e-10
752,492243.77699616784,1.0667089624799564e-9,5.272767095333087e-11,3.1960719074175854e-10
753,492243.77699616825,1.0667081506293696e-9,5.318733770983471e-11,3.1960719015423345e-10
754,492243.7769961667,1.0667073301051655e-9,5.3659904472865806e-11,3.1960719046759935e-10
755,492243.7769961647,1.0667065026420675e-9,5.413067476906431e-11,3.196071903783146e-10
756,492243.7769961646,1.066705666505352e-9,5.46108203221728e-11,3.196071905737941e-10
757,492243.7769961613,1.0667048268991897e-9,5.509458195697553e-11,3.1960719025271706e-10
758,492243.77699616074,1.0667039768846864e-9,5.558733742430593e-11,3.196071902651988e-10
759,492243.7769961584,1.0667031216660128e-9,5.6081502622632524e-11,3.196071904714553e-10
760,492243.77699615667,1.0667022577737217e-9,5.6589415016300925e-11,3.19607190328308e-10
761,492243.7769961557,1.0667013869425368e-9,5.710317825690901e-11,3.196071903966906e-10
762,492243.776996154,1.0667005074377345e-9,5.762312552589395e-11,3.196071906634849e-10
763,492243.77699615376,1.0666996209940383e-9,5.81496940892413e-11,3.1960719043457597e-10
764,492243.7769961508,1.0666987276114481e-9,5.868817844056694e-11,3.196071904739638e-10
765,492243.77699614986,1.0666978255552406e-9,5.922335476578121e-11,3.196071900756858e-10
766,492243.7769961475,1.0666969148254157e-9,5.97787390975643e-11,3.196071905511493e-10
767,492243.77699614654,1.0666959954219735e-9,6.033021196291887e-11,3.196071905646229e-10
768,492243.77699614456,1.0666950708143608e-9,6.089544684830152e-11,3.196071901444128e-10
769,492243.7769961436,1.0666941340636837e-9,6.147334753522928e-11,3.196071905658577e-10
770,492243.7769961414,1.0666931921088363e-9,6.205349193191159e-11,3.196071904881252e-10
771,492243.776996139,1.0666922414803715e-9,6.264060555466659e-11,3.1960718998910297e-10
772,492243.776996139,1.0666912787088423e-9,6.323631223562206e-11,3.196071902712283e-10
773,492243.77699613676,1.0666903107331427e-9,6.384043169596977e-11,3.196071900764751e-10
774,492243.77699613495,1.0666893323491022e-9,6.445943111969334e-11,3.1960719010347873e-10
775,492243.7769961321,1.066688343556721e-9,6.50749572680183e-11,3.196071902239968e-10
776,492243.7769961304,1.0666873460907222e-9,6.570339994661556e-11,3.196071904646111e-10
777,492243.7769961294,1.0666863416858297e-9,6.634608462413339e-11,3.1960719023054913e-10
778,492243.7769961287,1.0666853251378727e-9,6.698873813671008e-11,3.196071902194043e-10
779,492243.7769961257,1.0666842999162984e-9,6.764806948398008e-11,3.1960719025631684e-10
780,492243.7769961243,1.0666832660211067e-9,6.831107532430658e-11,3.19607190468659e-10
781,492243.7769961233,1.0666822217175742e-9,6.898690820484216e-11,3.1960719011863134e-10
782,492243.77699612,1.0666811687404243e-9,6.967392375644214e-11,3.1960718989224844e-10
783,492243.7769961182,1.0666801018854866e-9,7.036450322385407e-11,3.196071904574817e-10
784,492243.7769961179,1.066679028091655e-9,7.106840284365975e-11,3.196071904579228e-10
785,492243.7769961144,1.0666779438894824e-9,7.177673404673304e-11,3.1960718993842037e-10
786,492243.7769961144,1.0666768475442456e-9,7.24987951063225e-11,3.196071901462112e-10
787,492243.7769961119,1.066675740790668e-9,7.322997181499415e-11,3.1960719044873777e-10
788,492243.77699611103,1.066674625363473e-9,7.397379622881356e-11,3.1960719023589634e-10
789,492243.7769961093,1.0666734977932135e-9,7.471863892200299e-11,3.196071900213543e-10
790,492243.7769961054,1.0666723598146133e-9,7.548383181629065e-11,3.196071898622672e-10
791,492243.77699610457,1.0666712079582252e-9,7.625487972524105e-11,3.1960719039683555e-10
792,492243.77699610253,1.0666700474282198e-9,7.702920848500929e-11,3.1960719035550216e-10
793,492243.77699610085,1.06666887475515e-9,7.781900990039503e-11,3.1960719032652473e-10
794,492243.7769960993,1.066667689939016e-9,7.862446455068151e-11,3.196071904065255e-10
795,492243.7769960974,1.066666494714541e-9,7.943474099372601e-11,3.196071898954393e-10
796,492243.7769960944,1.0666652873470017e-9,8.025704891231186e-11,3.196071899661546e-10
797,492243.77699609287,1.0666640661016746e-9,8.108995212900962e-11,3.196071901213401e-10
798,492243.77699608915,1.0666628344480067e-9,8.19388978512568e-11,3.1960719019200464e-10
799,492243.77699608833,1.066661588916551e-9,8.279642000551475e-11,3.1960719026804006e-10
800,492243.7769960869,1.0666603329767543e-9,8.36623314201917e-11,3.196071898362871e-10
801,492243.7769960846,1.06665906315917e-9,8.454285646313051e-11,3.1960718992525254e-10
802,492243.77699608274,1.0666577794637977e-9,8.542538040551607e-11,3.1960718998399384e-10
803,492243.776996079,1.0666564836253611e-9,8.632675800382178e-11,3.1960719001682257e-10
804,492243.77699607797,1.0666551739091368e-9,8.724358591338973e-11,3.196071900132677e-10
805,492243.776996076,1.066653852049848e-9,8.815602602258322e-11,3.196071899409874e-10
806,492243.7769960747,1.0666525163127716e-9,8.909179245904052e-11,3.196071898198402e-10
807,492243.77699607256,1.0666511666979073e-9,9.004239220426255e-11,3.1960718965725486e-10
808,492243.77699607104,1.0666498014705317e-9,9.099758710856868e-11,3.1960719000586046e-10
809,492243.7769960684,1.0666484258348152e-9,9.196751161637494e-11,3.1960718977207497e-10
810,492243.776996066,1.066647032851864e-9,9.29530922597198e-11,3.196071898956646e-10
811,492243.776996062,1.066645625991125e-9,9.3940656139557e-11,3.1960719001924776e-10
812,492243.77699606173,1.0666442052525982e-9,9.494757496931286e-11,3.1960718997855316e-10
813,492243.7769960597,1.0666427706362835e-9,9.596964050239898e-11,3.1960718987029486e-10
814,492243.77699605684,1.0666413204074576e-9,9.699251370801898e-11,3.196071896014122e-10
815,492243.77699605527,1.0666398545661204e-9,9.803357324005809e-11,3.1960718982147983e-10
816,492243.7769960512,1.066638373112272e-9,9.908554039358236e-11,3.1960718986921746e-10
817,492243.7769960497,1.0666368777806357e-9,1.00150039064793e-10,3.1960718978129416e-10
818,492243.77699604747,1.0666353651017646e-9,1.0122561228109215e-10,3.19607189518598e-10
819,492243.7769960456,1.0666338368103823e-9,1.0231749563379511e-10,3.1960718964465023e-10
820,492243.7769960419,1.0666322929064886e-9,1.0341626977003404e-10,3.1960718964194555e-10
821,492243.7769960391,1.0666307333900837e-9,1.0452945317767686e-10,3.1960719002048403e-10
822,492243.7769960376,1.0666291582611676e-9,1.0566128224589063e-10,3.196071896374052e-10
823,492243.77699603606,1.0666275640502931e-9,1.067922484712541e-10,3.1960718959913813e-10
824,492243.776996033,1.0666259542269074e-9,1.079453336649117e-10,3.1960718986112153e-10
825,492243.7769960313,1.066624327056287e-9,1.0911120520949935e-10,3.196071899754856e-10
826,492243.7769960278,1.0666226842731552e-9,1.1027616939227191e-10,3.196071898164526e-10
827,492243.7769960257,1.0666210241427887e-9,1.114634717013975e-10,3.1960718952209665e-10
828,492243.77699602186,1.066619344930464e-9,1.1266568424359244e-10,3.196071899184664e-10
829,492243.7769960208,1.066617650105628e-9,1.1387564627297178e-10,3.1960718958606894e-10
830,492243.77699601755,1.0666159361988337e-9,1.1508783808996279e-10,3.1960718960708635e-10
831,492243.77699601545,1.0666142049448046e-9,1.1632183797370549e-10,3.196071897484764e-10
832,492243.7769960114,1.0666124546088174e-9,1.175638966939094e-10,3.1960718957468083e-10
833,492243.776996009,1.0666106851908719e-9,1.1882175130473798e-10,3.1960718967356474e-10
834,492243.77699600754,1.066608900160415e-9,1.200927790896734e-10,3.196071894356776e-10
835,492243.77699600393,1.0666070943132766e-9,1.213667488335779e-10,3.1960718947098676e-10
836,492243.7769960026,1.0666052693841799e-9,1.2265598072434423e-10,3.1960718969498386e-10
837,492243.7769959995,1.066603425373125e-9,1.2396379520260725e-10,3.196071894771859e-10
838,492243.77699599636,1.0666015622801117e-9,1.2526833493006607e-10,3.1960718953294967e-10
839,492243.77699599304,1.0665996801051403e-9,1.2660062040776678e-10,3.1960718968671753e-10
840,492243.776995991,1.0665977788482106e-9,1.279268767419752e-10,3.1960718940229494e-10
841,492243.77699598775,1.0665958550398758e-9,1.292733227142871e-10,3.196071897978561e-10
842,492243.77699598507,1.0665939138843061e-9,1.306237284187152e-10,3.1960718977255634e-10
843,492243.776995983,1.0665919519120548e-9,1.319967804615437e-10,3.1960718939801134e-10
844,492243.77699597867,1.0665899691231218e-9,1.3337039944400812e-10,3.196071896231287e-10
845,492243.77699597646,1.0665879672522305e-9,1.3475106645146443e-10,3.196071893783595e-10
846,492243.77699597355,1.066585942829934e-9,1.3614457908440912e-10,3.1960718959431427e-10
847,492243.77699597017,1.0665838993256793e-9,1.375474472307414e-10,3.1960718946748375e-10
848,492243.77699596895,1.066581835004743e-9,1.389596779768216e-10,3.196071893191336e-10
849,492243.77699596464,1.0665797463976778e-9,1.4038486234450037e-10,3.196071897067085e-10
850,492243.7769959625,1.066577640443378e-9,1.4181530177102304e-10,3.196071895693969e-10
851,492243.7769959581,1.066575511937673e-9,1.4325491339761299e-10,3.196071893624101e-10
852,492243.77699595713,1.0665733591458393e-9,1.44698076851609e-10,3.196071895789289e-10
853,492243.77699595224,1.0665711872720474e-9,1.4614976050819053e-10,3.1960718932009935e-10
854,492243.7769959497,1.0665689928468503e-9,1.476203832391822e-10,3.1960718948250277e-10
855,492243.77699594677,1.066566775870248e-9,1.4908780315245983e-10,3.1960718952314267e-10
856,492243.7769959434,1.0665645363422405e-9,1.5056151276688922e-10,3.19607189480031e-10
857,492243.7769959407,1.0665622759975513e-9,1.5204753515151052e-10,3.1960718931659986e-10
858,492243.7769959391,1.0665599913667334e-9,1.5353503532597056e-10,3.1960718948402054e-10
859,492243.7769959344,1.0665576841845104e-9,1.5502532483960863e-10,3.196071895035639e-10
860,492243.7769959317,1.0665553561856056e-9,1.5652843048613975e-10,3.1960718935077245e-10
861,492243.7769959277,1.0665530039005722e-9,1.580280737075724e-10,3.1960718944872914e-10
862,492243.776995925,1.06655062732941e-9,1.5954287510821232e-10,3.196071893240707e-10
863,492243.7769959221,1.0665482282068428e-9,1.610591686117561e-10,3.1960718950263743e-10
864,492243.77699591836,1.0665458065328703e-9,1.6258300153495336e-10,3.196071894177752e-10
865,492243.7769959138,1.0665433605727692e-9,1.641087638465731e-10,3.196071894309921e-10
866,492243.77699591353,1.0665408937959864e-9,1.656363584604963e-10,3.1960718928698467e-10
867,492243.77699590835,1.0665384009983514e-9,1.6716664932236715e-10,3.196071892764571e-10
868,492243.7769959057,1.0665358839145878e-9,1.686972737852311e-10,3.1960718948666173e-10
869,492243.776995901,1.066533344279419e-9,1.7023741898549618e-10,3.1960718928726555e-10
870,492243.7769958989,1.0665307803581214e-9,1.7177683621113641e-10,3.196071891607159e-10
871,492243.7769958953,1.0665281904159718e-9,1.7331621591097873e-10,3.19607189386263e-10
872,492243.7769958926,1.0665255761876935e-9,1.7485774038940708e-10,3.1960718943993373e-10
873,492243.77699588914,1.06652293940801e-9,1.7640259621293754e-10,3.196071894744642e-10
874,492243.7769958855,1.0665202783421979e-9,1.7794292856402555e-10,3.1960718946221167e-10
875,492243.7769958814,1.0665175912555336e-9,1.7949038784859633e-10,3.1960718935830393e-10
876,492243.7769958788,1.0665148816174641e-9,1.8103024279296125e-10,3.196071892956766e-10
877,492243.7769958739,1.0665121459585425e-9,1.8257185742468787e-10,3.196071891963023e-10
878,492243.77699587215,1.0665093860134922e-9,1.8411173799606438e-10,3.196071893303977e-10
879,492243.77699586895,1.0665066000475898e-9,1.856598591455015e-10,3.19607189345538e-10
880,492243.7769958648,1.0665037897955587e-9,1.8719924484144704e-10,3.1960718929855476e-10
881,492243.77699586225,1.066500955257399e-9,1.8873510615983287e-10,3.1960718900600243e-10
882,492243.77699585754,1.066498094698387e-9,1.902633456438096e-10,3.1960718898791887e-10
883,492243.7769958542,1.066495208118523e-9,1.9180109537623785e-10,3.1960718916584304e-10
884,492243.77699584945,1.0664922989872538e-9,1.9332086340777486e-10,3.196071890798687e-10
885,492243.776995847,1.066489362100409e-9,1.9485333000033268e-10,3.196071891290941e-10
886,492243.7769958422,1.066486399192712e-9,1.9637077767752166e-10,3.1960718932727504e-10
887,492243.7769958398,1.0664834119988864e-9,1.9788581434081821e-10,3.1960718905692093e-10
888,492243.7769958355,1.0664803987842086e-9,1.9940185731970855e-10,3.1960718925462775e-10
889,492243.77699583303,1.0664773612834022e-9,2.0090409199532737e-10,3.1960718918399976e-10
890,492243.7769958298,1.0664742960270202e-9,2.0241304352894877e-10,3.1960718901616026e-10
891,492243.7769958265,1.0664712064845094e-9,2.0390191035108494e-10,3.1960718925293513e-10
892,492243.7769958221,1.0664680909211466e-9,2.0539684505582315e-10,3.1960718899393723e-10
893,492243.776995818,1.0664649493369316e-9,2.0688320994392423e-10,3.1960718891865164e-10
894,492243.77699581505,1.066461779997141e-9,2.0835521440113176e-10,3.1960718918799633e-10
895,492243.7769958108,1.0664585863712217e-9,2.0982088314573085e-10,3.196071892189765e-10
896,492243.7769958077,1.0664553667244503e-9,2.1128275916476845e-10,3.196071891184196e-10
897,492243.7769958044,1.0664521193221033e-9,2.1274090478633183e-10,3.1960718910336536e-10
898,492243.77699579974,1.0664488476336276e-9,2.1419161798387696e-10,3.1960718919719515e-10
899,492243.77699579834,1.0664455481895763e-9,2.1562365414954167e-10,3.196071889635585e-10
900,492243.77699579357,1.0664422227246728e-9,2.1705377404532413e-10,3.196071891334656e-10
901,492243.7769957897,1.0664388695041938e-9,2.184834763330236e-10,3.1960718918203494e-10
902,492243.77699578734,1.0664354937323095e-9,2.1988877311273964e-10,3.196071889498939e-10
903,492243.7769957838,1.0664320884701262e-9,2.2129058153281145e-10,3.1960718889047787e-10
904,492243.77699577867,1.0664286554523672e-9,2.2269262415919385e-10,3.196071890642698e-10
905,492243.77699577506,1.0664251964137561e-9,2.2407840708579893e-10,3.196071890994982e-10
906,492243.7769957725,1.0664217130890163e-9,2.2545188532432087e-10,3.1960718891344966e-10
907,492243.77699576726,1.066418198539254e-9,2.2682030291887217e-10,3.1960718912185404e-10
908,492243.77699576446,1.066414659703363e-9,2.281679292313926e-10,3.1960718901920335e-10
909,492243.77699576074,1.0664110931118964e-9,2.2951319726785692e-10,3.1960718903627336e-10
910,492243.7769957576,1.0664074970301307e-9,2.308532792570632e-10,3.196071892737695e-10
911,492243.7769957541,1.0664038783969598e-9,2.3217092840672714e-10,3.1960718901606844e-10
912,492243.7769957511,1.0664002285387664e-9,2.334853965016534e-10,3.1960718897677995e-10
913,492243.7769957469,1.0663965509249973e-9,2.3478254883780573e-10,3.1960718908455445e-10
914,492243.7769957435,1.066392847290376e-9,2.360764954754519e-10,3.196071890041329e-10
915,492243.7769957377,1.0663891141654558e-9,2.3735407315152995e-10,3.1960718919636083e-10
916,492243.7769957372,1.0663853550196833e-9,2.3862370896852597e-10,3.1960718904232993e-10
917,492243.776995733,1.0663815646488883e-9,2.398796573364548e-10,3.1960718909653456e-10
918,492243.7769957281,1.0663777482572412e-9,2.4112053375934747e-10,3.1960718907146923e-10
919,492243.7769957266,1.0663739041100184e-9,2.423555910627856e-10,3.196071889725559e-10
920,492243.77699572314,1.0663700304724966e-9,2.435774321963275e-10,3.1960718884677787e-10
921,492243.77699571947,1.0663661256099521e-9,2.4478703882217834e-10,3.196071890480371e-10
922,492243.77699571464,1.0663621947265556e-9,2.459851358621123e-10,3.19607188860402e-10
923,492243.7769957123,1.0663582326181364e-9,2.4716861970317714e-10,3.1960718890968454e-10
924,492243.7769957089,1.0663542427541417e-9,2.4834278973142956e-10,3.1960718885518274e-10
925,492243.7769957039,1.0663502216651244e-9,2.4950451457610175e-10,3.196071888101177e-10
926,492243.77699570166,1.066346171085808e-9,2.5065813778965556e-10,3.1960718900054025e-10
927,492243.77699569764,1.0663420910161925e-9,2.517938354374117e-10,3.196071888979979e-10
928,492243.7769956939,1.0663379797215544e-9,2.529169936399893e-10,3.196071888963493e-10
929,492243.7769956916,1.0663338372018938e-9,2.5402992285248877e-10,3.196071888932164e-10
930,492243.77699568745,1.066329665191934e-9,2.551337469793251e-10,3.1960718870237777e-10
931,492243.7769956846,1.0663254602222283e-9,2.562174936989225e-10,3.1960718868412185e-10
932,492243.7769956802,1.0663212222927765e-9,2.573003609992018e-10,3.1960718881043863e-10
933,492243.7769956769,1.0663169548730256e-9,2.5836487481498764e-10,3.1960718876351883e-10
934,492243.7769956752,1.0663126544935286e-9,2.594184959962972e-10,3.196071886575695e-10
935,492243.7769956704,1.0663083211542856e-9,2.604485244371365e-10,3.1960718857766536e-10
936,492243.7769956675,1.0663039548552966e-9,2.614771678729632e-10,3.196071886028894e-10
937,492243.7769956666,1.066299553861838e-9,2.6250064961627513e-10,3.196071886710556e-10
938,492243.7769956611,1.0662951199086335e-9,2.6350175581290826e-10,3.1960718863335586e-10
939,492243.776995657,1.0662906495262359e-9,2.6449563040578197e-10,3.1960718857001145e-10
940,492243.77699565486,1.0662861461840922e-9,2.6547322835472373e-10,3.196071885091279e-10
941,492243.7769956514,1.0662816064127556e-9,2.664419272475816e-10,3.1960718849499967e-10
942,492243.77699564886,1.066277030212226e-9,2.6740006155954067e-10,3.1960718845476984e-10
943,492243.7769956455,1.0662724175825034e-9,2.6834539851274455e-10,3.1960718846372055e-10
944,492243.77699564165,1.0662677667888643e-9,2.6927876885128004e-10,3.19607188356781e-10
945,492243.776995639,1.0662630778313087e-9,2.70195819967147e-10,3.19607188522335e-10
946,492243.7769956351,1.0662583507098367e-9,2.711057006060539e-10,3.196071884223601e-10
947,492243.77699563367,1.0662535854244481e-9,2.7200469827589974e-10,3.196071883311189e-10
948,492243.7769956295,1.0662487767709727e-9,2.7289744623893856e-10,3.1960718850442756e-10
949,492243.7769956273,1.0662439299535809e-9,2.7377486477095414e-10,3.1960718830231854e-10
950,492243.77699562395,1.066239039768102e-9,2.7463805003706637e-10,3.1960718847366146e-10
951,492243.7769956213,1.0662341079492599e-9,2.754953736331464e-10,3.196071884296177e-10
952,492243.7769956188,1.0662291310276073e-9,2.7632985590823717e-10,3.196071884073775e-10
953,492243.77699561673,1.0662241124725913e-9,2.771647593284369e-10,3.1960718819000313e-10
954,492243.7769956121,1.066219045345318e-9,2.7799184725157905e-10,3.196071883108151e-10
955,492243.7769956103,1.0662139331152343e-9,2.7880284487380084e-10,3.1960718823091926e-10
956,492243.77699560754,1.0662087723128932e-9,2.795997365472528e-10,3.196071881185386e-10
957,492243.7769956043,1.0662035612035714e-9,2.803892944625551e-10,3.196071881880065e-10
958,492243.77699560113,1.0661983015219922e-9,2.811628621809417e-10,3.1960718808748924e-10
959,492243.7769955981,1.0661929915334323e-9,2.8193473539252675e-10,3.1960718798410717e-10
960,492243.776995596,1.066187626033721e-9,2.8269599918801204e-10,3.1960718805930663e-10
961,492243.7769955933,1.0661822067575821e-9,2.834379572353072e-10,3.1960718792172023e-10
962,492243.7769955911,1.0661767302355685e-9,2.84186095930618e-10,3.196071879802308e-10
963,492243.7769955883,1.0661711982024036e-9,2.8491174186903434e-10,3.196071877708916e-10
964,492243.7769955854,1.066165605453917e-9,2.8563236702777544e-10,3.196071877693313e-10
965,492243.776995584,1.0661599519901088e-9,2.863373391299758e-10,3.1960718771711716e-10
966,492243.7769955819,1.0661542360762555e-9,2.870362735934959e-10,3.1960718759547063e-10
967,492243.77699557785,1.06614845424291e-9,2.8772400946284565e-10,3.1960718754057324e-10
968,492243.77699557587,1.0661426030206256e-9,2.884084447829745e-10,3.196071874801654e-10
969,492243.7769955732,1.066136685878849e-9,2.890794538236323e-10,3.196071873376042e-10
970,492243.77699557046,1.066130694143963e-9,2.8974141140923095e-10,3.196071871600954e-10
971,492243.7769955677,1.066124626081244e-9,2.9039241266816087e-10,3.196071871917631e-10
972,492243.7769955662,1.0661184834254156e-9,2.910385602129449e-10,3.196071870419526e-10
973,492243.7769955651,1.0661122592375838e-9,2.9167242928480264e-10,3.196071870685863e-10
974,492243.7769955611,1.0661059535177486e-9,2.9230013811278507e-10,3.196071868612735e-10
975,492243.77699556045,1.0660995575922927e-9,2.9291752495630035e-10,3.1960718694347126e-10
976,492243.77699555707,1.0660930731959395e-9,2.9352933588147174e-10,3.1960718675850587e-10
977,492243.77699555625,1.066086496859242e-9,2.9412751122767e-10,3.1960718657810413e-10
978,492243.7769955527,1.0660798216433065e-9,2.9471740942206486e-10,3.196071864932603e-10
979,492243.77699555113,1.0660730440786859e-9,2.9530675679090766e-10,3.1960718638509374e-10
980,492243.7769955487,1.0660661606959332e-9,2.958832817699524e-10,3.196071862437021e-10
981,492243.77699554764,1.066059166290878e-9,2.964510339423883e-10,3.1960718611246013e-10
982,492243.7769955447,1.06605205565935e-9,2.97008987092436e-10,3.196071859565828e-10
983,492243.77699554496,1.0660448253319021e-9,2.975680863322847e-10,3.1960718578668213e-10
984,492243.7769955426,1.066037466634917e-9,2.9811332878239475e-10,3.196071855871028e-10
985,492243.7769955415,1.0660299726295008e-9,2.98645974597407e-10,3.1960718556377804e-10
986,492243.77699553873,1.06602234158093e-9,2.991780782502954e-10,3.196071853434507e-10
987,492243.7769955372,1.0660145630808637e-9,2.9970331221822106e-10,3.1960718511924896e-10
988,492243.77699553414,1.0660066284556846e-9,3.002150523428411e-10,3.196071849449558e-10
989,492243.7769955342,1.0659985307664988e-9,3.007296370009257e-10,3.1960718473733714e-10
990,492243.7769955327,1.0659902613396888e-9,3.0122646363543455e-10,3.1960718468112717e-10
991,492243.7769955292,1.0659818115016373e-9,3.0171476953604653e-10,3.196071843893401e-10
992,492243.77699552773,1.06597316910928e-9,3.02202313142856e-10,3.196071841642241e-10
993,492243.77699552686,1.065964323754276e-9,3.026842388549247e-10,3.196071839149766e-10
994,492243.7769955251,1.065955263293561e-9,3.0316306971971713e-10,3.19607183681154e-10
995,492243.77699552453,1.065945977318794e-9,3.036266157285108e-10,3.1960718330408e-10
996,492243.7769955228,1.0659364484827405e-9,3.0408661565046407e-10,3.1960718300672837e-10
997,492243.77699552104,1.065926661172889e-9,3.045369544806311e-10,3.1960718266457726e-10
998,492243.77699552046,1.0659165980420049e-9,3.0499029039498913e-10,3.196071823607819e-10
999,492243.7769955184,1.0659062417428533e-9,3.0543035678972424e-10,3.1960718201373154e-10
1000,492243.77699551824,1.0658955749281995e-9,3.058670015905626e-10,3.1960718152838725e-10
