
Gurobi 13.0.3 (win64) logging started Mon Sep 21 04:24:06 2026

Set parameter LogFile to value "<workspace>\tmp\r9-flow-probe-vf-vt-local-complementarity-v1\solver-local.log"

Gurobi 13.0.3 (win64) logging started Mon Sep 21 04:24:06 2026

Set parameter LogFile to value "<workspace>\tmp\r9-flow-probe-vf-vt-local-complementarity-v1\solver-local.log"
Set parameter NLBarCFeasTol to value 1e-10
Set parameter OptimalityTarget to value 1
Set parameter OptimalityTol to value 1e-09
Set parameter LogToConsole to value 0
Set parameter NonConvex to value 2
Set parameter NLBarPFeasTol to value 1e-09
Set parameter TimeLimit to value 9.1887096399965230e+01
Gurobi Optimizer version 13.0.3 build v13.0.3rc0 (win64 - Windows 11+.0 (26200.2))

CPU model: 12th Gen Intel(R) Core(TM) i7-12700, instruction set [SSE2|AVX|AVX2]
Thread count: 12 physical cores, 20 logical processors, using up to 1 threads

Non-default parameters:
TimeLimit  9.1887096399965230e+01
FeasibilityTol  1e-09
OptimalityTol  1e-09
NLBarPFeasTol  1e-09
NLBarDFeasTol  1e-09
NLBarCFeasTol  1e-10
OptimalityTarget  1
LogToConsole  0
NonConvex  2
Threads  1

Optimize a model with 11727 rows, 23352 columns and 31263 nonzeros (Min)
Model fingerprint: 0x0cfe09d1
Model has 120 linear objective coefficients
Model has 7056 quadratic constraints
Model has 1776 general nonlinear constraints (3552 nonlinear terms)
Variable types: 23352 continuous, 0 integer (0 binary)
Coefficient statistics:
  Matrix range     [1e-05, 1e+00]
  QMatrix range    [5e-02, 2e+02]
  QLMatrix range   [2e-01, 1e+00]
  Objective range  [5e+01, 1e+03]
  Bounds range     [1e-03, 5e+03]
  RHS range        [5e-03, 4e+02]
  QRHS range       [1e+00, 6e+01]
  NLCon coe range  [8e-04, 3e+02]

Presolve removed 9642 rows and 12034 columns
Presolve time: 0.07s
Presolved: 2085 rows, 11318 columns, 7166 nonzeros
Presolved model has 4593 quadratic constraint(s)
Presolved model has 1776 nonlinear constraint(s)

Solving NLP to local optimality

Loaded warm-start solution
Ordering time: 0.01s

NL barrier statistics:
  Hessian NZ  : 1.469e+04
  Jacobian NZ : 3.081e+04
  Factor NZ   : 3.720e+05
  Factor Ops  : 1.687e+07
  Threads     : 1

                           Residuals
Iter     Objective      Primal     Dual      Compl     Step     Time
   0   5.08115298e+05  1.00e+00  1.00e+02  1.05e+02  0.00e+00     0s
   1   5.08280222e+05  8.47e-01  6.23e+01  6.56e+01  1.53e-01     0s
   2   5.13821179e+05  2.10e-01  4.51e+01  4.77e+01  7.52e-01     0s
   3   5.26829926e+05  3.60e-03  2.58e+01  2.40e+01  1.00e+00     0s
   4   5.33520691e+05  1.02e-02  3.93e+02  6.90e+00  1.00e+00     0s
   5   5.34505183e+05  4.22e-02  4.07e+02  6.76e+00  4.32e-02     0s
   6   5.36391992e+05  6.26e-02  1.95e+02  3.29e+00  1.00e+00     0s
   7   5.36299162e+05  1.09e-01  2.74e+01  1.00e+00  1.00e+00     0s
   8   5.36106982e+05  1.08e+00  2.71e+00  1.00e+00  1.00e+00     0s
   9   5.36079712e+05  2.55e-02  1.78e-01  1.00e+00  1.00e+00     0s
  10   5.36064738e+05  5.58e-03  1.85e-02  1.00e+00  1.00e+00     0s
  11   5.32268653e+05  1.37e-01  1.24e+01  3.27e-01  1.00e+00     0s
  12   5.24906550e+05  9.65e-02  1.29e+01  1.50e-01  9.58e-01     0s
  13   5.20875046e+05  2.98e-01  4.01e+00  1.50e-01  1.00e+00     0s
  14   5.20877813e+05  1.02e-01  3.06e+01  1.50e-01  6.57e-01     0s
  15   5.20887388e+05  1.37e-05  2.15e+00  1.50e-01  1.00e+00     0s
  16   5.20657012e+05  4.25e-05  3.09e+01  1.50e-01  1.00e+00     0s
  17   5.20570637e+05  4.45e-02  2.14e+02  1.50e-01  7.70e-03     0s
  18   5.20574367e+05  4.46e-01  3.88e+01  1.50e-01  2.37e-01     0s
  19   5.20879823e+05  6.47e-02  5.74e+00  1.50e-01  1.00e+00     0s
  20   5.20957283e+05  1.98e-02  3.37e+00  1.50e-01  1.00e+00     0s
  21   5.20989247e+05  5.79e-03  1.58e-01  1.50e-01  1.00e+00     0s
  22   5.21027944e+05  2.63e-05  1.60e-03  1.50e-01  1.00e+00     0s
  23   5.15099850e+05  4.78e-01  6.46e+00  6.24e-02  6.68e-01     0s
  24   5.09623973e+05  2.20e+00  6.44e+00  2.53e-02  6.03e-01     0s
  25   5.07308029e+05  1.50e+00  4.98e+01  2.40e-02  3.61e-01     0s
  26   5.06540204e+05  1.10e-02  3.16e+00  2.25e-02  1.00e+00     0s
  27   5.06458872e+05  1.05e-02  5.39e+02  2.26e-02  4.73e-02     0s
  28   5.05106924e+05  4.90e-04  1.82e-01  2.25e-02  1.00e+00     0s
  29   5.04650472e+05  2.49e-03  1.10e-01  2.25e-02  1.00e+00     1s
  30   5.04407165e+05  1.10e-02  8.48e-02  2.25e-02  1.00e+00     1s
  31   5.04195598e+05  4.98e-02  3.74e+00  2.25e-02  1.00e+00     1s
  32   5.04002457e+05  4.71e-02  8.55e+00  2.25e-02  1.00e+00     1s
  33   5.03666842e+05  4.39e-01  2.05e+01  2.25e-02  1.34e-01     1s
  34   5.02645462e+05  3.35e+00  3.12e+00  2.25e-02  7.51e-01     1s
  35   5.02692267e+05  9.13e-01  6.41e-01  2.25e-02  1.00e+00     1s
  36   5.02694792e+05  4.51e-02  1.72e-02  2.25e-02  1.00e+00     1s
  37   5.02708562e+05  3.34e-04  4.98e-04  2.25e-02  1.00e+00     1s
  38   4.99057287e+05  2.62e+00  1.16e+00  1.19e-02  5.91e-01     1s
  39   4.97826403e+05  2.11e+00  2.16e+00  9.48e-03  3.51e-01     1s
  40   4.96779774e+05  1.55e+00  3.22e+00  4.79e-03  4.40e-01     1s
  41   4.95725910e+05  1.86e+00  3.92e+00  3.73e-03  6.45e-01     1s
  42   4.95509881e+05  1.76e+00  1.18e+00  3.41e-03  3.87e-01     1s
  43   4.95454346e+05  1.61e+00  6.58e+00  3.42e-03  8.27e-02     1s
  44   4.95412506e+05  1.04e-01  1.99e+01  3.40e-03  9.33e-01     1s
  45   4.95371704e+05  1.30e-04  9.97e-01  3.38e-03  1.00e+00     1s
  46   4.95337752e+05  1.25e-04  7.62e-01  3.37e-03  1.00e+00     1s
  47   4.95315299e+05  1.53e-04  3.44e+00  3.37e-03  8.13e-01     1s
  48   4.95306765e+05  2.23e-04  1.50e+00  3.37e-03  5.74e-01     1s
  49   4.95297561e+05  2.19e-03  1.36e+00  3.38e-03  1.00e+00     1s
  50   4.95281726e+05  5.04e-03  1.20e+00  3.38e-03  1.00e+00     1s
  51   4.95264809e+05  3.26e-03  1.43e+00  3.37e-03  1.00e+00     1s
  52   4.95245690e+05  5.06e-03  2.17e+00  3.37e-03  1.00e+00     1s
  53   4.95045997e+05  2.71e+00  6.46e+00  3.36e-03  4.18e-01     1s
  54   4.94945913e+05  1.40e+00  4.80e+00  3.38e-03  7.08e-01     1s
  55   4.94939321e+05  3.14e-02  6.39e+00  3.38e-03  1.00e+00     1s
  56   4.94912493e+05  3.42e-01  1.19e+00  3.37e-03  1.00e+00     1s
  57   4.94897286e+05  2.00e-01  3.99e+00  3.37e-03  4.17e-01     1s
  58   4.94901897e+05  4.05e-03  8.62e-01  3.37e-03  1.00e+00     1s
  59   4.94898329e+05  5.34e-03  1.94e+00  3.38e-03  8.44e-02     1s
  60   4.94894288e+05  1.50e-03  5.91e-01  3.38e-03  1.00e+00     1s
  61   4.94894067e+05  6.41e-04  2.14e-01  3.37e-03  1.00e+00     1s
  62   4.94888017e+05  2.30e-02  1.19e+01  3.38e-03  3.78e-01     1s
  63   4.94884788e+05  2.31e-02  7.04e+00  3.37e-03  1.00e+00     1s
  64   4.94878130e+05  1.88e-02  1.38e+00  3.37e-03  1.00e+00     1s
  65   4.94882535e+05  3.50e-03  2.84e-01  3.37e-03  1.00e+00     1s
  66   4.94883817e+05  2.03e-04  2.09e-02  3.37e-03  1.00e+00     1s
  67   4.94884229e+05  7.16e-06  2.88e-04  3.37e-03  1.00e+00     1s
  68   4.94098471e+05  1.17e+00  1.31e+00  2.30e-03  4.51e-01     1s
  69   4.93869487e+05  1.08e+00  1.22e+00  1.70e-03  2.05e-01     1s
  70   4.93759020e+05  9.83e-01  2.42e+00  8.86e-04  1.20e-01     1s
  71   4.93722190e+05  9.29e-01  6.67e+00  7.78e-04  5.63e-02     1s
  72   4.93638671e+05  5.94e-01  8.01e+00  7.24e-04  3.61e-01     1s
  73   4.93555928e+05  2.61e-01  9.14e+00  6.48e-04  5.61e-01     1s
  74   4.93534018e+05  1.90e-01  2.28e+01  4.11e-04  2.72e-01     1s
  75   4.93495612e+05  8.01e-02  1.30e+01  3.58e-04  5.84e-01     1s
  76   4.93453127e+05  9.99e-03  2.45e+00  3.47e-04  9.36e-01     1s
  77   4.93429429e+05  1.43e-02  1.67e+00  3.46e-04  4.46e-01     1s
  78   4.93362759e+05  8.17e-02  2.48e+00  3.47e-04  6.01e-01     1s
  79   4.93294238e+05  1.34e-01  7.51e-01  3.47e-04  3.83e-01     1s
  80   4.93177096e+05  4.39e-01  4.46e-01  3.45e-04  3.73e-01     1s
  81   4.93105689e+05  5.54e-01  3.15e-01  3.46e-04  1.51e-01     1s
  82   4.93072102e+05  2.47e-02  3.38e-01  3.46e-04  1.00e+00     1s
  83   4.93062412e+05  5.70e-03  2.14e-01  3.46e-04  1.00e+00     1s
  84   4.93044541e+05  1.28e-02  5.69e-01  3.46e-04  6.97e-01     1s
  85   4.92894368e+05  1.79e+00  3.22e+00  3.43e-04  1.48e-01     1s
  86   4.92858346e+05  1.68e+00  2.37e+00  3.49e-04  6.04e-02     1s
  87   4.92714999e+05  1.68e+00  3.42e+00  3.49e-04  3.70e-01     1s
  88   4.92713512e+05  2.19e-02  8.88e-01  3.47e-04  1.00e+00     1s
  89   4.92711160e+05  2.42e-02  3.84e+00  3.47e-04  2.47e-01     1s
  90   4.92710517e+05  8.56e-05  1.13e+00  3.46e-04  1.00e+00     1s
  91   4.92709883e+05  4.23e-04  2.49e-01  3.46e-04  1.00e+00     1s
  92   4.92667154e+05  2.49e-01  2.71e+00  3.46e-04  2.65e-01     1s
  93   4.92651225e+05  2.22e-01  1.81e+00  3.48e-04  1.76e-01     1s
  94   4.92641518e+05  5.80e-02  1.65e+00  3.47e-04  1.00e+00     1s
  95   4.92594074e+05  5.83e-01  8.57e-01  3.44e-04  1.00e+00     1s
  96   4.92595997e+05  1.56e-01  4.07e-01  3.45e-04  1.00e+00     1s
  97   4.92592228e+05  1.67e-01  2.47e-01  3.46e-04  1.00e+00     1s
  98   4.92593802e+05  2.01e-02  5.93e-02  3.46e-04  1.00e+00     1s
  99   4.92593191e+05  3.29e-03  1.51e-02  3.46e-04  1.00e+00     2s
 100   4.92593057e+05  2.85e-05  1.24e-04  3.46e-04  1.00e+00     2s
 101   4.92592948e+05  1.37e-05  8.71e-05  3.46e-04  1.00e+00     2s
 102   4.92592847e+05  7.96e-06  8.17e-05  3.46e-04  1.00e+00     2s
 103   4.92592752e+05  5.59e-06  7.61e-05  3.46e-04  1.00e+00     2s
 104   4.92592664e+05  5.31e-06  7.02e-05  3.46e-04  1.00e+00     2s
 105   4.92592581e+05  4.99e-06  6.42e-05  3.46e-04  1.00e+00     2s
 106   4.92592504e+05  4.63e-06  5.88e-05  3.46e-04  1.00e+00     2s
 107   4.92592432e+05  4.26e-06  5.73e-05  3.46e-04  1.00e+00     2s
 108   4.92592365e+05  3.88e-06  5.58e-05  3.46e-04  1.00e+00     2s
 109   4.92592301e+05  3.50e-06  5.44e-05  3.46e-04  1.00e+00     2s
 110   4.92592243e+05  3.13e-06  5.31e-05  3.46e-04  1.00e+00     2s
 111   4.92592188e+05  2.76e-06  5.19e-05  3.46e-04  1.00e+00     2s
 112   4.92592136e+05  2.41e-06  5.08e-05  3.46e-04  1.00e+00     2s
 113   4.92592089e+05  2.08e-06  4.98e-05  3.46e-04  1.00e+00     2s
 114   4.92592044e+05  1.77e-06  4.88e-05  3.46e-04  1.00e+00     2s
 115   4.92592003e+05  1.52e-06  4.79e-05  3.46e-04  1.00e+00     2s
 116   4.92591965e+05  1.50e-06  4.71e-05  3.46e-04  1.00e+00     2s
 117   4.92591929e+05  1.48e-06  4.63e-05  3.46e-04  1.00e+00     2s
 118   4.92591896e+05  1.46e-06  4.55e-05  3.46e-04  1.00e+00     2s
 119   4.92591866e+05  1.44e-06  4.47e-05  3.46e-04  1.00e+00     2s
 120   4.92591838e+05  1.41e-06  4.40e-05  3.46e-04  1.00e+00     2s
 121   4.92591812e+05  1.39e-06  4.33e-05  3.46e-04  1.00e+00     2s
 122   4.92591788e+05  1.37e-06  4.27e-05  3.46e-04  1.00e+00     2s
 123   4.92591766e+05  1.34e-06  4.20e-05  3.46e-04  1.00e+00     2s
 124   4.92591746e+05  1.32e-06  4.13e-05  3.46e-04  1.00e+00     2s
 125   4.92591728e+05  1.30e-06  4.07e-05  3.46e-04  1.00e+00     2s
 126   4.92591711e+05  1.28e-06  4.01e-05  3.46e-04  1.00e+00     2s
 127   4.92591695e+05  1.26e-06  3.95e-05  3.46e-04  1.00e+00     2s
 128   4.92591681e+05  1.24e-06  3.88e-05  3.46e-04  1.00e+00     2s
 129   4.92591668e+05  1.22e-06  3.82e-05  3.46e-04  1.00e+00     2s
 130   4.92591656e+05  1.20e-06  3.76e-05  3.46e-04  1.00e+00     2s
 131   4.92591646e+05  1.18e-06  3.70e-05  3.46e-04  1.00e+00     2s
 132   4.92591636e+05  1.16e-06  3.64e-05  3.46e-04  1.00e+00     2s
 133   4.92591627e+05  1.14e-06  3.59e-05  3.46e-04  1.00e+00     2s
 134   4.92591619e+05  1.12e-06  3.53e-05  3.46e-04  1.00e+00     2s
 135   4.92591612e+05  1.10e-06  3.47e-05  3.46e-04  1.00e+00     2s
 136   4.92591606e+05  1.08e-06  3.41e-05  3.46e-04  1.00e+00     2s
 137   4.92591601e+05  1.07e-06  3.36e-05  3.46e-04  1.00e+00     2s
 138   4.92591596e+05  1.05e-06  3.30e-05  3.46e-04  1.00e+00     2s
 139   4.92591592e+05  1.03e-06  3.25e-05  3.46e-04  1.00e+00     2s
 140   4.92524843e+05  3.65e-01  1.59e-01  2.37e-04  2.10e-01     2s
 141   4.92439872e+05  1.25e+00  1.88e-01  1.45e-04  3.27e-01     2s
 142   4.92395245e+05  1.37e+00  2.26e-01  9.40e-05  2.49e-01     2s
 143   4.92378002e+05  8.97e-01  2.72e-01  8.52e-05  3.48e-01     2s
 144   4.92365079e+05  6.65e-01  1.06e-01  2.23e-05  2.71e-01     2s
 145   4.92321720e+05  6.38e-01  7.36e-02  1.66e-05  6.50e-01     2s
 146   4.92305452e+05  5.75e-01  2.09e-01  1.59e-05  2.64e-01     2s
 147   4.92292308e+05  2.45e-01  9.97e-02  1.49e-05  6.26e-01     2s
 148   4.92280349e+05  4.00e-01  1.31e-01  1.45e-05  5.40e-01     2s
 149   4.92275026e+05  1.02e-01  5.53e-03  1.43e-05  1.00e+00     2s
 150   4.92271458e+05  2.37e-01  1.23e-01  1.43e-05  5.45e-01     2s
 151   4.92267417e+05  5.53e-01  1.37e-01  1.43e-05  4.56e-01     2s
 152   4.92264957e+05  2.61e-01  6.83e-03  1.43e-05  1.00e+00     2s
 153   4.92261891e+05  2.09e+00  1.80e-02  1.43e-05  8.94e-01     2s
 154   4.92261230e+05  4.49e-01  1.58e-03  1.43e-05  1.00e+00     2s
 155   4.92260663e+05  2.96e-01  9.27e-03  1.43e-05  3.73e-01     2s
 156   4.92260032e+05  3.01e-01  1.26e-02  1.43e-05  2.48e-01     2s
 157   4.92259110e+05  1.64e+00  2.18e-02  1.43e-05  2.85e-01     2s
 158   4.92258380e+05  1.79e+00  2.22e-02  1.44e-05  2.79e-01     2s
 159   4.92257297e+05  1.49e+00  2.03e-03  1.43e-05  1.00e+00     2s
 160   4.92257376e+05  1.66e-01  7.43e-04  1.43e-05  1.00e+00     2s
 161   4.92257378e+05  1.04e-03  7.12e-04  1.43e-05  1.00e+00     2s
 162   4.92257380e+05  1.05e-03  7.04e-04  1.43e-05  1.00e+00     2s
 163   4.92257381e+05  1.04e-03  6.93e-04  1.43e-05  1.00e+00     2s
 164   4.92257382e+05  1.03e-03  6.82e-04  1.43e-05  1.00e+00     2s
 165   4.92257383e+05  1.02e-03  6.70e-04  1.43e-05  1.00e+00     2s
 166   4.92257383e+05  1.00e-03  6.57e-04  1.43e-05  1.00e+00     2s
 167   4.92257383e+05  9.84e-04  6.42e-04  1.43e-05  1.00e+00     2s
 168   4.92257383e+05  9.60e-04  6.27e-04  1.43e-05  1.00e+00     2s
 169   4.92257383e+05  9.33e-04  6.11e-04  1.43e-05  1.00e+00     2s
 170   4.92257383e+05  9.03e-04  5.93e-04  1.43e-05  1.00e+00     2s
 171   4.92257384e+05  8.69e-04  5.72e-04  1.43e-05  1.00e+00     2s
 172   4.92257384e+05  8.28e-04  5.48e-04  1.43e-05  1.00e+00     2s
 173   4.92257384e+05  7.80e-04  5.18e-04  1.43e-05  1.00e+00     2s
 174   4.92257385e+05  7.18e-04  4.79e-04  1.43e-05  1.00e+00     2s
 175   4.92257385e+05  6.34e-04  4.25e-04  1.43e-05  1.00e+00     2s
 176   4.92257386e+05  5.15e-04  3.47e-04  1.43e-05  1.00e+00     2s
 177   4.92257387e+05  3.41e-04  2.31e-04  1.43e-05  1.00e+00     2s
 178   4.92257388e+05  1.32e-04  8.99e-05  1.43e-05  1.00e+00     2s
 179   4.92257389e+05  1.45e-05  1.00e-05  1.43e-05  1.00e+00     3s
 180   4.92257390e+05  7.33e-06  2.09e-06  1.43e-05  1.00e+00     3s
 181   4.92257391e+05  7.05e-06  2.05e-06  1.43e-05  1.00e+00     3s
 182   4.92257392e+05  6.77e-06  2.00e-06  1.43e-05  1.00e+00     3s
 183   4.92257393e+05  6.46e-06  1.95e-06  1.43e-05  1.00e+00     3s
 184   4.92257393e+05  6.12e-06  1.91e-06  1.43e-05  1.00e+00     3s
 185   4.92257394e+05  5.74e-06  1.87e-06  1.43e-05  1.00e+00     3s
 186   4.92257394e+05  5.32e-06  1.82e-06  1.43e-05  1.00e+00     3s
 187   4.92257394e+05  4.86e-06  1.76e-06  1.43e-05  1.00e+00     3s
 188   4.92257395e+05  4.35e-06  1.70e-06  1.43e-05  1.00e+00     3s
 189   4.92257395e+05  3.79e-06  1.63e-06  1.43e-05  1.00e+00     3s
 190   4.92257395e+05  3.20e-06  1.55e-06  1.43e-05  1.00e+00     3s
 191   4.92257395e+05  2.58e-06  1.45e-06  1.43e-05  1.00e+00     3s
 192   4.92257395e+05  1.95e-06  1.34e-06  1.43e-05  1.00e+00     3s
 193   4.92257395e+05  1.35e-06  1.22e-06  1.43e-05  1.00e+00     3s
 194   4.92250510e+05  7.56e-01  7.77e-03  6.87e-06  4.62e-01     3s
 195   4.92248443e+05  1.44e+00  4.78e-03  5.21e-06  2.80e-01     3s
 196   4.92247555e+05  9.63e-01  1.74e-03  1.98e-06  3.33e-01     3s
 197   4.92246226e+05  1.81e+00  1.39e-03  1.61e-06  2.09e-01     3s
 198   4.92246081e+05  2.09e+00  1.33e-03  1.55e-06  3.38e-02     3s
 199   4.92245790e+05  2.79e+00  1.22e-03  1.44e-06  7.53e-02     3s
 200   4.92245483e+05  2.46e+00  8.08e-03  9.61e-07  1.20e-01     3s
 201   4.92244955e+05  1.77e+00  8.47e-03  5.69e-07  2.79e-01     3s
 202   4.92244654e+05  1.31e+00  6.79e-03  5.01e-07  2.58e-01     3s
 203   4.92244422e+05  9.42e-01  4.84e-03  3.75e-07  2.84e-01     3s
 204   4.92244183e+05  5.28e-01  2.81e-03  2.93e-07  4.39e-01     3s
 205   4.92244055e+05  2.87e-01  1.62e-03  2.48e-07  4.56e-01     3s
 206   4.92243945e+05  7.91e-02  6.33e-04  2.14e-07  7.45e-01     3s
 207   4.92243916e+05  2.04e-02  4.20e-04  1.95e-07  8.41e-01     3s
 208   4.92243907e+05  3.25e-03  3.16e-04  1.84e-07  9.11e-01     3s
 209   4.92243905e+05  1.84e-04  1.88e-04  1.76e-07  1.00e+00     3s
 210   4.92243900e+05  3.19e-05  1.41e-04  1.74e-07  8.61e-01     3s
 211   4.92243902e+05  9.15e-07  8.22e-05  1.70e-07  1.00e+00     3s
 212   4.92243896e+05  4.43e-07  5.84e-05  1.69e-07  9.97e-01     3s
 213   4.92243895e+05  2.23e-07  3.37e-05  1.67e-07  1.00e+00     3s
 214   4.92243895e+05  4.88e-07  3.27e-05  1.67e-07  1.00e+00     3s
 215   4.92243895e+05  2.24e-07  2.86e-05  1.66e-07  1.00e+00     3s
 216   4.92243894e+05  4.03e-07  2.58e-05  1.66e-07  1.00e+00     3s
 217   4.92243892e+05  2.71e-07  1.72e-05  1.66e-07  1.00e+00     3s
 218   4.92243887e+05  4.54e-07  3.72e-06  1.65e-07  6.48e-01     3s
 219   4.92243887e+05  2.08e-06  1.08e-05  1.65e-07  8.17e-01     3s
 220   4.92243889e+05  1.36e-06  2.31e-05  1.65e-07  7.19e-01     3s
 221   4.92243889e+05  2.97e-07  3.14e-05  1.65e-07  1.00e+00     3s
 222   4.92243890e+05  7.54e-08  1.85e-05  1.65e-07  1.00e+00     3s
 223   4.92243890e+05  1.70e-06  3.04e-05  1.65e-07  1.00e+00     3s
 224   4.92243889e+05  6.37e-07  1.72e-05  1.65e-07  1.00e+00     3s
 225   4.92243885e+05  7.01e-07  2.48e-05  1.65e-07  1.00e+00     3s
 226   4.92243882e+05  7.52e-08  2.48e-05  1.65e-07  1.00e+00     3s
 227   4.92243880e+05  3.99e-07  3.42e-06  1.65e-07  1.00e+00     3s
 228   4.92243879e+05  1.48e-06  1.11e-05  1.65e-07  1.00e+00     3s
 229   4.92243881e+05  3.11e-07  2.95e-05  1.65e-07  1.00e+00     3s
 230   4.92243880e+05  5.39e-08  1.25e-05  1.65e-07  8.92e-01     3s
 231   4.92243880e+05  7.08e-07  3.67e-05  1.65e-07  1.00e+00     3s
 232   4.92243879e+05  1.69e-07  1.89e-05  1.65e-07  1.00e+00     3s
 233   4.92243878e+05  2.31e-07  7.35e-06  1.65e-07  1.00e+00     3s
 234   4.92243877e+05  6.39e-07  3.73e-05  1.65e-07  1.00e+00     3s
 235   4.92243877e+05  1.89e-06  3.62e-05  1.65e-07  1.00e+00     3s
 236   4.92243876e+05  1.39e-07  2.27e-07  1.65e-07  1.00e+00     3s
 237   4.92243872e+05  6.66e-07  2.85e-06  1.65e-07  5.94e-01     3s
 238   4.92243870e+05  1.63e-06  9.88e-07  1.65e-07  7.91e-01     3s
 239   4.92243870e+05  1.33e-06  3.21e-05  1.65e-07  1.00e+00     3s
 240   4.92243870e+05  7.18e-08  1.31e-05  1.65e-07  1.00e+00     3s
 241   4.92243869e+05  8.01e-07  2.22e-06  1.65e-07  1.00e+00     3s
 242   4.92243867e+05  1.17e-06  6.57e-07  1.65e-07  1.00e+00     3s
 243   4.92243867e+05  1.77e-06  8.08e-07  1.65e-07  1.00e+00     3s
 244   4.92243867e+05  1.79e-06  1.96e-06  1.65e-07  1.00e+00     3s
 245   4.92243866e+05  9.58e-07  5.93e-07  1.65e-07  1.00e+00     3s
 246   4.92243866e+05  1.88e-06  6.09e-07  1.65e-07  1.00e+00     3s
 247   4.92243866e+05  1.62e-06  1.43e-05  1.65e-07  1.00e+00     3s
 248   4.92243867e+05  2.16e-06  1.10e-06  1.65e-07  1.00e+00     3s
 249   4.92243867e+05  6.19e-06  1.42e-06  1.65e-07  1.00e+00     3s
 250   4.92243867e+05  4.24e-06  5.53e-07  1.65e-07  1.00e+00     3s
 251   4.92243868e+05  4.32e-07  1.42e-06  1.65e-07  1.00e+00     3s
 252   4.92243868e+05  3.36e-08  7.61e-07  1.65e-07  1.00e+00     3s
 253   4.92243868e+05  1.06e-07  1.75e-06  1.65e-07  1.00e+00     3s
 254   4.92243868e+05  1.39e-07  4.52e-07  1.65e-07  1.00e+00     3s
 255   4.92243869e+05  1.39e-07  4.84e-06  1.65e-07  1.00e+00     3s
 256   4.92243869e+05  1.75e-08  3.42e-07  1.65e-07  1.00e+00     3s
 257   4.92243870e+05  1.38e-07  2.14e-07  1.65e-07  1.00e+00     4s
 258   4.92243871e+05  1.18e-07  1.44e-07  1.65e-07  1.00e+00     4s
 259   4.92243871e+05  1.37e-07  1.53e-07  1.65e-07  1.00e+00     4s
 260   4.92243872e+05  1.36e-07  1.52e-07  1.65e-07  1.00e+00     4s
 261   4.92243872e+05  1.36e-07  1.50e-07  1.65e-07  1.00e+00     4s
 262   4.92243872e+05  1.36e-07  1.48e-07  1.65e-07  1.00e+00     4s
 263   4.92243872e+05  1.36e-07  1.45e-07  1.65e-07  1.00e+00     4s
 264   4.92243872e+05  1.36e-07  1.40e-07  1.65e-07  1.00e+00     4s
 265   4.92243872e+05  1.37e-07  1.31e-07  1.65e-07  1.00e+00     4s
 266   4.92243872e+05  1.42e-07  1.05e-07  1.65e-07  1.00e+00     4s
 267   4.92243873e+05  1.73e-07  5.23e-08  1.65e-07  1.00e+00     4s
 268   4.92243873e+05  1.75e-07  5.18e-08  1.65e-07  1.00e+00     4s
 269   4.92243873e+05  2.00e-07  5.52e-08  1.65e-07  1.00e+00     4s
 270   4.92243874e+05  2.49e-07  6.16e-08  1.65e-07  1.00e+00     4s
 271   4.92243874e+05  2.94e-07  6.68e-08  1.65e-07  1.00e+00     4s
 272   4.92243874e+05  3.02e-07  6.76e-08  1.65e-07  1.00e+00     4s
 273   4.92243876e+05  2.98e-07  6.71e-08  1.65e-07  1.00e+00     4s
 274   4.92243877e+05  2.91e-07  6.62e-08  1.65e-07  1.00e+00     4s
 275   4.92243877e+05  2.80e-07  6.48e-08  1.65e-07  1.00e+00     4s
 276   4.92243877e+05  2.66e-07  6.28e-08  1.65e-07  1.00e+00     4s
 277   4.92243877e+05  2.46e-07  6.01e-08  1.65e-07  1.00e+00     4s
 278   4.92243877e+05  2.21e-07  5.67e-08  1.65e-07  1.00e+00     4s
 279   4.92243877e+05  1.96e-07  5.28e-08  1.65e-07  1.00e+00     4s
 280   4.92243878e+05  1.74e-07  4.90e-08  1.65e-07  1.00e+00     4s
 281   4.92243878e+05  1.55e-07  4.51e-08  1.65e-07  1.00e+00     4s
 282   4.92243878e+05  1.35e-07  4.02e-08  1.65e-07  1.00e+00     4s
 283   4.92243878e+05  1.07e-07  3.24e-08  1.65e-07  1.00e+00     4s
 284   4.92243878e+05  5.74e-08  2.97e-08  1.65e-07  1.00e+00     4s
 285   4.92243878e+05  9.95e-09  2.34e-08  1.65e-07  1.00e+00     4s
 286   4.92243878e+05  9.95e-09  1.43e-08  1.65e-07  1.00e+00     4s
 287   4.92243878e+05  9.94e-09  1.18e-08  1.65e-07  1.00e+00     4s
 288   4.92243879e+05  9.94e-09  6.08e-09  1.65e-07  1.00e+00     4s
 289   4.92243808e+05  8.19e-03  8.78e-05  5.17e-08  5.52e-01     4s
 290   4.92243783e+05  7.72e-03  8.48e-05  2.02e-08  4.94e-01     4s
 291   4.92243770e+05  5.16e-03  4.36e-05  1.63e-08  5.77e-01     4s
 292   4.92243765e+05  2.58e-03  8.12e-05  1.24e-08  5.84e-01     4s
 293   4.92243762e+05  5.68e-04  9.17e-05  7.83e-09  8.59e-01     4s
 294   4.92243762e+05  4.46e-05  9.99e-05  6.05e-09  1.00e+00     4s
 295   4.92243762e+05  6.14e-06  8.68e-05  4.68e-09  1.00e+00     4s
 296   4.92243763e+05  8.28e-07  6.31e-05  3.31e-09  1.00e+00     4s
 297   4.92243763e+05  9.08e-08  4.86e-05  2.57e-09  1.00e+00     4s
 298   4.92243763e+05  1.00e-08  2.69e-05  1.55e-09  1.00e+00     4s
 299   4.92243763e+05  1.94e-08  2.13e-05  1.29e-09  1.00e+00     4s
 300   4.92243763e+05  1.00e-08  1.77e-05  1.13e-09  1.00e+00     4s
 301   4.92243764e+05  1.00e-08  1.59e-05  1.05e-09  1.00e+00     4s
 302   4.92243764e+05  1.00e-08  1.24e-05  8.86e-10  1.00e+00     4s
 303   4.92243764e+05  1.00e-08  6.90e-06  6.35e-10  1.00e+00     4s
 304   4.92243764e+05  1.98e-08  6.83e-06  6.32e-10  1.00e+00     4s
 305   4.92243764e+05  1.00e-08  4.18e-06  5.11e-10  1.00e+00     4s
 306   4.92243764e+05  1.54e-08  2.82e-06  4.49e-10  1.00e+00     4s
 307   4.92243764e+05  1.05e-08  2.96e-08  3.22e-10  1.00e+00     4s
 308   4.92243764e+05  7.74e-08  1.05e-06  3.27e-10  1.00e+00     4s
 309   4.92243764e+05  1.35e-08  1.19e-06  3.25e-10  1.00e+00     4s
 310   4.92243764e+05  1.00e-08  1.28e-06  3.25e-10  1.00e+00     4s
 311   4.92243764e+05  2.72e-08  2.75e-07  3.24e-10  1.00e+00     4s
 312   4.92243764e+05  1.00e-08  3.33e-07  3.22e-10  1.00e+00     4s
 313   4.92243764e+05  1.00e-08  5.62e-08  3.20e-10  1.00e+00     4s
 314   4.92243764e+05  1.08e-08  2.86e-07  3.20e-10  1.00e+00     4s
 315   4.92243764e+05  1.00e-08  1.42e-06  3.21e-10  1.00e+00     4s
 316   4.92243764e+05  1.07e-07  1.43e-06  3.22e-10  1.00e+00     4s
 317   4.92243764e+05  1.00e-08  3.77e-07  3.20e-10  1.00e+00     4s
 318   4.92243764e+05  2.67e-08  4.42e-07  3.23e-10  1.00e+00     4s
 319   4.92243764e+05  1.00e-08  3.17e-07  3.23e-10  1.00e+00     4s
 320   4.92243765e+05  1.00e-08  1.34e-06  3.23e-10  1.00e+00     4s
 321   4.92243765e+05  1.00e-08  1.02e-06  3.22e-10  1.00e+00     4s
 322   4.92243765e+05  1.00e-08  1.86e-06  3.21e-10  1.00e+00     4s
 323   4.92243766e+05  1.00e-08  1.26e-07  3.20e-10  1.00e+00     4s
 324   4.92243766e+05  5.14e-08  1.11e-07  3.20e-10  1.00e+00     4s
 325   4.92243766e+05  9.98e-09  3.06e-07  3.21e-10  1.00e+00     4s
 326   4.92243766e+05  9.85e-09  2.27e-07  3.21e-10  1.00e+00     4s
 327   4.92243766e+05  8.45e-09  2.30e-06  3.21e-10  1.00e+00     4s
 328   4.92243766e+05  5.99e-08  1.50e-06  3.21e-10  1.00e+00     4s
 329   4.92243767e+05  8.45e-09  1.47e-06  3.21e-10  1.00e+00     4s
 330   4.92243767e+05  1.07e-07  1.77e-06  3.21e-10  1.00e+00     4s
 331   4.92243767e+05  8.45e-09  1.06e-06  3.20e-10  1.00e+00     4s
 332   4.92243767e+05  1.41e-08  8.43e-07  3.21e-10  1.00e+00     4s
 333   4.92243767e+05  8.45e-09  7.39e-07  3.21e-10  1.00e+00     4s
 334   4.92243767e+05  8.45e-09  7.48e-07  3.21e-10  1.00e+00     4s
 335   4.92243767e+05  8.45e-09  5.17e-07  3.20e-10  1.00e+00     4s
 336   4.92243767e+05  1.30e-08  4.46e-07  3.21e-10  1.00e+00     4s
 337   4.92243767e+05  8.45e-09  2.86e-09  3.20e-10  1.00e+00     4s
 338   4.92243767e+05  9.01e-08  1.83e-07  3.20e-10  1.00e+00     4s
 339   4.92243767e+05  8.45e-09  3.13e-07  3.20e-10  1.00e+00     4s
 340   4.92243767e+05  9.83e-09  2.34e-07  3.20e-10  1.00e+00     4s
 341   4.92243767e+05  8.45e-09  1.39e-07  3.20e-10  1.00e+00     5s
 342   4.92243768e+05  1.23e-08  1.45e-06  3.20e-10  1.00e+00     5s
 343   4.92243768e+05  8.30e-08  1.25e-06  3.20e-10  1.00e+00     5s
 344   4.92243768e+05  8.45e-09  6.93e-08  3.20e-10  1.00e+00     5s
 345   4.92243769e+05  8.45e-09  6.90e-07  3.28e-10  1.00e+00     5s
 346   4.92243769e+05  8.44e-09  8.21e-07  3.30e-10  1.00e+00     5s
 347   4.92243769e+05  8.44e-09  5.98e-07  3.29e-10  1.00e+00     5s
 348   4.92243770e+05  7.25e-09  2.72e-06  3.28e-10  1.00e+00     5s
 349   4.92243770e+05  7.25e-09  8.29e-07  3.23e-10  1.00e+00     5s
 350   4.92243770e+05  7.25e-09  9.91e-07  3.25e-10  1.00e+00     5s
 351   4.92243770e+05  7.25e-09  5.47e-07  3.24e-10  1.00e+00     5s
 352   4.92243770e+05  7.25e-09  5.09e-07  3.24e-10  1.00e+00     5s
 353   4.92243770e+05  7.25e-09  6.95e-08  3.20e-10  1.00e+00     5s
 354   4.92243770e+05  7.25e-09  4.87e-08  3.20e-10  1.00e+00     5s
 355   4.92243770e+05  7.25e-09  1.47e-07  3.22e-10  1.00e+00     5s
 356   4.92243771e+05  7.25e-09  1.70e-07  3.22e-10  1.00e+00     5s
 357   4.92243771e+05  7.25e-09  8.72e-08  3.20e-10  1.00e+00     5s
 358   4.92243771e+05  7.25e-09  1.65e-06  3.20e-10  1.00e+00     5s
 359   4.92243772e+05  7.25e-09  1.34e-06  3.20e-10  1.00e+00     5s
 360   4.92243772e+05  7.25e-09  6.85e-07  3.20e-10  1.00e+00     5s
 361   4.92243772e+05  7.24e-09  6.09e-07  3.20e-10  1.00e+00     5s
 362   4.92243772e+05  7.24e-09  1.04e-06  3.20e-10  1.00e+00     5s
 363   4.92243772e+05  7.21e-09  8.15e-07  3.20e-10  1.00e+00     5s
 364   4.92243773e+05  6.56e-09  8.11e-07  3.22e-10  1.00e+00     5s
 365   4.92243773e+05  6.48e-09  1.11e-06  3.23e-10  1.00e+00     5s
 366   4.92243773e+05  6.48e-09  3.42e-08  3.20e-10  1.00e+00     5s
 367   4.92243773e+05  6.48e-09  6.46e-08  3.20e-10  1.00e+00     5s
 368   4.92243773e+05  6.48e-09  1.09e-08  3.22e-10  1.00e+00     5s
 369   4.92243774e+05  6.18e-09  2.31e-06  3.23e-10  1.00e+00     5s
 370   4.92243774e+05  9.75e-09  5.15e-08  3.20e-10  1.00e+00     5s
 371   4.92243774e+05  6.79e-09  1.57e-06  3.25e-10  1.00e+00     5s
 372   4.92243774e+05  6.01e-09  1.16e-06  3.24e-10  1.00e+00     5s
 373   4.92243774e+05  6.01e-09  9.17e-07  3.23e-10  1.00e+00     5s
 374   4.92243775e+05  6.01e-09  8.13e-07  3.23e-10  1.00e+00     5s
 375   4.92243775e+05  6.01e-09  4.15e-07  3.21e-10  1.00e+00     5s
 376   4.92243775e+05  6.43e-09  2.58e-07  3.21e-10  1.00e+00     5s
 377   4.92243775e+05  6.01e-09  6.82e-07  3.22e-10  1.00e+00     5s
 378   4.92243775e+05  6.01e-09  4.60e-07  3.22e-10  1.00e+00     5s
 379   4.92243775e+05  6.01e-09  7.35e-07  3.22e-10  1.00e+00     5s
 380   4.92243775e+05  6.01e-09  5.66e-07  3.21e-10  1.00e+00     5s
 381   4.92243775e+05  6.01e-09  3.55e-07  3.21e-10  1.00e+00     5s
 382   4.92243776e+05  6.01e-09  4.22e-07  3.21e-10  1.00e+00     5s
 383   4.92243776e+05  6.01e-09  1.24e-06  3.21e-10  1.00e+00     5s
 384   4.92243776e+05  6.01e-09  2.11e-10  3.20e-10  1.00e+00     5s
 385   4.92243776e+05  6.01e-09  1.16e-09  3.20e-10  1.00e+00     5s
 386   4.92243776e+05  6.00e-09  2.10e-08  3.20e-10  1.00e+00     5s
 387   4.92243776e+05  4.89e-09  1.03e-06  3.31e-10  1.00e+00     5s
 388   4.92243776e+05  2.43e-08  1.66e-07  3.27e-10  1.00e+00     5s
 389   4.92243776e+05  6.59e-09  3.52e-09  3.20e-10  1.00e+00     5s
 390   4.92243776e+05  7.26e-09  2.10e-07  3.20e-10  1.00e+00     5s
 391   4.92243776e+05  4.88e-09  2.77e-07  3.21e-10  1.00e+00     5s
 392   4.92243776e+05  4.86e-09  7.66e-08  3.23e-10  1.00e+00     5s
 393   4.92243776e+05  4.55e-09  9.13e-08  3.23e-10  1.00e+00     5s
 394   4.92243776e+05  5.14e-09  9.37e-09  3.24e-10  1.00e+00     5s
 395   4.92243776e+05  7.00e-09  2.05e-08  3.21e-10  1.00e+00     5s
 396   4.92243776e+05  4.55e-09  2.65e-08  3.25e-10  1.00e+00     5s
 397   4.92243776e+05  4.55e-09  7.66e-08  3.24e-10  1.00e+00     5s
 398   4.92243776e+05  4.55e-09  6.71e-10  3.20e-10  1.00e+00     5s
 399   4.92243776e+05  4.55e-09  5.95e-08  3.20e-10  1.00e+00     5s
 400   4.92243776e+05  4.54e-09  1.05e-07  3.20e-10  1.00e+00     5s
 401   4.92243777e+05  4.52e-09  2.14e-07  3.20e-10  1.00e+00     5s
 402   4.92243777e+05  4.32e-09  1.95e-07  3.20e-10  1.00e+00     5s
 403   4.92243777e+05  4.21e-09  5.43e-07  3.20e-10  1.00e+00     5s
 404   4.92243777e+05  4.01e-09  9.16e-07  3.20e-10  1.00e+00     5s
 405   4.92243777e+05  4.01e-09  5.87e-07  3.20e-10  1.00e+00     5s
 406   4.92243777e+05  4.01e-09  5.57e-07  3.20e-10  1.00e+00     5s
 407   4.92243777e+05  4.01e-09  2.73e-11  3.20e-10  1.00e+00     5s
 408   4.92243777e+05  4.00e-09  4.24e-08  3.20e-10  1.00e+00     5s
 409   4.92243777e+05  3.94e-09  6.01e-08  3.20e-10  1.00e+00     5s
 410   4.92243777e+05  3.70e-09  2.04e-08  3.20e-10  1.00e+00     5s
 411   4.92243777e+05  3.70e-09  4.08e-09  3.20e-10  1.00e+00     5s
 412   4.92243777e+05  3.70e-09  8.20e-09  3.27e-10  1.00e+00     5s
 413   4.92243777e+05  3.70e-09  7.16e-08  3.24e-10  1.00e+00     5s
 414   4.92243777e+05  3.70e-09  6.92e-08  3.23e-10  1.00e+00     5s
 415   4.92243777e+05  3.70e-09  1.29e-08  3.20e-10  1.00e+00     5s
 416   4.92243777e+05  3.69e-09  4.67e-08  3.20e-10  1.00e+00     5s
 417   4.92243777e+05  3.69e-09  4.68e-08  3.20e-10  1.00e+00     5s
 418   4.92243777e+05  3.69e-09  6.43e-10  3.20e-10  1.00e+00     5s
 419   4.92243777e+05  3.69e-09  5.16e-11  3.20e-10  1.00e+00     5s
 420   4.92243777e+05  3.69e-09  3.42e-08  3.20e-10  1.00e+00     5s
 421   4.92243777e+05  3.69e-09  2.20e-09  3.21e-10  1.00e+00     5s
 422   4.92243777e+05  3.69e-09  3.63e-08  3.20e-10  1.00e+00     5s
 423   4.92243777e+05  3.69e-09  5.91e-08  3.20e-10  1.00e+00     5s
 424   4.92243777e+05  3.69e-09  3.04e-10  3.20e-10  1.00e+00     6s
 425   4.92243777e+05  3.68e-09  1.91e-08  3.20e-10  1.00e+00     6s
 426   4.92243777e+05  3.65e-09  3.10e-08  3.20e-10  1.00e+00     6s
 427   4.92243777e+05  3.30e-09  3.31e-09  3.21e-10  1.00e+00     6s
 428   4.92243777e+05  3.26e-09  1.70e-08  3.21e-10  1.00e+00     6s
 429   4.92243777e+05  3.06e-09  2.79e-09  3.21e-10  1.00e+00     6s
 430   4.92243777e+05  3.06e-09  7.58e-09  3.20e-10  1.00e+00     6s
 431   4.92243777e+05  3.06e-09  8.67e-09  3.23e-10  1.00e+00     6s
 432   4.92243777e+05  3.06e-09  2.04e-09  3.20e-10  1.00e+00     6s
 433   4.92243777e+05  3.06e-09  5.27e-09  3.20e-10  1.00e+00     6s
 434   4.92243777e+05  3.06e-09  7.96e-09  3.24e-10  1.00e+00     6s
 435   4.92243777e+05  3.06e-09  8.58e-09  3.24e-10  1.00e+00     6s
 436   4.92243777e+05  3.06e-09  7.49e-09  3.21e-10  1.00e+00     6s
 437   4.92243777e+05  3.06e-09  2.86e-08  3.23e-10  1.00e+00     6s
 438   4.92243777e+05  3.06e-09  1.95e-09  3.21e-10  1.00e+00     6s
 439   4.92243777e+05  3.06e-09  3.92e-10  3.20e-10  1.00e+00     6s
 440   4.92243777e+05  3.06e-09  1.15e-08  3.20e-10  1.00e+00     6s
 441   4.92243777e+05  3.06e-09  1.12e-08  3.24e-10  1.00e+00     6s
 442   4.92243777e+05  3.06e-09  2.72e-09  3.21e-10  1.00e+00     6s
 443   4.92243777e+05  3.06e-09  1.60e-09  3.20e-10  1.00e+00     6s
 444   4.92243777e+05  3.06e-09  2.69e-08  3.20e-10  1.00e+00     6s
 445   4.92243777e+05  3.06e-09  6.87e-09  3.20e-10  1.00e+00     6s
 446   4.92243777e+05  3.06e-09  9.25e-09  3.24e-10  1.00e+00     6s
 447   4.92243777e+05  3.06e-09  2.20e-09  3.21e-10  1.00e+00     6s
 448   4.92243777e+05  3.06e-09  2.68e-09  3.20e-10  1.00e+00     6s
 449   4.92243777e+05  3.04e-09  3.41e-08  3.20e-10  1.00e+00     6s
 450   4.92243777e+05  2.32e-09  4.99e-09  3.22e-10  1.00e+00     6s
 451   4.92243777e+05  2.32e-09  9.11e-10  3.20e-10  1.00e+00     6s
 452   4.92243777e+05  2.32e-09  2.28e-09  3.20e-10  1.00e+00     6s
 453   4.92243777e+05  2.32e-09  1.51e-11  3.20e-10  1.00e+00     6s
 454   4.92243777e+05  2.32e-09  1.58e-11  3.20e-10  1.00e+00     6s
 455   4.92243777e+05  2.32e-09  1.59e-11  3.20e-10  1.00e+00     6s
 456   4.92243777e+05  2.32e-09  1.59e-11  3.20e-10  1.00e+00     6s
 457   4.92243777e+05  2.32e-09  1.51e-08  3.20e-10  1.00e+00     6s
 458   4.92243777e+05  2.32e-09  6.57e-09  3.22e-10  1.00e+00     6s
 459   4.92243777e+05  2.32e-09  1.60e-09  3.20e-10  1.00e+00     6s
 460   4.92243777e+05  2.32e-09  1.68e-09  3.20e-10  1.00e+00     6s
 461   4.92243777e+05  2.32e-09  6.08e-11  3.20e-10  1.00e+00     6s
 462   4.92243777e+05  2.32e-09  1.57e-11  3.20e-10  1.00e+00     6s
 463   4.92243777e+05  2.32e-09  1.57e-11  3.20e-10  1.00e+00     6s
 464   4.92243777e+05  2.32e-09  1.58e-11  3.20e-10  1.00e+00     6s
 465   4.92243777e+05  2.31e-09  1.63e-11  3.20e-10  1.00e+00     6s
 466   4.92243777e+05  2.30e-09  1.78e-08  3.20e-10  1.00e+00     6s
 467   4.92243777e+05  1.07e-09  6.72e-09  3.23e-10  1.00e+00     6s
 468   4.92243777e+05  1.07e-09  1.60e-09  3.20e-10  1.00e+00     6s
 469   4.92243777e+05  1.07e-09  2.21e-09  3.20e-10  1.00e+00     6s
 470   4.92243777e+05  1.07e-09  1.48e-11  3.20e-10  1.00e+00     6s
 471   4.92243777e+05  1.07e-09  1.56e-11  3.20e-10  1.00e+00     6s
 472   4.92243777e+05  1.07e-09  1.56e-11  3.20e-10  1.00e+00     6s
 473   4.92243777e+05  1.07e-09  1.57e-11  3.20e-10  1.00e+00     6s
 474   4.92243777e+05  1.07e-09  1.57e-11  3.20e-10  1.00e+00     6s
 475   4.92243777e+05  1.07e-09  1.57e-11  3.20e-10  1.00e+00     6s
 476   4.92243777e+05  1.07e-09  1.58e-11  3.20e-10  1.00e+00     6s
 477   4.92243777e+05  1.07e-09  1.58e-11  3.20e-10  1.00e+00     6s
 478   4.92243777e+05  1.07e-09  1.58e-11  3.20e-10  1.00e+00     6s
 479   4.92243777e+05  1.07e-09  1.59e-11  3.20e-10  1.00e+00     6s
 480   4.92243777e+05  1.07e-09  1.59e-11  3.20e-10  1.00e+00     6s
 481   4.92243777e+05  1.07e-09  1.59e-11  3.20e-10  1.00e+00     6s
 482   4.92243777e+05  1.07e-09  1.59e-11  3.20e-10  1.00e+00     6s
 483   4.92243777e+05  1.07e-09  1.60e-11  3.20e-10  1.00e+00     6s
 484   4.92243777e+05  1.07e-09  1.60e-11  3.20e-10  1.00e+00     6s
 485   4.92243777e+05  1.07e-09  1.60e-11  3.20e-10  1.00e+00     6s
 486   4.92243777e+05  1.07e-09  1.61e-11  3.20e-10  1.00e+00     6s
 487   4.92243777e+05  1.07e-09  1.61e-11  3.20e-10  1.00e+00     6s
 488   4.92243777e+05  1.07e-09  1.61e-11  3.20e-10  1.00e+00     6s
 489   4.92243777e+05  1.07e-09  1.62e-11  3.20e-10  1.00e+00     6s
 490   4.92243777e+05  1.07e-09  1.62e-11  3.20e-10  1.00e+00     6s
 491   4.92243777e+05  1.07e-09  1.62e-11  3.20e-10  1.00e+00     6s
 492   4.92243777e+05  1.07e-09  1.62e-11  3.20e-10  1.00e+00     6s
 493   4.92243777e+05  1.07e-09  1.63e-11  3.20e-10  1.00e+00     6s
 494   4.92243777e+05  1.07e-09  1.63e-11  3.20e-10  1.00e+00     6s
 495   4.92243777e+05  1.07e-09  1.63e-11  3.20e-10  1.00e+00     6s
 496   4.92243777e+05  1.07e-09  1.64e-11  3.20e-10  1.00e+00     6s
 497   4.92243777e+05  1.07e-09  1.64e-11  3.20e-10  1.00e+00     6s
 498   4.92243777e+05  1.07e-09  1.64e-11  3.20e-10  1.00e+00     6s
 499   4.92243777e+05  1.07e-09  1.65e-11  3.20e-10  1.00e+00     6s
 500   4.92243777e+05  1.07e-09  1.65e-11  3.20e-10  1.00e+00     6s
 501   4.92243777e+05  1.07e-09  1.65e-11  3.20e-10  1.00e+00     6s
 502   4.92243777e+05  1.07e-09  1.66e-11  3.20e-10  1.00e+00     6s
 503   4.92243777e+05  1.07e-09  1.66e-11  3.20e-10  1.00e+00     6s
 504   4.92243777e+05  1.07e-09  1.67e-11  3.20e-10  1.00e+00     6s
 505   4.92243777e+05  1.07e-09  1.67e-11  3.20e-10  1.00e+00     6s
 506   4.92243777e+05  1.07e-09  1.67e-11  3.20e-10  1.00e+00     6s
 507   4.92243777e+05  1.07e-09  1.68e-11  3.20e-10  1.00e+00     6s
 508   4.92243777e+05  1.07e-09  1.68e-11  3.20e-10  1.00e+00     6s
 509   4.92243777e+05  1.07e-09  1.68e-11  3.20e-10  1.00e+00     7s
 510   4.92243777e+05  1.07e-09  1.69e-11  3.20e-10  1.00e+00     7s
 511   4.92243777e+05  1.07e-09  1.69e-11  3.20e-10  1.00e+00     7s
 512   4.92243777e+05  1.07e-09  1.69e-11  3.20e-10  1.00e+00     7s
 513   4.92243777e+05  1.07e-09  1.70e-11  3.20e-10  1.00e+00     7s
 514   4.92243777e+05  1.07e-09  1.70e-11  3.20e-10  1.00e+00     7s
 515   4.92243777e+05  1.07e-09  1.71e-11  3.20e-10  1.00e+00     7s
 516   4.92243777e+05  1.07e-09  1.71e-11  3.20e-10  1.00e+00     7s
 517   4.92243777e+05  1.07e-09  1.71e-11  3.20e-10  1.00e+00     7s
 518   4.92243777e+05  1.07e-09  1.72e-11  3.20e-10  1.00e+00     7s
 519   4.92243777e+05  1.07e-09  1.72e-11  3.20e-10  1.00e+00     7s
 520   4.92243777e+05  1.07e-09  1.72e-11  3.20e-10  1.00e+00     7s
 521   4.92243777e+05  1.07e-09  1.73e-11  3.20e-10  1.00e+00     7s
 522   4.92243777e+05  1.07e-09  1.73e-11  3.20e-10  1.00e+00     7s
 523   4.92243777e+05  1.07e-09  1.74e-11  3.20e-10  1.00e+00     7s
 524   4.92243777e+05  1.07e-09  1.74e-11  3.20e-10  1.00e+00     7s
 525   4.92243777e+05  1.07e-09  1.74e-11  3.20e-10  1.00e+00     7s
 526   4.92243777e+05  1.07e-09  1.75e-11  3.20e-10  1.00e+00     7s
 527   4.92243777e+05  1.07e-09  1.75e-11  3.20e-10  1.00e+00     7s
 528   4.92243777e+05  1.07e-09  1.76e-11  3.20e-10  1.00e+00     7s
 529   4.92243777e+05  1.07e-09  1.76e-11  3.20e-10  1.00e+00     7s
 530   4.92243777e+05  1.07e-09  1.77e-11  3.20e-10  1.00e+00     7s
 531   4.92243777e+05  1.07e-09  1.77e-11  3.20e-10  1.00e+00     7s
 532   4.92243777e+05  1.07e-09  1.77e-11  3.20e-10  1.00e+00     7s
 533   4.92243777e+05  1.07e-09  1.78e-11  3.20e-10  1.00e+00     7s
 534   4.92243777e+05  1.07e-09  1.78e-11  3.20e-10  1.00e+00     7s
 535   4.92243777e+05  1.07e-09  1.79e-11  3.20e-10  1.00e+00     7s
 536   4.92243777e+05  1.07e-09  1.79e-11  3.20e-10  1.00e+00     7s
 537   4.92243777e+05  1.07e-09  1.80e-11  3.20e-10  1.00e+00     7s
 538   4.92243777e+05  1.07e-09  1.80e-11  3.20e-10  1.00e+00     7s
 539   4.92243777e+05  1.07e-09  1.81e-11  3.20e-10  1.00e+00     7s
 540   4.92243777e+05  1.07e-09  1.81e-11  3.20e-10  1.00e+00     7s
 541   4.92243777e+05  1.07e-09  1.82e-11  3.20e-10  1.00e+00     7s
 542   4.92243777e+05  1.07e-09  1.82e-11  3.20e-10  1.00e+00     7s
 543   4.92243777e+05  1.07e-09  1.82e-11  3.20e-10  1.00e+00     7s
 544   4.92243777e+05  1.07e-09  1.83e-11  3.20e-10  1.00e+00     7s
 545   4.92243777e+05  1.07e-09  1.83e-11  3.20e-10  1.00e+00     7s
 546   4.92243777e+05  1.07e-09  1.84e-11  3.20e-10  1.00e+00     7s
 547   4.92243777e+05  1.07e-09  1.84e-11  3.20e-10  1.00e+00     7s
 548   4.92243777e+05  1.07e-09  1.85e-11  3.20e-10  1.00e+00     7s
 549   4.92243777e+05  1.07e-09  1.85e-11  3.20e-10  1.00e+00     7s
 550   4.92243777e+05  1.07e-09  1.86e-11  3.20e-10  1.00e+00     7s
 551   4.92243777e+05  1.07e-09  1.86e-11  3.20e-10  1.00e+00     7s
 552   4.92243777e+05  1.07e-09  1.87e-11  3.20e-10  1.00e+00     7s
 553   4.92243777e+05  1.07e-09  1.87e-11  3.20e-10  1.00e+00     7s
 554   4.92243777e+05  1.07e-09  1.88e-11  3.20e-10  1.00e+00     7s
 555   4.92243777e+05  1.07e-09  1.88e-11  3.20e-10  1.00e+00     7s
 556   4.92243777e+05  1.07e-09  1.89e-11  3.20e-10  1.00e+00     7s
 557   4.92243777e+05  1.07e-09  1.90e-11  3.20e-10  1.00e+00     7s
 558   4.92243777e+05  1.07e-09  1.90e-11  3.20e-10  1.00e+00     7s
 559   4.92243777e+05  1.07e-09  1.91e-11  3.20e-10  1.00e+00     7s
 560   4.92243777e+05  1.07e-09  1.91e-11  3.20e-10  1.00e+00     7s
 561   4.92243777e+05  1.07e-09  1.92e-11  3.20e-10  1.00e+00     7s
 562   4.92243777e+05  1.07e-09  1.92e-11  3.20e-10  1.00e+00     7s
 563   4.92243777e+05  1.07e-09  1.93e-11  3.20e-10  1.00e+00     7s
 564   4.92243777e+05  1.07e-09  1.93e-11  3.20e-10  1.00e+00     7s
 565   4.92243777e+05  1.07e-09  1.94e-11  3.20e-10  1.00e+00     7s
 566   4.92243777e+05  1.07e-09  1.94e-11  3.20e-10  1.00e+00     7s
 567   4.92243777e+05  1.07e-09  1.95e-11  3.20e-10  1.00e+00     7s
 568   4.92243777e+05  1.07e-09  1.96e-11  3.20e-10  1.00e+00     7s
 569   4.92243777e+05  1.07e-09  1.96e-11  3.20e-10  1.00e+00     7s
 570   4.92243777e+05  1.07e-09  1.97e-11  3.20e-10  1.00e+00     7s
 571   4.92243777e+05  1.07e-09  1.97e-11  3.20e-10  1.00e+00     7s
 572   4.92243777e+05  1.07e-09  1.98e-11  3.20e-10  1.00e+00     7s
 573   4.92243777e+05  1.07e-09  1.99e-11  3.20e-10  1.00e+00     7s
 574   4.92243777e+05  1.07e-09  1.99e-11  3.20e-10  1.00e+00     7s
 575   4.92243777e+05  1.07e-09  2.00e-11  3.20e-10  1.00e+00     7s
 576   4.92243777e+05  1.07e-09  2.00e-11  3.20e-10  1.00e+00     7s
 577   4.92243777e+05  1.07e-09  2.01e-11  3.20e-10  1.00e+00     7s
 578   4.92243777e+05  1.07e-09  2.02e-11  3.20e-10  1.00e+00     7s
 579   4.92243777e+05  1.07e-09  2.02e-11  3.20e-10  1.00e+00     7s
 580   4.92243777e+05  1.07e-09  2.03e-11  3.20e-10  1.00e+00     7s
 581   4.92243777e+05  1.07e-09  2.04e-11  3.20e-10  1.00e+00     7s
 582   4.92243777e+05  1.07e-09  2.04e-11  3.20e-10  1.00e+00     7s
 583   4.92243777e+05  1.07e-09  2.05e-11  3.20e-10  1.00e+00     7s
 584   4.92243777e+05  1.07e-09  2.06e-11  3.20e-10  1.00e+00     7s
 585   4.92243777e+05  1.07e-09  2.06e-11  3.20e-10  1.00e+00     7s
 586   4.92243777e+05  1.07e-09  2.07e-11  3.20e-10  1.00e+00     7s
 587   4.92243777e+05  1.07e-09  2.08e-11  3.20e-10  1.00e+00     7s
 588   4.92243777e+05  1.07e-09  2.09e-11  3.20e-10  1.00e+00     7s
 589   4.92243777e+05  1.07e-09  2.09e-11  3.20e-10  1.00e+00     7s
 590   4.92243777e+05  1.07e-09  2.10e-11  3.20e-10  1.00e+00     7s
 591   4.92243777e+05  1.07e-09  2.11e-11  3.20e-10  1.00e+00     7s
 592   4.92243777e+05  1.07e-09  2.11e-11  3.20e-10  1.00e+00     7s
 593   4.92243777e+05  1.07e-09  2.12e-11  3.20e-10  1.00e+00     8s
 594   4.92243777e+05  1.07e-09  2.13e-11  3.20e-10  1.00e+00     8s
 595   4.92243777e+05  1.07e-09  2.14e-11  3.20e-10  1.00e+00     8s
 596   4.92243777e+05  1.07e-09  2.14e-11  3.20e-10  1.00e+00     8s
 597   4.92243777e+05  1.07e-09  2.15e-11  3.20e-10  1.00e+00     8s
 598   4.92243777e+05  1.07e-09  2.16e-11  3.20e-10  1.00e+00     8s
 599   4.92243777e+05  1.07e-09  2.17e-11  3.20e-10  1.00e+00     8s
 600   4.92243777e+05  1.07e-09  2.17e-11  3.20e-10  1.00e+00     8s
 601   4.92243777e+05  1.07e-09  2.18e-11  3.20e-10  1.00e+00     8s
 602   4.92243777e+05  1.07e-09  2.19e-11  3.20e-10  1.00e+00     8s
 603   4.92243777e+05  1.07e-09  2.20e-11  3.20e-10  1.00e+00     8s
 604   4.92243777e+05  1.07e-09  2.21e-11  3.20e-10  1.00e+00     8s
 605   4.92243777e+05  1.07e-09  2.21e-11  3.20e-10  1.00e+00     8s
 606   4.92243777e+05  1.07e-09  2.22e-11  3.20e-10  1.00e+00     8s
 607   4.92243777e+05  1.07e-09  2.23e-11  3.20e-10  1.00e+00     8s
 608   4.92243777e+05  1.07e-09  2.24e-11  3.20e-10  1.00e+00     8s
 609   4.92243777e+05  1.07e-09  2.25e-11  3.20e-10  1.00e+00     8s
 610   4.92243777e+05  1.07e-09  2.26e-11  3.20e-10  1.00e+00     8s
 611   4.92243777e+05  1.07e-09  2.27e-11  3.20e-10  1.00e+00     8s
 612   4.92243777e+05  1.07e-09  2.27e-11  3.20e-10  1.00e+00     8s
 613   4.92243777e+05  1.07e-09  2.28e-11  3.20e-10  1.00e+00     8s
 614   4.92243777e+05  1.07e-09  2.29e-11  3.20e-10  1.00e+00     8s
 615   4.92243777e+05  1.07e-09  2.30e-11  3.20e-10  1.00e+00     8s
 616   4.92243777e+05  1.07e-09  2.31e-11  3.20e-10  1.00e+00     8s
 617   4.92243777e+05  1.07e-09  2.32e-11  3.20e-10  1.00e+00     8s
 618   4.92243777e+05  1.07e-09  2.33e-11  3.20e-10  1.00e+00     8s
 619   4.92243777e+05  1.07e-09  2.34e-11  3.20e-10  1.00e+00     8s
 620   4.92243777e+05  1.07e-09  2.35e-11  3.20e-10  1.00e+00     8s
 621   4.92243777e+05  1.07e-09  2.36e-11  3.20e-10  1.00e+00     8s
 622   4.92243777e+05  1.07e-09  2.37e-11  3.20e-10  1.00e+00     8s
 623   4.92243777e+05  1.07e-09  2.38e-11  3.20e-10  1.00e+00     8s
 624   4.92243777e+05  1.07e-09  2.39e-11  3.20e-10  1.00e+00     8s
 625   4.92243777e+05  1.07e-09  2.40e-11  3.20e-10  1.00e+00     8s
 626   4.92243777e+05  1.07e-09  2.41e-11  3.20e-10  1.00e+00     8s
 627   4.92243777e+05  1.07e-09  2.42e-11  3.20e-10  1.00e+00     8s
 628   4.92243777e+05  1.07e-09  2.43e-11  3.20e-10  1.00e+00     8s
 629   4.92243777e+05  1.07e-09  2.44e-11  3.20e-10  1.00e+00     8s
 630   4.92243777e+05  1.07e-09  2.45e-11  3.20e-10  1.00e+00     8s
 631   4.92243777e+05  1.07e-09  2.46e-11  3.20e-10  1.00e+00     8s
 632   4.92243777e+05  1.07e-09  2.47e-11  3.20e-10  1.00e+00     8s
 633   4.92243777e+05  1.07e-09  2.48e-11  3.20e-10  1.00e+00     8s
 634   4.92243777e+05  1.07e-09  2.49e-11  3.20e-10  1.00e+00     8s
 635   4.92243777e+05  1.07e-09  2.50e-11  3.20e-10  1.00e+00     8s
 636   4.92243777e+05  1.07e-09  2.51e-11  3.20e-10  1.00e+00     8s
 637   4.92243777e+05  1.07e-09  2.52e-11  3.20e-10  1.00e+00     8s
 638   4.92243777e+05  1.07e-09  2.54e-11  3.20e-10  1.00e+00     8s
 639   4.92243777e+05  1.07e-09  2.55e-11  3.20e-10  1.00e+00     8s
 640   4.92243777e+05  1.07e-09  2.56e-11  3.20e-10  1.00e+00     8s
 641   4.92243777e+05  1.07e-09  2.57e-11  3.20e-10  1.00e+00     8s
 642   4.92243777e+05  1.07e-09  2.58e-11  3.20e-10  1.00e+00     8s
 643   4.92243777e+05  1.07e-09  2.60e-11  3.20e-10  1.00e+00     8s
 644   4.92243777e+05  1.07e-09  2.61e-11  3.20e-10  1.00e+00     8s
 645   4.92243777e+05  1.07e-09  2.62e-11  3.20e-10  1.00e+00     8s
 646   4.92243777e+05  1.07e-09  2.63e-11  3.20e-10  1.00e+00     8s
 647   4.92243777e+05  1.07e-09  2.64e-11  3.20e-10  1.00e+00     8s
 648   4.92243777e+05  1.07e-09  2.66e-11  3.20e-10  1.00e+00     8s
 649   4.92243777e+05  1.07e-09  2.67e-11  3.20e-10  1.00e+00     8s
 650   4.92243777e+05  1.07e-09  2.68e-11  3.20e-10  1.00e+00     8s
 651   4.92243777e+05  1.07e-09  2.70e-11  3.20e-10  1.00e+00     8s
 652   4.92243777e+05  1.07e-09  2.71e-11  3.20e-10  1.00e+00     8s
 653   4.92243777e+05  1.07e-09  2.72e-11  3.20e-10  1.00e+00     8s
 654   4.92243777e+05  1.07e-09  2.74e-11  3.20e-10  1.00e+00     8s
 655   4.92243777e+05  1.07e-09  2.75e-11  3.20e-10  1.00e+00     8s
 656   4.92243777e+05  1.07e-09  2.76e-11  3.20e-10  1.00e+00     8s
 657   4.92243777e+05  1.07e-09  2.78e-11  3.20e-10  1.00e+00     8s
 658   4.92243777e+05  1.07e-09  2.79e-11  3.20e-10  1.00e+00     8s
 659   4.92243777e+05  1.07e-09  2.81e-11  3.20e-10  1.00e+00     8s
 660   4.92243777e+05  1.07e-09  2.82e-11  3.20e-10  1.00e+00     8s
 661   4.92243777e+05  1.07e-09  2.83e-11  3.20e-10  1.00e+00     8s
 662   4.92243777e+05  1.07e-09  2.85e-11  3.20e-10  1.00e+00     8s
 663   4.92243777e+05  1.07e-09  2.86e-11  3.20e-10  1.00e+00     8s
 664   4.92243777e+05  1.07e-09  2.88e-11  3.20e-10  1.00e+00     8s
 665   4.92243777e+05  1.07e-09  2.89e-11  3.20e-10  1.00e+00     8s
 666   4.92243777e+05  1.07e-09  2.91e-11  3.20e-10  1.00e+00     8s
 667   4.92243777e+05  1.07e-09  2.92e-11  3.20e-10  1.00e+00     8s
 668   4.92243777e+05  1.07e-09  2.94e-11  3.20e-10  1.00e+00     8s
 669   4.92243777e+05  1.07e-09  2.96e-11  3.20e-10  1.00e+00     8s
 670   4.92243777e+05  1.07e-09  2.97e-11  3.20e-10  1.00e+00     8s
 671   4.92243777e+05  1.07e-09  2.99e-11  3.20e-10  1.00e+00     8s
 672   4.92243777e+05  1.07e-09  3.01e-11  3.20e-10  1.00e+00     8s
 673   4.92243777e+05  1.07e-09  3.02e-11  3.20e-10  1.00e+00     8s
 674   4.92243777e+05  1.07e-09  3.04e-11  3.20e-10  1.00e+00     8s
 675   4.92243777e+05  1.07e-09  3.06e-11  3.20e-10  1.00e+00     8s
 676   4.92243777e+05  1.07e-09  3.07e-11  3.20e-10  1.00e+00     8s
 677   4.92243777e+05  1.07e-09  3.09e-11  3.20e-10  1.00e+00     9s
 678   4.92243777e+05  1.07e-09  3.11e-11  3.20e-10  1.00e+00     9s
 679   4.92243777e+05  1.07e-09  3.13e-11  3.20e-10  1.00e+00     9s
 680   4.92243777e+05  1.07e-09  3.15e-11  3.20e-10  1.00e+00     9s
 681   4.92243777e+05  1.07e-09  3.16e-11  3.20e-10  1.00e+00     9s
 682   4.92243777e+05  1.07e-09  3.18e-11  3.20e-10  1.00e+00     9s
 683   4.92243777e+05  1.07e-09  3.20e-11  3.20e-10  1.00e+00     9s
 684   4.92243777e+05  1.07e-09  3.22e-11  3.20e-10  1.00e+00     9s
 685   4.92243777e+05  1.07e-09  3.24e-11  3.20e-10  1.00e+00     9s
 686   4.92243777e+05  1.07e-09  3.26e-11  3.20e-10  1.00e+00     9s
 687   4.92243777e+05  1.07e-09  3.28e-11  3.20e-10  1.00e+00     9s
 688   4.92243777e+05  1.07e-09  3.30e-11  3.20e-10  1.00e+00     9s
 689   4.92243777e+05  1.07e-09  3.32e-11  3.20e-10  1.00e+00     9s
 690   4.92243777e+05  1.07e-09  3.34e-11  3.20e-10  1.00e+00     9s
 691   4.92243777e+05  1.07e-09  3.36e-11  3.20e-10  1.00e+00     9s
 692   4.92243777e+05  1.07e-09  3.38e-11  3.20e-10  1.00e+00     9s
 693   4.92243777e+05  1.07e-09  3.40e-11  3.20e-10  1.00e+00     9s
 694   4.92243777e+05  1.07e-09  3.42e-11  3.20e-10  1.00e+00     9s
 695   4.92243777e+05  1.07e-09  3.45e-11  3.20e-10  1.00e+00     9s
 696   4.92243777e+05  1.07e-09  3.47e-11  3.20e-10  1.00e+00     9s
 697   4.92243777e+05  1.07e-09  3.49e-11  3.20e-10  1.00e+00     9s
 698   4.92243777e+05  1.07e-09  3.51e-11  3.20e-10  1.00e+00     9s
 699   4.92243777e+05  1.07e-09  3.53e-11  3.20e-10  1.00e+00     9s
 700   4.92243777e+05  1.07e-09  3.56e-11  3.20e-10  1.00e+00     9s
 701   4.92243777e+05  1.07e-09  3.58e-11  3.20e-10  1.00e+00     9s
 702   4.92243777e+05  1.07e-09  3.60e-11  3.20e-10  1.00e+00     9s
 703   4.92243777e+05  1.07e-09  3.63e-11  3.20e-10  1.00e+00     9s
 704   4.92243777e+05  1.07e-09  3.65e-11  3.20e-10  1.00e+00     9s
 705   4.92243777e+05  1.07e-09  3.68e-11  3.20e-10  1.00e+00     9s
 706   4.92243777e+05  1.07e-09  3.70e-11  3.20e-10  1.00e+00     9s
 707   4.92243777e+05  1.07e-09  3.73e-11  3.20e-10  1.00e+00     9s
 708   4.92243777e+05  1.07e-09  3.75e-11  3.20e-10  1.00e+00     9s
 709   4.92243777e+05  1.07e-09  3.78e-11  3.20e-10  1.00e+00     9s
 710   4.92243777e+05  1.07e-09  3.80e-11  3.20e-10  1.00e+00     9s
 711   4.92243777e+05  1.07e-09  3.83e-11  3.20e-10  1.00e+00     9s
 712   4.92243777e+05  1.07e-09  3.86e-11  3.20e-10  1.00e+00     9s
 713   4.92243777e+05  1.07e-09  3.88e-11  3.20e-10  1.00e+00     9s
 714   4.92243777e+05  1.07e-09  3.91e-11  3.20e-10  1.00e+00     9s
 715   4.92243777e+05  1.07e-09  3.94e-11  3.20e-10  1.00e+00     9s
 716   4.92243777e+05  1.07e-09  3.97e-11  3.20e-10  1.00e+00     9s
 717   4.92243777e+05  1.07e-09  4.00e-11  3.20e-10  1.00e+00     9s
 718   4.92243777e+05  1.07e-09  4.03e-11  3.20e-10  1.00e+00     9s
 719   4.92243777e+05  1.07e-09  4.05e-11  3.20e-10  1.00e+00     9s
 720   4.92243777e+05  1.07e-09  4.08e-11  3.20e-10  1.00e+00     9s
 721   4.92243777e+05  1.07e-09  4.12e-11  3.20e-10  1.00e+00     9s
 722   4.92243777e+05  1.07e-09  4.15e-11  3.20e-10  1.00e+00     9s
 723   4.92243777e+05  1.07e-09  4.18e-11  3.20e-10  1.00e+00     9s
 724   4.92243777e+05  1.07e-09  4.21e-11  3.20e-10  1.00e+00     9s
 725   4.92243777e+05  1.07e-09  4.24e-11  3.20e-10  1.00e+00     9s
 726   4.92243777e+05  1.07e-09  4.27e-11  3.20e-10  1.00e+00     9s
 727   4.92243777e+05  1.07e-09  4.30e-11  3.20e-10  1.00e+00     9s
 728   4.92243777e+05  1.07e-09  4.34e-11  3.20e-10  1.00e+00     9s
 729   4.92243777e+05  1.07e-09  4.37e-11  3.20e-10  1.00e+00     9s
 730   4.92243777e+05  1.07e-09  4.40e-11  3.20e-10  1.00e+00     9s
 731   4.92243777e+05  1.07e-09  4.44e-11  3.20e-10  1.00e+00     9s
 732   4.92243777e+05  1.07e-09  4.47e-11  3.20e-10  1.00e+00     9s
 733   4.92243777e+05  1.07e-09  4.51e-11  3.20e-10  1.00e+00     9s
 734   4.92243777e+05  1.07e-09  4.54e-11  3.20e-10  1.00e+00     9s
 735   4.92243777e+05  1.07e-09  4.58e-11  3.20e-10  1.00e+00     9s
 736   4.92243777e+05  1.07e-09  4.62e-11  3.20e-10  1.00e+00     9s
 737   4.92243777e+05  1.07e-09  4.65e-11  3.20e-10  1.00e+00     9s
 738   4.92243777e+05  1.07e-09  4.69e-11  3.20e-10  1.00e+00     9s
 739   4.92243777e+05  1.07e-09  4.73e-11  3.20e-10  1.00e+00     9s
 740   4.92243777e+05  1.07e-09  4.77e-11  3.20e-10  1.00e+00     9s
 741   4.92243777e+05  1.07e-09  4.81e-11  3.20e-10  1.00e+00     9s
 742   4.92243777e+05  1.07e-09  4.85e-11  3.20e-10  1.00e+00     9s
 743   4.92243777e+05  1.07e-09  4.89e-11  3.20e-10  1.00e+00     9s
 744   4.92243777e+05  1.07e-09  4.93e-11  3.20e-10  1.00e+00     9s
 745   4.92243777e+05  1.07e-09  4.97e-11  3.20e-10  1.00e+00     9s
 746   4.92243777e+05  1.07e-09  5.01e-11  3.20e-10  1.00e+00     9s
 747   4.92243777e+05  1.07e-09  5.05e-11  3.20e-10  1.00e+00     9s
 748   4.92243777e+05  1.07e-09  5.10e-11  3.20e-10  1.00e+00     9s
 749   4.92243777e+05  1.07e-09  5.14e-11  3.20e-10  1.00e+00     9s
 750   4.92243777e+05  1.07e-09  5.18e-11  3.20e-10  1.00e+00     9s
 751   4.92243777e+05  1.07e-09  5.23e-11  3.20e-10  1.00e+00     9s
 752   4.92243777e+05  1.07e-09  5.27e-11  3.20e-10  1.00e+00     9s
 753   4.92243777e+05  1.07e-09  5.32e-11  3.20e-10  1.00e+00     9s
 754   4.92243777e+05  1.07e-09  5.37e-11  3.20e-10  1.00e+00     9s
 755   4.92243777e+05  1.07e-09  5.41e-11  3.20e-10  1.00e+00     9s
 756   4.92243777e+05  1.07e-09  5.46e-11  3.20e-10  1.00e+00     9s
 757   4.92243777e+05  1.07e-09  5.51e-11  3.20e-10  1.00e+00     9s
 758   4.92243777e+05  1.07e-09  5.56e-11  3.20e-10  1.00e+00     9s
 759   4.92243777e+05  1.07e-09  5.61e-11  3.20e-10  1.00e+00     9s
 760   4.92243777e+05  1.07e-09  5.66e-11  3.20e-10  1.00e+00     9s
 761   4.92243777e+05  1.07e-09  5.71e-11  3.20e-10  1.00e+00    10s
 762   4.92243777e+05  1.07e-09  5.76e-11  3.20e-10  1.00e+00    10s
 763   4.92243777e+05  1.07e-09  5.81e-11  3.20e-10  1.00e+00    10s
 764   4.92243777e+05  1.07e-09  5.87e-11  3.20e-10  1.00e+00    10s
 765   4.92243777e+05  1.07e-09  5.92e-11  3.20e-10  1.00e+00    10s
 766   4.92243777e+05  1.07e-09  5.98e-11  3.20e-10  1.00e+00    10s
 767   4.92243777e+05  1.07e-09  6.03e-11  3.20e-10  1.00e+00    10s
 768   4.92243777e+05  1.07e-09  6.09e-11  3.20e-10  1.00e+00    10s
 769   4.92243777e+05  1.07e-09  6.15e-11  3.20e-10  1.00e+00    10s
 770   4.92243777e+05  1.07e-09  6.21e-11  3.20e-10  1.00e+00    10s
 771   4.92243777e+05  1.07e-09  6.26e-11  3.20e-10  1.00e+00    10s
 772   4.92243777e+05  1.07e-09  6.32e-11  3.20e-10  1.00e+00    10s
 773   4.92243777e+05  1.07e-09  6.38e-11  3.20e-10  1.00e+00    10s
 774   4.92243777e+05  1.07e-09  6.45e-11  3.20e-10  1.00e+00    10s
 775   4.92243777e+05  1.07e-09  6.51e-11  3.20e-10  1.00e+00    10s
 776   4.92243777e+05  1.07e-09  6.57e-11  3.20e-10  1.00e+00    10s
 777   4.92243777e+05  1.07e-09  6.63e-11  3.20e-10  1.00e+00    10s
 778   4.92243777e+05  1.07e-09  6.70e-11  3.20e-10  1.00e+00    10s
 779   4.92243777e+05  1.07e-09  6.76e-11  3.20e-10  1.00e+00    10s
 780   4.92243777e+05  1.07e-09  6.83e-11  3.20e-10  1.00e+00    10s
 781   4.92243777e+05  1.07e-09  6.90e-11  3.20e-10  1.00e+00    10s
 782   4.92243777e+05  1.07e-09  6.97e-11  3.20e-10  1.00e+00    10s
 783   4.92243777e+05  1.07e-09  7.04e-11  3.20e-10  1.00e+00    10s
 784   4.92243777e+05  1.07e-09  7.11e-11  3.20e-10  1.00e+00    10s
 785   4.92243777e+05  1.07e-09  7.18e-11  3.20e-10  1.00e+00    10s
 786   4.92243777e+05  1.07e-09  7.25e-11  3.20e-10  1.00e+00    10s
 787   4.92243777e+05  1.07e-09  7.32e-11  3.20e-10  1.00e+00    10s
 788   4.92243777e+05  1.07e-09  7.40e-11  3.20e-10  1.00e+00    10s
 789   4.92243777e+05  1.07e-09  7.47e-11  3.20e-10  1.00e+00    10s
 790   4.92243777e+05  1.07e-09  7.55e-11  3.20e-10  1.00e+00    10s
 791   4.92243777e+05  1.07e-09  7.63e-11  3.20e-10  1.00e+00    10s
 792   4.92243777e+05  1.07e-09  7.70e-11  3.20e-10  1.00e+00    10s
 793   4.92243777e+05  1.07e-09  7.78e-11  3.20e-10  1.00e+00    10s
 794   4.92243777e+05  1.07e-09  7.86e-11  3.20e-10  1.00e+00    10s
 795   4.92243777e+05  1.07e-09  7.94e-11  3.20e-10  1.00e+00    10s
 796   4.92243777e+05  1.07e-09  8.03e-11  3.20e-10  1.00e+00    10s
 797   4.92243777e+05  1.07e-09  8.11e-11  3.20e-10  1.00e+00    10s
 798   4.92243777e+05  1.07e-09  8.19e-11  3.20e-10  1.00e+00    10s
 799   4.92243777e+05  1.07e-09  8.28e-11  3.20e-10  1.00e+00    10s
 800   4.92243777e+05  1.07e-09  8.37e-11  3.20e-10  1.00e+00    10s
 801   4.92243777e+05  1.07e-09  8.45e-11  3.20e-10  1.00e+00    10s
 802   4.92243777e+05  1.07e-09  8.54e-11  3.20e-10  1.00e+00    10s
 803   4.92243777e+05  1.07e-09  8.63e-11  3.20e-10  1.00e+00    10s
 804   4.92243777e+05  1.07e-09  8.72e-11  3.20e-10  1.00e+00    10s
 805   4.92243777e+05  1.07e-09  8.82e-11  3.20e-10  1.00e+00    10s
 806   4.92243777e+05  1.07e-09  8.91e-11  3.20e-10  1.00e+00    10s
 807   4.92243777e+05  1.07e-09  9.00e-11  3.20e-10  1.00e+00    10s
 808   4.92243777e+05  1.07e-09  9.10e-11  3.20e-10  1.00e+00    10s
 809   4.92243777e+05  1.07e-09  9.20e-11  3.20e-10  1.00e+00    10s
 810   4.92243777e+05  1.07e-09  9.30e-11  3.20e-10  1.00e+00    10s
 811   4.92243777e+05  1.07e-09  9.39e-11  3.20e-10  1.00e+00    10s
 812   4.92243777e+05  1.07e-09  9.49e-11  3.20e-10  1.00e+00    10s
 813   4.92243777e+05  1.07e-09  9.60e-11  3.20e-10  1.00e+00    10s
 814   4.92243777e+05  1.07e-09  9.70e-11  3.20e-10  1.00e+00    10s
 815   4.92243777e+05  1.07e-09  9.80e-11  3.20e-10  1.00e+00    10s
 816   4.92243777e+05  1.07e-09  9.91e-11  3.20e-10  1.00e+00    10s
 817   4.92243777e+05  1.07e-09  1.00e-10  3.20e-10  1.00e+00    10s
 818   4.92243777e+05  1.07e-09  1.01e-10  3.20e-10  1.00e+00    10s
 819   4.92243777e+05  1.07e-09  1.02e-10  3.20e-10  1.00e+00    10s
 820   4.92243777e+05  1.07e-09  1.03e-10  3.20e-10  1.00e+00    10s
 821   4.92243777e+05  1.07e-09  1.05e-10  3.20e-10  1.00e+00    10s
 822   4.92243777e+05  1.07e-09  1.06e-10  3.20e-10  1.00e+00    10s
 823   4.92243777e+05  1.07e-09  1.07e-10  3.20e-10  1.00e+00    10s
 824   4.92243777e+05  1.07e-09  1.08e-10  3.20e-10  1.00e+00    10s
 825   4.92243777e+05  1.07e-09  1.09e-10  3.20e-10  1.00e+00    10s
 826   4.92243777e+05  1.07e-09  1.10e-10  3.20e-10  1.00e+00    10s
 827   4.92243777e+05  1.07e-09  1.11e-10  3.20e-10  1.00e+00    10s
 828   4.92243777e+05  1.07e-09  1.13e-10  3.20e-10  1.00e+00    10s
 829   4.92243777e+05  1.07e-09  1.14e-10  3.20e-10  1.00e+00    10s
 830   4.92243777e+05  1.07e-09  1.15e-10  3.20e-10  1.00e+00    10s
 831   4.92243777e+05  1.07e-09  1.16e-10  3.20e-10  1.00e+00    10s
 832   4.92243777e+05  1.07e-09  1.18e-10  3.20e-10  1.00e+00    10s
 833   4.92243777e+05  1.07e-09  1.19e-10  3.20e-10  1.00e+00    10s
 834   4.92243777e+05  1.07e-09  1.20e-10  3.20e-10  1.00e+00    10s
 835   4.92243777e+05  1.07e-09  1.21e-10  3.20e-10  1.00e+00    10s
 836   4.92243777e+05  1.07e-09  1.23e-10  3.20e-10  1.00e+00    10s
 837   4.92243777e+05  1.07e-09  1.24e-10  3.20e-10  1.00e+00    10s
 838   4.92243777e+05  1.07e-09  1.25e-10  3.20e-10  1.00e+00    10s
 839   4.92243777e+05  1.07e-09  1.27e-10  3.20e-10  1.00e+00    10s
 840   4.92243777e+05  1.07e-09  1.28e-10  3.20e-10  1.00e+00    10s
 841   4.92243777e+05  1.07e-09  1.29e-10  3.20e-10  1.00e+00    10s
 842   4.92243777e+05  1.07e-09  1.31e-10  3.20e-10  1.00e+00    10s
 843   4.92243777e+05  1.07e-09  1.32e-10  3.20e-10  1.00e+00    10s
 844   4.92243777e+05  1.07e-09  1.33e-10  3.20e-10  1.00e+00    10s
 845   4.92243777e+05  1.07e-09  1.35e-10  3.20e-10  1.00e+00    10s
 846   4.92243777e+05  1.07e-09  1.36e-10  3.20e-10  1.00e+00    11s
 847   4.92243777e+05  1.07e-09  1.38e-10  3.20e-10  1.00e+00    11s
 848   4.92243777e+05  1.07e-09  1.39e-10  3.20e-10  1.00e+00    11s
 849   4.92243777e+05  1.07e-09  1.40e-10  3.20e-10  1.00e+00    11s
 850   4.92243777e+05  1.07e-09  1.42e-10  3.20e-10  1.00e+00    11s
 851   4.92243777e+05  1.07e-09  1.43e-10  3.20e-10  1.00e+00    11s
 852   4.92243777e+05  1.07e-09  1.45e-10  3.20e-10  1.00e+00    11s
 853   4.92243777e+05  1.07e-09  1.46e-10  3.20e-10  1.00e+00    11s
 854   4.92243777e+05  1.07e-09  1.48e-10  3.20e-10  1.00e+00    11s
 855   4.92243777e+05  1.07e-09  1.49e-10  3.20e-10  1.00e+00    11s
 856   4.92243777e+05  1.07e-09  1.51e-10  3.20e-10  1.00e+00    11s
 857   4.92243777e+05  1.07e-09  1.52e-10  3.20e-10  1.00e+00    11s
 858   4.92243777e+05  1.07e-09  1.54e-10  3.20e-10  1.00e+00    11s
 859   4.92243777e+05  1.07e-09  1.55e-10  3.20e-10  1.00e+00    11s
 860   4.92243777e+05  1.07e-09  1.57e-10  3.20e-10  1.00e+00    11s
 861   4.92243777e+05  1.07e-09  1.58e-10  3.20e-10  1.00e+00    11s
 862   4.92243777e+05  1.07e-09  1.60e-10  3.20e-10  1.00e+00    11s
 863   4.92243777e+05  1.07e-09  1.61e-10  3.20e-10  1.00e+00    11s
 864   4.92243777e+05  1.07e-09  1.63e-10  3.20e-10  1.00e+00    11s
 865   4.92243777e+05  1.07e-09  1.64e-10  3.20e-10  1.00e+00    11s
 866   4.92243777e+05  1.07e-09  1.66e-10  3.20e-10  1.00e+00    11s
 867   4.92243777e+05  1.07e-09  1.67e-10  3.20e-10  1.00e+00    11s
 868   4.92243777e+05  1.07e-09  1.69e-10  3.20e-10  1.00e+00    11s
 869   4.92243777e+05  1.07e-09  1.70e-10  3.20e-10  1.00e+00    11s
 870   4.92243777e+05  1.07e-09  1.72e-10  3.20e-10  1.00e+00    11s
 871   4.92243777e+05  1.07e-09  1.73e-10  3.20e-10  1.00e+00    11s
 872   4.92243777e+05  1.07e-09  1.75e-10  3.20e-10  1.00e+00    11s
 873   4.92243777e+05  1.07e-09  1.76e-10  3.20e-10  1.00e+00    11s
 874   4.92243777e+05  1.07e-09  1.78e-10  3.20e-10  1.00e+00    11s
 875   4.92243777e+05  1.07e-09  1.79e-10  3.20e-10  1.00e+00    11s
 876   4.92243777e+05  1.07e-09  1.81e-10  3.20e-10  1.00e+00    11s
 877   4.92243777e+05  1.07e-09  1.83e-10  3.20e-10  1.00e+00    11s
 878   4.92243777e+05  1.07e-09  1.84e-10  3.20e-10  1.00e+00    11s
 879   4.92243777e+05  1.07e-09  1.86e-10  3.20e-10  1.00e+00    11s
 880   4.92243777e+05  1.07e-09  1.87e-10  3.20e-10  1.00e+00    11s
 881   4.92243777e+05  1.07e-09  1.89e-10  3.20e-10  1.00e+00    11s
 882   4.92243777e+05  1.07e-09  1.90e-10  3.20e-10  1.00e+00    11s
 883   4.92243777e+05  1.07e-09  1.92e-10  3.20e-10  1.00e+00    11s
 884   4.92243777e+05  1.07e-09  1.93e-10  3.20e-10  1.00e+00    11s
 885   4.92243777e+05  1.07e-09  1.95e-10  3.20e-10  1.00e+00    11s
 886   4.92243777e+05  1.07e-09  1.96e-10  3.20e-10  1.00e+00    11s
 887   4.92243777e+05  1.07e-09  1.98e-10  3.20e-10  1.00e+00    11s
 888   4.92243777e+05  1.07e-09  1.99e-10  3.20e-10  1.00e+00    11s
 889   4.92243777e+05  1.07e-09  2.01e-10  3.20e-10  1.00e+00    11s
 890   4.92243777e+05  1.07e-09  2.02e-10  3.20e-10  1.00e+00    11s
 891   4.92243777e+05  1.07e-09  2.04e-10  3.20e-10  1.00e+00    11s
 892   4.92243777e+05  1.07e-09  2.05e-10  3.20e-10  1.00e+00    11s
 893   4.92243777e+05  1.07e-09  2.07e-10  3.20e-10  1.00e+00    11s
 894   4.92243777e+05  1.07e-09  2.08e-10  3.20e-10  1.00e+00    11s
 895   4.92243777e+05  1.07e-09  2.10e-10  3.20e-10  1.00e+00    11s
 896   4.92243777e+05  1.07e-09  2.11e-10  3.20e-10  1.00e+00    11s
 897   4.92243777e+05  1.07e-09  2.13e-10  3.20e-10  1.00e+00    11s
 898   4.92243777e+05  1.07e-09  2.14e-10  3.20e-10  1.00e+00    11s
 899   4.92243777e+05  1.07e-09  2.16e-10  3.20e-10  1.00e+00    11s
 900   4.92243777e+05  1.07e-09  2.17e-10  3.20e-10  1.00e+00    11s
 901   4.92243777e+05  1.07e-09  2.18e-10  3.20e-10  1.00e+00    11s
 902   4.92243777e+05  1.07e-09  2.20e-10  3.20e-10  1.00e+00    11s
 903   4.92243777e+05  1.07e-09  2.21e-10  3.20e-10  1.00e+00    11s
 904   4.92243777e+05  1.07e-09  2.23e-10  3.20e-10  1.00e+00    11s
 905   4.92243777e+05  1.07e-09  2.24e-10  3.20e-10  1.00e+00    11s
 906   4.92243777e+05  1.07e-09  2.25e-10  3.20e-10  1.00e+00    11s
 907   4.92243777e+05  1.07e-09  2.27e-10  3.20e-10  1.00e+00    11s
 908   4.92243777e+05  1.07e-09  2.28e-10  3.20e-10  1.00e+00    11s
 909   4.92243777e+05  1.07e-09  2.30e-10  3.20e-10  1.00e+00    11s
 910   4.92243777e+05  1.07e-09  2.31e-10  3.20e-10  1.00e+00    11s
 911   4.92243777e+05  1.07e-09  2.32e-10  3.20e-10  1.00e+00    11s
 912   4.92243777e+05  1.07e-09  2.33e-10  3.20e-10  1.00e+00    11s
 913   4.92243777e+05  1.07e-09  2.35e-10  3.20e-10  1.00e+00    11s
 914   4.92243777e+05  1.07e-09  2.36e-10  3.20e-10  1.00e+00    11s
 915   4.92243777e+05  1.07e-09  2.37e-10  3.20e-10  1.00e+00    11s
 916   4.92243777e+05  1.07e-09  2.39e-10  3.20e-10  1.00e+00    11s
 917   4.92243777e+05  1.07e-09  2.40e-10  3.20e-10  1.00e+00    11s
 918   4.92243777e+05  1.07e-09  2.41e-10  3.20e-10  1.00e+00    11s
 919   4.92243777e+05  1.07e-09  2.42e-10  3.20e-10  1.00e+00    11s
 920   4.92243777e+05  1.07e-09  2.44e-10  3.20e-10  1.00e+00    11s
 921   4.92243777e+05  1.07e-09  2.45e-10  3.20e-10  1.00e+00    11s
 922   4.92243777e+05  1.07e-09  2.46e-10  3.20e-10  1.00e+00    11s
 923   4.92243777e+05  1.07e-09  2.47e-10  3.20e-10  1.00e+00    11s
 924   4.92243777e+05  1.07e-09  2.48e-10  3.20e-10  1.00e+00    11s
 925   4.92243777e+05  1.07e-09  2.50e-10  3.20e-10  1.00e+00    11s
 926   4.92243777e+05  1.07e-09  2.51e-10  3.20e-10  1.00e+00    11s
 927   4.92243777e+05  1.07e-09  2.52e-10  3.20e-10  1.00e+00    11s
 928   4.92243777e+05  1.07e-09  2.53e-10  3.20e-10  1.00e+00    11s
 929   4.92243777e+05  1.07e-09  2.54e-10  3.20e-10  1.00e+00    11s
 930   4.92243777e+05  1.07e-09  2.55e-10  3.20e-10  1.00e+00    11s
 931   4.92243777e+05  1.07e-09  2.56e-10  3.20e-10  1.00e+00    11s
 932   4.92243777e+05  1.07e-09  2.57e-10  3.20e-10  1.00e+00    12s
 933   4.92243777e+05  1.07e-09  2.58e-10  3.20e-10  1.00e+00    12s
 934   4.92243777e+05  1.07e-09  2.59e-10  3.20e-10  1.00e+00    12s
 935   4.92243777e+05  1.07e-09  2.60e-10  3.20e-10  1.00e+00    12s
 936   4.92243777e+05  1.07e-09  2.61e-10  3.20e-10  1.00e+00    12s
 937   4.92243777e+05  1.07e-09  2.63e-10  3.20e-10  1.00e+00    12s
 938   4.92243777e+05  1.07e-09  2.64e-10  3.20e-10  1.00e+00    12s
 939   4.92243777e+05  1.07e-09  2.64e-10  3.20e-10  1.00e+00    12s
 940   4.92243777e+05  1.07e-09  2.65e-10  3.20e-10  1.00e+00    12s
 941   4.92243777e+05  1.07e-09  2.66e-10  3.20e-10  1.00e+00    12s
 942   4.92243777e+05  1.07e-09  2.67e-10  3.20e-10  1.00e+00    12s
 943   4.92243777e+05  1.07e-09  2.68e-10  3.20e-10  1.00e+00    12s
 944   4.92243777e+05  1.07e-09  2.69e-10  3.20e-10  1.00e+00    12s
 945   4.92243777e+05  1.07e-09  2.70e-10  3.20e-10  1.00e+00    12s
 946   4.92243777e+05  1.07e-09  2.71e-10  3.20e-10  1.00e+00    12s
 947   4.92243777e+05  1.07e-09  2.72e-10  3.20e-10  1.00e+00    12s
 948   4.92243777e+05  1.07e-09  2.73e-10  3.20e-10  1.00e+00    12s
 949   4.92243777e+05  1.07e-09  2.74e-10  3.20e-10  1.00e+00    12s
 950   4.92243777e+05  1.07e-09  2.75e-10  3.20e-10  1.00e+00    12s
 951   4.92243777e+05  1.07e-09  2.75e-10  3.20e-10  1.00e+00    12s
 952   4.92243777e+05  1.07e-09  2.76e-10  3.20e-10  1.00e+00    12s
 953   4.92243777e+05  1.07e-09  2.77e-10  3.20e-10  1.00e+00    12s
 954   4.92243777e+05  1.07e-09  2.78e-10  3.20e-10  1.00e+00    12s
 955   4.92243777e+05  1.07e-09  2.79e-10  3.20e-10  1.00e+00    12s
 956   4.92243777e+05  1.07e-09  2.80e-10  3.20e-10  1.00e+00    12s
 957   4.92243777e+05  1.07e-09  2.80e-10  3.20e-10  1.00e+00    12s
 958   4.92243777e+05  1.07e-09  2.81e-10  3.20e-10  1.00e+00    12s
 959   4.92243777e+05  1.07e-09  2.82e-10  3.20e-10  1.00e+00    12s
 960   4.92243777e+05  1.07e-09  2.83e-10  3.20e-10  1.00e+00    12s
 961   4.92243777e+05  1.07e-09  2.83e-10  3.20e-10  1.00e+00    12s
 962   4.92243777e+05  1.07e-09  2.84e-10  3.20e-10  1.00e+00    12s
 963   4.92243777e+05  1.07e-09  2.85e-10  3.20e-10  1.00e+00    12s
 964   4.92243777e+05  1.07e-09  2.86e-10  3.20e-10  1.00e+00    12s
 965   4.92243777e+05  1.07e-09  2.86e-10  3.20e-10  1.00e+00    12s
 966   4.92243777e+05  1.07e-09  2.87e-10  3.20e-10  1.00e+00    12s
 967   4.92243777e+05  1.07e-09  2.88e-10  3.20e-10  1.00e+00    12s
 968   4.92243777e+05  1.07e-09  2.88e-10  3.20e-10  1.00e+00    12s
 969   4.92243777e+05  1.07e-09  2.89e-10  3.20e-10  1.00e+00    12s
 970   4.92243777e+05  1.07e-09  2.90e-10  3.20e-10  1.00e+00    12s
 971   4.92243777e+05  1.07e-09  2.90e-10  3.20e-10  1.00e+00    12s
 972   4.92243777e+05  1.07e-09  2.91e-10  3.20e-10  1.00e+00    12s
 973   4.92243777e+05  1.07e-09  2.92e-10  3.20e-10  1.00e+00    12s
 974   4.92243777e+05  1.07e-09  2.92e-10  3.20e-10  1.00e+00    12s
 975   4.92243777e+05  1.07e-09  2.93e-10  3.20e-10  1.00e+00    12s
 976   4.92243777e+05  1.07e-09  2.94e-10  3.20e-10  1.00e+00    12s
 977   4.92243777e+05  1.07e-09  2.94e-10  3.20e-10  1.00e+00    12s
 978   4.92243777e+05  1.07e-09  2.95e-10  3.20e-10  1.00e+00    12s
 979   4.92243777e+05  1.07e-09  2.95e-10  3.20e-10  1.00e+00    12s
 980   4.92243777e+05  1.07e-09  2.96e-10  3.20e-10  1.00e+00    12s
 981   4.92243777e+05  1.07e-09  2.96e-10  3.20e-10  1.00e+00    12s
 982   4.92243777e+05  1.07e-09  2.97e-10  3.20e-10  1.00e+00    12s
 983   4.92243777e+05  1.07e-09  2.98e-10  3.20e-10  1.00e+00    12s
 984   4.92243777e+05  1.07e-09  2.98e-10  3.20e-10  1.00e+00    12s
 985   4.92243777e+05  1.07e-09  2.99e-10  3.20e-10  1.00e+00    12s
 986   4.92243777e+05  1.07e-09  2.99e-10  3.20e-10  1.00e+00    12s
 987   4.92243777e+05  1.07e-09  3.00e-10  3.20e-10  1.00e+00    12s
 988   4.92243777e+05  1.07e-09  3.00e-10  3.20e-10  1.00e+00    12s
 989   4.92243777e+05  1.07e-09  3.01e-10  3.20e-10  1.00e+00    12s
 990   4.92243777e+05  1.07e-09  3.01e-10  3.20e-10  1.00e+00    12s
 991   4.92243777e+05  1.07e-09  3.02e-10  3.20e-10  1.00e+00    12s
 992   4.92243777e+05  1.07e-09  3.02e-10  3.20e-10  1.00e+00    12s
 993   4.92243777e+05  1.07e-09  3.03e-10  3.20e-10  1.00e+00    12s
 994   4.92243777e+05  1.07e-09  3.03e-10  3.20e-10  1.00e+00    12s
 995   4.92243777e+05  1.07e-09  3.04e-10  3.20e-10  1.00e+00    12s
 996   4.92243777e+05  1.07e-09  3.04e-10  3.20e-10  1.00e+00    12s
 997   4.92243777e+05  1.07e-09  3.05e-10  3.20e-10  1.00e+00    12s
 998   4.92243777e+05  1.07e-09  3.05e-10  3.20e-10  1.00e+00    12s
 999   4.92243777e+05  1.07e-09  3.05e-10  3.20e-10  1.00e+00    12s
1000   4.92243777e+05  1.07e-09  3.06e-10  3.20e-10  1.00e+00    12s

NL barrier performed 1000 iterations in 12.30 seconds (17.00 work units)
Iteration limit reached

User-callback calls 7656, time in user-callback 0.02 sec
