iteration,objective,primal,dual,complementarity
0,504111.1853306247,10.01000000000063,100.0,5798.549244342889
1,504505.39848858246,2.250242587660585,7.599001066497939,449.00193157815823
2,504889.21714974195,3.642035221877401e-5,1.830528854093183,26.33513183943695
3,505009.25414030056,6.129741329650494e-5,0.46586336120145677,3.0020957780011366
4,505010.5182043086,7.004526774450059e-6,0.29240873473034434,2.244000044054698
5,505010.1904215851,5.475498331616922e-6,0.008962511340033119,1.0513071394855293
6,505009.50960231316,2.1997932671930464e-6,0.007177190176369308,1.0112410549021984
7,505009.275282878,9.221089668553573e-7,0.00023731054891662495,1.00001398681218
8,505009.183473603,3.1428439728516523e-7,3.8487200628267715e-5,0.9999999802818987
9,504242.74126203195,2.9094629393142953e-5,3.819011537013983,0.1502886388969665
10,504258.2872469092,9.041147962418627e-6,0.08602851561048185,0.149955901854165
11,504259.8929398809,9.140781911083716e-7,0.0015430588999765238,0.1500010228272735
12,504146.7054585734,3.275190362110879e-6,0.08530515289653934,0.02250598375590868
13,504148.7744464433,1.2526119326682007e-7,0.00014735771347626492,0.02249988065786223
14,504131.98232655495,3.128543656441291e-7,0.0018824417233573067,0.0033750595657829592
15,504132.1673223305,8.062843494802737e-10,1.2392476229222682e-7,0.003374999888462507
16,504129.51865823456,2.8250301874882793e-8,4.704749279397808e-5,0.00034640541470418754
17,504129.5350585882,9.956386220035321e-12,2.1436114125070183e-10,0.00034640431071374225
18,504129.2456056097,1.3970705001393503e-9,5.65446220886581e-7,1.4302659136612871e-5
19,504129.23411443346,1.9504849883660025e-11,1.0253573373580248e-9,1.6503747730302017e-7
20,504129.233983084,2.3305801732931286e-12,1.4054487618550648e-12,9.999999592605786e-10
