pipe,side,net_MWh,attenuation_MWh,memory_change_MWh,residual_MWh
1,S,0.11304387533724902,0.11304387533724927,0.0,-2.498001805406602e-16
1,R,0.05139117623947465,0.05139117623947603,0.0,-1.3808398868775384e-15
2,S,0.20970944540683595,0.20970944540683137,0.0,4.579669976578771e-15
2,R,0.09302100397432146,0.0930210039743055,0.0,1.5959455978986625e-14
3,S,0.1597405738352266,0.15974057383522755,0.0,-9.43689570931383e-16
3,R,0.0711238492984981,0.0711238492985036,0.0,-5.495603971894525e-15
4,S,0.14701036490102476,0.1470103649010234,0.0,1.3600232051658168e-15
4,R,0.06535965071638745,0.06535965071638265,0.0,4.801714581503802e-15
5,S,0.11143280159847009,0.11143280159847031,0.0,-2.220446049250313e-16
5,R,0.049803717907706324,0.04980371790770793,0.0,-1.6028844918025698e-15
6,S,0.11143280159847009,0.11143280159847031,0.0,-2.220446049250313e-16
6,R,0.04980371790770655,0.04980371790770815,0.0,-1.5959455978986625e-15
7,S,0.1700514950558361,0.17005149505583497,0.0,1.1379786002407855e-15
7,R,0.07543661011986269,0.07543661011985356,0.0,9.131584377541913e-15
8,S,0.15903418920961612,0.15903418920962614,0.0,-1.0019762797242038e-14
8,R,0.07043795650615019,0.07043795650616022,0.0,-1.0033640585049852e-14
9,S,0.14636027420028405,0.14636027420028405,1.1416053287878945e-16,-1.1416053287878945e-16
9,R,0.06472625532175258,0.06472625532174915,0.0,3.427813588530171e-15
10,S,0.110940037512586,0.1109400375125867,0.0,-6.938893903907228e-16
10,R,0.04931817684592779,0.04931817684592917,0.0,-1.3808398868775384e-15
11,S,0.110940037512586,0.1109400375125867,0.0,-6.938893903907228e-16
11,R,0.04931817684592734,0.04931817684592917,0.0,-1.8318679906315083e-15
12,S,0.2686059286483669,0.2686059286483669,0.0,0.0
12,R,0.11812353919792559,0.11812353919794986,0.0,-2.4272250875867485e-14
13,S,0.19546076197721843,0.1954607619772202,0.0,-1.7763568394002505e-15
13,R,0.0863804263422182,0.08638042634222734,0.0,-9.145462165349727e-15
14,S,0.18717134274672964,0.18717134274671046,0.0,1.917910275039958e-14
14,R,0.08264346040016927,0.08264346040015648,0.0,1.2795320358804929e-14
15,S,0.17822907216182016,0.17822907216181882,0.0,1.3322676295501878e-15
15,R,0.07862921380966269,0.07862921380965311,0.0,9.575673587391975e-15
16,S,0.13184751316011892,0.13184751316012075,0.0,-1.8318679906315083e-15
16,R,0.05848971318748357,0.058489713187486754,0.0,-3.184952301893418e-15
17,S,0.11070690736408449,0.11070690736408699,0.0,-2.4980018054066022e-15
17,R,0.04908846396083903,0.049088463960840635,0.0,-1.6028844918025698e-15
18,S,0.14638395691214443,0.14638395691213754,0.0,6.8833827526759706e-15
18,R,0.06457981003184986,0.06457981003184711,0.0,2.7478019859472624e-15
19,S,0.1310030608833535,0.1310030608833549,0.0,-1.3877787807814457e-15
19,R,0.05766474914790015,0.05766474914790107,0.0,-9.159339953157541e-16
20,S,0.10999785568965272,0.10999785568965387,0.0,-1.1518563880486e-15
20,R,0.0483898056926685,0.048389805692670096,0.0,-1.5959455978986625e-15
21,S,0.22335553514284373,0.22335553514270665,0.0,1.370847879655912e-13
21,R,0.09810254672831675,0.09810254672824953,0.0,6.722400414105323e-14
22,S,0.2168599237637478,0.21685992376373234,0.0,1.5459855617905305e-14
22,R,0.09519653902588365,0.09519653902586822,0.0,1.5432100042289676e-14
23,S,0.2100640160724854,0.210064016072462,0.0,2.3397950243975174e-14
23,R,0.09216478545851257,0.09216478545849616,0.0,1.6417422976644502e-14
24,S,0.20291971548140997,0.20291971548140997,0.0,0.0
24,R,0.08898825105357665,0.08898825105357243,0.0,4.218847493575595e-15
25,S,0.11168866470777832,0.11168866470777855,0.0,-2.3592239273284576e-16
25,R,0.050055830529799075,0.0500558305298009,0.0,-1.824929096727601e-15
26,S,0.18789935329833404,0.1878993532983142,0.0,1.9845236565174673e-14
26,R,0.0822750468866025,0.0822750468865826,0.0,1.990074771640593e-14
27,S,0.1778947639113076,0.17789476391128708,0.0,2.0511370379949767e-14
27,R,0.07804963189926686,0.07804963189925454,0.0,1.2323475573339238e-14
28,S,0.16813172979381188,0.16813172979380964,0.0,2.248201624865942e-15
28,R,0.07366344784634901,0.07366344784634446,0.0,4.551914400963142e-15
29,S,0.15723880180751726,0.15723880180752095,0.0,-3.6914915568786455e-15
29,R,0.06879621855003988,0.06879621855004628,0.0,-6.3976601794024646e-15
30,S,0.11039465199516013,0.1103946519951624,0.0,-2.2620794126737565e-15
30,R,0.0487807856869645,0.04878078568696634,0.0,-1.8388068845354155e-15
31,S,0.13033795464341918,0.13033795464342374,0.0,-4.551914400963142e-15
31,R,0.05701499220419343,0.05701499220419618,0.0,-2.7478019859472624e-15
32,S,0.10943939346972083,0.1094393934697222,0.0,-1.3739009929736312e-15
32,R,0.04783952951183982,0.04783952951184165,0.0,-1.8318679906315083e-15
33,S,0.168787282957261,0.16878728295725526,0.0,5.745404152435185e-15
33,R,0.0740978068558532,0.07409780685584866,0.0,4.538036613155327e-15
34,S,0.1578518829557076,0.1578518829557167,0.0,-9.103828801926284e-15
34,R,0.06915483791599007,0.06915483791599647,0.0,-6.3976601794024646e-15
35,S,0.14527218950376264,0.14527218950375648,-1.1416053287878945e-16,6.275898319548408e-15
35,R,0.06349838393009345,0.06349838393009072,0.0,2.733924198139448e-15
36,S,0.13000810941082083,0.13000810941082402,0.0,-3.191891195797325e-15
36,R,0.056692759127185466,0.05669275912718822,0.0,-2.7547408798511697e-15
37,S,0.10916243606084854,0.10916243606085012,0.0,-1.582067810090848e-15
37,R,0.047566631794208426,0.04756663179421048,0.0,-2.0539125955565396e-15
