iteration,objective,primal,dual,complementarity
0,504111.1853306247,10.01000000000063,100.0,5329.2189799005655
1,505498.5964752844,2.523829207068152,65.34024280274176,1390.8794678363763
2,505806.8926603421,1.2692515752519427,19.584211397910188,230.63959807256794
3,504881.8655529341,0.8867958286763269,15.444880760637952,53.91112275449219
4,502635.19813685067,2.48738322504164,20.83263927367367,14.458317997365617
5,501788.31623573543,2.0433822479531614,54.03667511603053,3.187559556864642
6,500784.5992998401,1.4354376413267147,56.34818432147317,1.5196254735641626
7,499770.4834905851,3.0404718183016257,33.210542977878866,1.3511840406336753
8,499678.42809627694,0.8089728044412823,0.9746092325062446,1.006288457473025
9,499663.01040632516,0.059426921528313414,0.25879566458085757,0.9999942699288273
10,499663.6550025626,0.021077838947121563,0.06308526111537813,0.9999984046343366
11,498548.09653786296,1.725641389504517,20.634188056089066,0.27710606117430986
12,497429.6149497357,6.541336859972944,5.31216848027483,0.16546422680483114
13,497012.9686237742,4.420660538709399,1.6258433416271865,0.15078323016013412
14,496732.6550355138,0.7868735042911794,0.05492837291787141,0.1500003586996003
15,496738.76886450406,0.01096904507285501,0.0021335449677052643,0.14999979095291638
16,496421.1060024779,0.9526637225917511,0.964734273926308,0.0416835420346495
17,496085.4434059353,4.611416084671646,0.7130640511055986,0.02924628077173411
18,495962.2570664635,4.006496533562313,1.0511932833666804,0.023787981992298396
19,495862.340236492,3.071854631167298,0.9971692352186463,0.022925760734596505
20,495753.14952909097,1.691134349886397,0.25847458284358643,0.02256508719591861
21,495716.7344449668,0.7079206127297795,0.014218948618923054,0.022499870803215544
22,495719.66449880565,0.2972853449338757,0.0027549936408311215,0.022499878797969355
23,495718.5202563399,0.014677217583368929,0.0015768675678638072,0.022499953471414973
24,495718.2462111958,0.003631199993909816,0.001005207664764557,0.02249997253289994
25,495718.1872481728,0.0023696624485150513,0.0005980267573496151,0.02249998397408097
26,495718.154944706,0.001457158448018731,0.0003462337524743897,0.02249999073552614
27,495682.31821794575,0.22487465131507633,0.5979881243981959,0.010320409792111457
28,495576.56173070014,4.066395996331039,0.4264411789637915,0.005678215582091199
29,495524.9787907276,3.895449922719763,0.9095256468237203,0.0035068680938156135
30,495490.9351061714,0.2914710890965537,0.010779767094483327,0.0033834818303791706
31,495477.163390676,0.49506854055721305,0.008765131715839791,0.003371305036963345
32,495470.6590905516,0.5143717559365546,0.00963599698290055,0.0033725782250547502
33,495466.6992729206,2.1465795508365244,0.11028244319936936,0.00337299034026294
34,495466.5098380883,0.4842915977349733,0.023088654792817086,0.0033750447119455444
35,495466.49355294585,0.42395338730942456,0.47743576437550844,0.0033756502294529983
36,495466.6385820498,0.25076197596559524,0.005385570920730765,0.0033750827704340024
37,495466.6005409836,0.2229931332614683,0.5428489464534546,0.003375850413955846
38,495466.4288061599,0.2003110669543986,1.439583210147945,0.003378010512266945
39,495465.74127942696,0.3795384295668143,0.3370698590841566,0.0033774261123251715
40,495464.922057181,0.1474253282028144,0.00021033308131486027,0.0033750413047366735
41,495464.8682560251,0.0012336470969316338,3.476925693957772e-6,0.0033749992856940097
42,495464.86935854435,7.909917314918857e-6,3.6464890504090547e-7,0.0033749999947504925
43,495447.1937042564,0.4547309592812141,0.33396543287145136,0.0017762325304897164
44,495429.9509816638,3.7332001934126566,0.23993320488860992,0.0012093844688991413
45,495417.9439766703,1.3209680632604943,0.06704275825171015,0.000583294201290956
46,495412.3505317273,1.0764694776237818,0.11035314244222014,0.00040905811638637234
47,495407.3224106961,2.8685222564280863,0.21174468834991048,0.0003525023686813447
48,495406.33357013704,10.198557028535141,0.2563467213534433,0.00035133491519179655
49,495405.8144950083,8.130817697563138,0.20099683647145652,0.00035057766864463714
50,495402.9724595917,2.827028278092726,0.04852989939293965,0.0003469997156044411
51,495401.8750102833,6.339724417510276,1.5133685377089199,0.00034803339505396185
52,495400.27127535973,4.601603360748342,0.5742015917739267,0.00034800934023795113
53,495398.6565740638,2.0345093812415405,0.010531364573866914,0.0003461546122116258
54,495398.8473036208,0.29479705677069185,0.0006409057861024824,0.00034641331967082573
55,495398.8345479694,0.021799215443271958,0.00014480646889160722,0.0003464038094076901
56,495398.8368776669,1.8847343259787142e-5,6.921770063041989e-7,0.0003464043068112244
57,495396.1051152115,1.358434449407234,0.04678975600844206,0.00019582992125043101
58,495394.5748408955,1.8117044846083203,0.09477641638574662,0.0001033564830454821
59,495393.2764244442,5.845868587920755,0.03444827626661766,7.086123111132029e-5
60,495392.89086607983,4.296592043047497,0.06416678378895942,4.4969284968419964e-5
61,495392.3539463578,7.1110848242452604,0.0667857787717518,2.1043774153285024e-5
62,495392.20075222536,4.645227366308781,0.09099571984434525,1.6397699703131026e-5
63,495391.9239538422,0.1548695603461283,0.0018005738256699265,1.4320137385111547e-5
64,495391.9272187723,0.0015655118457615913,7.541022803632058e-6,1.430271486191611e-5
65,495391.9266653809,7.241033358695859e-6,3.1648933263705783e-7,1.4302654741329326e-5
66,495391.9266408839,1.7311144517861976e-8,7.443505852480932e-10,1.4302653036803103e-5
67,495391.8328125928,0.017178320176313377,0.02361173539924379,4.756602887002348e-6
68,495391.75988154125,0.04131145029346328,0.015239334145849921,1.475296799232383e-6
69,495391.7342072997,0.03539054408636133,0.01243022176558857,4.2059955111186585e-7
70,495391.71632868296,0.028050344962124996,0.007971138180146763,1.8415896204984648e-7
71,495391.7082541231,0.011577205812493219,0.00019135772626891043,1.6535990458934585e-7
72,495391.7081502735,0.0004977433969699518,7.346450868069295e-8,1.6503895982098812e-7
73,495391.708150218,4.77264508447206e-6,8.032055609465236e-10,1.6503773850576652e-7
74,495391.7081502315,5.970690608592122e-10,8.924145555490828e-12,1.6503773114738162e-7
75,495391.7060070703,0.0015864182592082443,0.00026365434999927055,2.1095367920026156e-8
76,495391.7058303212,0.0004744308314315049,0.00018918491674184003,1.0486797333132947e-9
77,495391.7058088814,5.187933837902392e-5,1.5372335609303844e-10,1.0000499342989616e-9
78,495391.70580888307,2.883660883412631e-7,6.246314108296382e-12,1.0000003678950107e-9
79,495391.7058088835,1.809041805245215e-11,6.960309186662235e-12,9.999999990877776e-10
80,495391.70580888377,2.0463630789890885e-12,4.2261975311922184e-12,9.999999995927104e-10
