iteration,objective,primal,dual,complementarity
0,508115.29819822987,0.9999999995743565,100.0,104.8725933472924
1,508280.2222345469,0.8469123998138457,62.26505946736209,65.59675743830293
2,513821.1721340751,0.20964619247843075,45.14884542212431,47.65307411301168
3,526829.9055853225,0.0035963779453140887,25.840548293963487,23.961582925327733
4,533520.7597044449,0.010191445116333853,393.07070920790807,6.898096494753714
5,534505.3326311744,0.04221934581937603,407.0754407753911,6.765051688476631
6,536391.7986115359,0.06262465852296373,195.14549307428342,3.286363773874039
7,536299.0455853725,0.10944459466909393,27.38625889135434,0.9999514575386442
8,536107.0151989608,1.0785287889092205,2.706848079875961,0.999949870109518
9,536079.7096939355,0.025490810802573094,0.17824659630022488,0.9999922791710067
10,536064.7355690426,0.005580872372654255,0.01848956938010815,0.9999959185161609
11,532268.6496083543,0.13659117142412214,12.430902725734715,0.3266981588431416
12,524906.5469966237,0.09653152203281934,12.85821223752577,0.15007044354609894
13,520875.0465183669,0.2975638019302096,4.007022004759094,0.15000193204686432
14,520877.81673061475,0.10203315518242562,30.55157524367322,0.14995641074002009
15,520887.39177960705,1.3665958261138434e-5,2.152032541570545,0.14999594240150918
16,520657.02475651674,4.250926042703815e-5,30.90576491354557,0.14998847640238624
17,520570.63627891964,0.04449174361070618,214.2444967133055,0.14998500288744554
18,520574.3632701744,0.44575246648560096,38.75981356247978,0.1500160920462303
19,520879.81781115447,0.06471251262701117,5.740032571976582,0.15000089375045217
20,520957.279825566,0.019800255533482414,3.3719758248395424,0.14999662920987972
21,520989.2439432737,0.005793514395236343,0.1577993160229032,0.14999990040972136
22,521027.9413506206,2.6301584966859082e-5,0.001600983732714667,0.1499998415485607
23,515099.8478401591,0.47796943963658123,6.462722427961792,0.06235209930693907
24,509623.97046181327,2.195657025708556,6.443926574585299,0.025292699831249564
25,507308.0221640795,1.5039907913811703,49.82048030189479,0.02401192934955807
26,506540.19813233055,0.011025795656564696,3.160529160641503,0.022518043068140155
27,506458.86656113295,0.010504115245112189,539.0397215518157,0.02255299719810511
28,505106.9211072092,0.0004897888073855938,0.1821792418008786,0.022489841907996376
29,504650.47025638877,0.0024930738414923326,0.11049234026204552,0.02249369165680547
30,504407.16346220695,0.011024889944792449,0.08476774883952115,0.02249672280578108
31,504195.5968425115,0.04977080429284797,3.737019598810794,0.022496774536145164
32,504002.4558818503,0.04707256993538067,8.551740389737112,0.022494650415319204
33,503666.841329381,0.4387451386601242,20.528366537712014,0.02248909064960148
34,502645.4621319241,3.348442856353927,3.1205514962377086,0.022469869052210937
35,502692.266123679,0.9128424415775953,0.6411275836565475,0.022499917383645367
36,502694.79136595,0.045062942650133664,0.01720679264131919,0.022499942158338587
37,502708.5613773882,0.0003344208615772004,0.000498493399391009,0.022499927310547983
38,499057.28700186074,2.617522890113264,1.1637173233279965,0.011870922845066646
39,497826.4026164421,2.113140836833395,2.155019801343525,0.009475880620335305
40,496779.77366801706,1.5463785624250477,3.224858409660338,0.0047853437834618215
41,495725.9102413689,1.863428849691097,3.924335545841901,0.0037292716998557408
42,495509.8807068566,1.7582269300415874,1.1755004572354366,0.0034090995744196907
43,495454.3452954845,1.6127286570263095,6.575573985454513,0.0034170123165530057
44,495412.5053634523,0.10435977572069532,19.91658394435811,0.0034014920316915564
45,495371.7036565277,0.00012966964094829336,0.9971866980283348,0.003375098803423959
46,495337.75183682423,0.00012531124822601214,0.7618178240853511,0.003374793556590421
47,495315.2988556387,0.00015348059928754765,3.4365918336717063,0.0033747578688668864
48,495306.7644642667,0.0002230167014545259,1.4964569307375828,0.0033746942677390854
49,495297.5610958983,0.0021949562277470136,1.3601335905845073,0.0033764185344053814
50,495281.7256789672,0.005036756435174539,1.2040928473853143,0.003375094552511842
51,495264.8087801924,0.0032577781537384,1.4337708717009574,0.003374752250302029
52,495245.6897591572,0.005058098459812754,2.1691101633170944,0.003374689542702911
53,495045.993894094,2.710852094080643,6.458502055069144,0.003364163722806014
54,494945.9137368117,1.4028158266999071,4.802362313769875,0.0033775504153131524
55,494939.3222870681,0.03141053470899806,6.394278492735858,0.003376489977284004
56,494912.4937059749,0.3417766405412337,1.1878212757707598,0.003373958149993266
57,494897.2860116946,0.19971758125705463,3.988563173084513,0.003374816853557631
58,494901.8968192132,0.0040495279617380215,0.8622941862072704,0.0033747293491760847
59,494898.3284174998,0.00534480248902355,1.9415136419516843,0.0033753750541596172
60,494894.28993244714,0.0015034782040856953,0.5906283949043225,0.003375001801247121
61,494894.06714947644,0.0006426242691759398,0.21451473187270373,0.0033749764977928083
62,494888.0176270313,0.022950436382188855,11.87707133388929,0.0033752746260372057
63,494884.790496479,0.02305149108360638,7.03756086311559,0.0033746814263399916
64,494878.12788373383,0.018856171626634933,1.3808522949415272,0.0033749741491585373
65,494882.5341655003,0.0035016655059916958,0.28419392775428903,0.0033749858116579965
66,494883.81752550707,0.00020305953385786778,0.02093023171041608,0.0033749911085854275
67,494884.22924330225,7.159491765662551e-6,0.000287746572738376,0.00337499323904744
68,494098.47168119357,1.168414568817975,1.3118691853018973,0.0023022565209071697
69,493869.4872176586,1.079776607998706,1.2166239407253145,0.0016960575998575824
70,493759.0203712594,0.9828939557799776,2.4224441086860913,0.0008858994783345061
71,493722.19078318373,0.9294709253725204,6.667179357512106,0.0007783056431302521
72,493638.6715586906,0.5936940214207288,8.011907518185922,0.0007235268897633943
73,493555.9279328495,0.2609816918104343,9.144253176688993,0.0006478839069207672
74,493534.01823554235,0.19001441697199878,22.808056586740108,0.0004110454105731928
75,493495.61245313444,0.08006077798830119,12.996273026472037,0.00035798240662934913
76,493453.1270953255,0.009993608135346221,2.45586344304383,0.00034686330822201946
77,493429.4281074126,0.01425826459808377,1.6683822377664304,0.00034649105347223645
78,493362.76000636845,0.08170453576553882,2.4748379290761866,0.00034683003890730274
79,493294.2385129982,0.1340841672925353,0.7503240282405625,0.0003468303007805831
80,493177.1315871005,0.43867842717211714,0.4455440545648448,0.0003453434727682237
81,493105.69676223653,0.5539340439966054,0.3144027718560421,0.00034576661410423
82,493072.1066933544,0.02467536781914532,0.3370076271062309,0.00034561432575583745
83,493062.4159991591,0.005702894658925288,0.21410615307837208,0.00034637505722195493
84,493044.5432151038,0.01281586843399964,0.5704531938316819,0.00034644215151772954
85,492894.3603635075,1.7923564877773615,3.2198425818456022,0.00034281585251691536
86,492858.34794617904,1.6843337532431164,2.3729628900305086,0.0003485874400836161
87,492715.07760028646,1.6762897352353525,3.4090163852162125,0.00034909761946289817
88,492713.59105956415,0.021938006078953548,0.8816583998194297,0.0003471992071787362
89,492711.0397764655,0.023759214388257986,3.857748470976782,0.00034680126963214093
90,492710.4293340092,7.243878452811714e-5,1.0182301893756516,0.0003463644937761479
91,492709.7924091089,0.0004779017939790719,0.17848789384378028,0.0003463929437162441
92,492664.0640477785,0.2665034257484808,2.556050643649462,0.00034580830259417717
93,492649.5176984976,0.23002771469607294,1.661806122883633,0.00034823789778652177
94,492639.18335529603,0.06375488431268422,1.5561431028100885,0.0003472773221560908
95,492628.30116233765,0.07429830756564115,0.7075572969370634,0.0003485756342054087
96,492590.15362767735,0.529765094564425,0.7238826814409091,0.00034539097031963535
97,492593.5871980947,0.08564198029731074,0.3331485755173952,0.00034604928208206975
98,492592.9860249359,0.008538236504564338,0.06483460844968421,0.00034642276511946793
99,492593.2224463485,0.001853320103592182,0.007964696555068512,0.00034639639420374507
100,492593.1328715108,6.650535897279042e-5,0.00010728250213406978,0.0003463973525734521
101,492593.0333099101,2.751593450511791e-5,9.117337270936332e-5,0.0003463979902553758
102,492592.93409769936,1.3303440937306732e-5,8.642416597126612e-5,0.0003463984649908028
103,492592.8380618759,7.813957495272916e-6,8.119919893090355e-5,0.00034639885103667563
104,492592.7464802569,5.551700401156267e-6,7.56369141754476e-5,0.00034639918155714654
105,492592.6598443719,5.279496390357963e-6,6.982475588301895e-5,0.0003463994698506864
106,492592.5782527119,4.957725072927133e-6,6.383267282217275e-5,0.00034639972805465064
107,492592.5016141737,4.606572592820157e-6,5.859178310405576e-5,0.0003463999702824966
108,492592.4297520809,4.238138890286791e-6,5.702621973204848e-5,0.0003464002101674006
109,492592.3624562108,3.860846509269322e-6,5.555914462506209e-5,0.00034640045848609687
110,492592.2995075143,3.481546591501683e-6,5.418864816361495e-5,0.000346400721150014
111,492592.2406888094,3.1064385120771473e-6,5.2913196405169824e-5,0.00034640099710988404
112,492592.1857886906,2.7413560837885595e-6,5.172936528465705e-5,0.0003464012777078863
113,492592.1346028364,2.3917469297884964e-6,5.063119391708788e-5,0.00034640154963655294
114,492592.0869346857,2.0624842591132618e-6,4.961070647599604e-5,0.00034640180079269304
115,492592.0425958282,1.7576333766555763e-6,4.8658872121519134e-5,0.0003464020249784753
116,492592.00140574155,1.5153096910580643e-6,4.776644525434845e-5,0.00034640222240859685
117,492591.96319083375,1.4969009498599917e-6,4.692454948115529e-5,0.0003464023970134229
118,492591.92778307485,1.4766656590836647e-6,4.612505063388006e-5,0.0003464025534107074
119,492591.8950188948,1.4550909099853016e-6,4.536078915360481e-5,0.00034640269520658674
120,492591.86473868915,1.4326641348816338e-6,4.462567996117543e-5,0.00034640282462344054
121,492591.83678704954,1.4098004612606019e-6,4.3914696086621435e-5,0.0003464029428262652
122,492591.8110135817,1.3868205428479996e-6,4.32237674133952e-5,0.0003464030504323719
123,492591.7872739519,1.3639539702126058e-6,4.2549636130248536e-5,0.0003464031479423328
124,492591.7654309424,1.3413523447525222e-6,4.188970582189727e-5,0.0003464032359949446
125,492591.7453552536,1.3191084917707485e-6,4.124190851969786e-5,0.00034640331543885105
126,492591.72692596173,1.2972699323654524e-6,4.060459920197934e-5,0.00034640338727045156
127,492591.7100306363,1.275852923754428e-6,3.997647582622624e-5,0.0003464034525140336
128,492591.6945651509,1.254853941645706e-6,3.9356519041279514e-5,0.0003464035121100556
129,492591.6804332901,1.2342561035438848e-6,3.874394163667569e-5,0.00034640356684676615
130,492591.66754621384,1.2140348530920164e-6,3.8138150084644426e-5,0.00034640361733933694
131,492591.65582188295,1.1941628486056288e-6,3.7538707113978637e-5,0.0003464036640448542
132,492591.645184475,1.174612293652899e-6,3.694530178966621e-5,0.0003464037072965472
133,492591.63556381175,1.155355505488842e-6,3.635772274276569e-5,0.00034640374734388405
134,492591.62689486495,1.1363683256604418e-6,3.577583591944135e-5,0.00034640378438929674
135,492591.6191172774,1.1176279599567351e-6,3.519956595505157e-5,0.00034640381861655693
136,492591.6121749541,1.099116502700781e-6,3.46288809805282e-5,0.0003464038502085832
137,492591.60601569177,1.0808182082655549e-6,3.4063780382733236e-5,0.00034640387935548064
138,492591.6005908606,1.0627207984725828e-6,3.3504284966647674e-5,0.00034640390625440535
139,492591.5958550925,1.0448159741827112e-6,3.295042913932858e-5,0.000346403931104563
140,492591.5917660447,1.0270958910041372e-6,3.240225519831989e-5,0.0003464039540999885
141,492524.84391052905,0.36454558282543076,0.15870267904570773,0.00023749552674198586
142,492439.8713259379,1.2456810129397127,0.1876415401893737,0.00014496392245972754
143,492395.2457715532,1.372492164736177,0.22609133630825617,9.402616161625071e-5
144,492378.0030364299,0.8967456141314778,0.2713611928803659,8.518173328666366e-5
145,492365.0791502113,0.6645797087690607,0.10622100195064377,2.233044024836202e-5
146,492321.72248396836,0.6382885912381835,0.07354100410208723,1.6573258235423546e-5
147,492305.4552887982,0.5753106687330682,0.2096801511643207,1.588301052472142e-5
148,492292.30946807103,0.24496277748545708,0.09976843593790363,1.488646173397759e-5
149,492280.3499888714,0.4000900054350609,0.13103869097222806,1.4539908600944683e-5
150,492275.02626824373,0.10216465884894887,0.0055368269428299755,1.4268048408667018e-5
151,492271.4586565598,0.23687074908798422,0.12244480443909052,1.4309181965856892e-5
152,492267.41758970625,0.5529295810281383,0.13725811836554547,1.4348747850265236e-5
153,492264.9575842561,0.26135699348771624,0.006833491936091285,1.4284658137111567e-5
154,492261.89117786655,2.088987989994287,0.017952461638786943,1.4258773743941227e-5
155,492261.22974899295,0.449587871217382,0.0015795620282084144,1.4299301271731883e-5
156,492260.66305748106,0.29599723904880904,0.009273258376961913,1.4310012749267882e-5
157,492260.03277286235,0.30101049111559774,0.012569183189643063,1.4316893037682105e-5
158,492259.11308399856,1.6314539287173204,0.021795737355310152,1.4329920192497308e-5
159,492258.382649768,1.801348146758805,0.022185091876062886,1.4353490827358032e-5
160,492257.2967188958,1.498554556882965,0.002027490676612113,1.4291816570204914e-5
161,492257.37560231076,0.1669265774204689,0.00074307415335122,1.430033675917782e-5
162,492257.3781499612,0.0010375700558711287,0.0007116474415950428,1.4300715126658415e-5
163,492257.380024399,0.001045688114800214,0.0007035497696569198,1.4300944350899359e-5
164,492257.38124794577,0.0010421742027801884,0.0006930763138241472,1.4301161815801058e-5
165,492257.38207940676,0.0010335929550819856,0.0006816586325681015,1.4301424429547737e-5
166,492257.38260328147,0.001020501439711552,0.0006693531829842837,1.430162369177635e-5
167,492257.38288162136,0.0010035259873575342,0.0006561531374946936,1.4301791811904207e-5
168,492257.3830104418,0.000983128649977516,0.0006420017276014744,1.430189791840384e-5
169,492257.38308023027,0.0009595286813350867,0.0006267902901175599,1.430196134618471e-5
170,492257.3831561969,0.0009327186380119201,0.0006102731862217079,1.430199661806528e-5
171,492257.3832773992,0.0009023813572639483,0.0005920108129070326,1.4302007600971433e-5
172,492257.3834685477,0.0008677354293809003,0.0005712774001348546,1.43020009483016e-5
173,492257.383755694,0.0008272733260241694,0.0005468833089906486,1.4301994244073004e-5
174,492257.3841616488,0.0007782810596950185,0.000516839970609076,1.4302012863859376e-5
175,492257.3846942941,0.0007159315412081924,0.00047772238316034333,1.4302067923302428e-5
176,492257.3853468631,0.0006316178113934257,0.0004235083908836858,1.430212884076879e-5
177,492257.3861105114,0.0005106564251491363,0.0003440126607216098,1.4302158052302877e-5
178,492257.3869898175,0.00033534280771618796,0.00022694619481724313,1.4302156276100682e-5
179,492257.3880054794,0.0001271407883223219,8.652259597128953e-5,1.4302178766303265e-5
180,492257.38911777013,1.3397616214660957e-5,9.264336778759812e-6,1.4302286837145728e-5
181,492257.39018545067,7.3316009547852445e-6,2.094510270111982e-6,1.4302353787013641e-5
182,492257.39115305437,7.049611866705163e-6,2.050302887468547e-6,1.4302379766203618e-5
183,492257.39200532413,6.7711699500705436e-6,2.001876538315628e-6,1.4302400110430567e-5
184,492257.39272962406,6.462873187729201e-6,1.9550766978682077e-6,1.4302417984130956e-5
185,492257.3933226097,6.121147492876844e-6,1.9134202187132132e-6,1.4302433437184791e-5
186,492257.3937916253,5.7422330144163425e-6,1.8680796571857172e-6,1.4302445876295927e-5
187,492257.3941503111,5.322469888824344e-6,1.8182737910876767e-6,1.4302454982975552e-5
188,492257.39441395365,4.858776520677566e-6,1.7629956019504789e-6,1.430246142096752e-5
189,492257.3945969704,4.349431748096322e-6,1.7009527724098916e-6,1.4302466474391749e-5
190,492257.3947120364,3.7952869718083093e-6,1.6304947898504452e-6,1.4302471381295127e-5
191,492257.3947699608,3.201515568207469e-6,1.54955591824546e-6,1.4302476731839855e-5
192,492257.3947798216,2.579880657549438e-6,1.4556662506493012e-6,1.4302482172170124e-5
193,492257.39474914514,1.9511682864958857e-6,1.3461618380006257e-6,1.4302486871977382e-5
194,492257.3946841486,1.3468145709794044e-6,1.2187681548425644e-6,1.4302490435048275e-5
195,492250.50973493373,0.7558085963005965,0.007769227206304574,6.871244089613325e-6
196,492248.44238671625,1.4447097025460565,0.004777675963886674,5.209073333246498e-6
197,492247.5550629806,0.9632475656978343,0.001735306251492763,1.981142875114349e-6
198,492246.2262611429,1.8147246761664704,0.0013927829285321769,1.61295829081699e-6
199,492246.08048776246,2.093414061677329,0.001332445434717222,1.552541850582315e-6
200,492245.78984297696,2.791438576069204,0.0012221682277026025,1.4381696943019184e-6
201,492245.4830272923,2.4554333720212256,0.008088426324725173,9.61189649128507e-7
202,492244.9555184137,1.7712915037412884,0.00847955308190318,5.690050762415325e-7
203,492244.65424762946,1.3148083219502453,0.006792625256332785,5.011082057130191e-7
204,492244.42154406046,0.9418117692738477,0.0048443280598842176,3.754293230976438e-7
205,492244.1832467157,0.5281132976550751,0.002806357451692096,2.933836741611152e-7
206,492244.05462121265,0.28717580045685764,0.001621925888933888,2.480762368536075e-7
207,492243.94542725204,0.07907096341702413,0.0006331114916147337,2.1373072378701224e-7
208,492243.9162924071,0.02044114582310641,0.00042041185499936003,1.9506682107208904e-7
209,492243.9067262518,0.0032520391041046537,0.0003155754012488188,1.8432769698277484e-7
210,492243.90453845594,0.00018337103040977354,0.0001882095749891034,1.7646093249743384e-7
211,492243.9004486252,3.189048360496827e-5,0.0001415178407449181,1.737299793491924e-7
212,492243.9021102843,9.10620613581159e-7,8.217658632073347e-5,1.7027877743664906e-7
213,492243.8961060239,4.44859566073319e-7,5.835381667896882e-5,1.6884377124663137e-7
214,492243.8954300864,2.227029796131319e-7,3.365205128824517e-5,1.67316284270043e-7
215,492243.8946630658,4.890859628403632e-7,3.269988991771999e-5,1.668536038109328e-7
216,492243.89546807687,2.2248794095958146e-7,2.856486265622165e-5,1.663069964070344e-7
217,492243.8942431151,4.0356646024974907e-7,2.5817625495846985e-5,1.660886087372708e-7
218,492243.8922807285,2.705825892235225e-7,1.722524580800161e-5,1.6556809369169492e-7
219,492243.88721225876,4.607415604596099e-7,5.77694913296567e-6,1.6509263712792055e-7
220,492243.8860690963,1.8032362874009777e-6,1.790455519509737e-5,1.652107742220418e-7
221,492243.8878096476,9.341205924329188e-7,1.4789014763490205e-5,1.651892028356175e-7
222,492243.88895718777,8.834516762590283e-7,4.140265728151422e-5,1.6533667009108144e-7
223,492243.8894666642,8.492249037317379e-8,2.228335411679546e-5,1.6531601976673625e-7
224,492243.8895817875,1.560713513981682e-7,1.6856022753526483e-5,1.6530976219021467e-7
225,492243.889234656,2.4150848645376755e-6,1.7324677315291945e-5,1.6508982727129919e-7
226,492243.88517705456,8.363412149492433e-7,2.6458251411640675e-5,1.6532384264520468e-7
227,492243.8821636861,7.518253139406766e-8,2.7364921747544818e-5,1.6518963015048696e-7
228,492243.8799591888,2.920316006793655e-7,3.163403280548316e-6,1.6489110448948165e-7
229,492243.8795879106,1.4795870839634517e-6,8.768934483663338e-6,1.6503862283278477e-7
230,492243.88013415236,3.615115389266066e-7,2.7895185011843522e-5,1.6525495024672194e-7
231,492243.88053110184,5.389933638468144e-8,1.2961904111509319e-5,1.651136634415781e-7
232,492243.8792179178,7.11321504809348e-7,3.715189389697708e-5,1.6517448508417348e-7
233,492243.87875235465,1.6545381242849544e-7,1.9536533094522204e-5,1.6517578779718672e-7
234,492243.87827802694,2.1552268947289122e-7,7.173352026408966e-6,1.6507704359306885e-7
235,492243.8775143609,6.798420741915834e-7,3.75839098051391e-5,1.6516691698400193e-7
236,492243.87670523836,1.9050697517286608e-6,3.6433040813900214e-5,1.6518410391759562e-7
237,492243.87554668786,1.366261841440064e-7,2.252192624549454e-7,1.649955007138613e-7
238,492243.87228920887,6.785063106917733e-7,2.8453327497526826e-6,1.649584496604021e-7
239,492243.8704396633,1.628041800927349e-6,9.43122486052328e-7,1.6498120426943635e-7
240,492243.8699683179,1.3437871899668608e-6,3.220269350513814e-5,1.6512298671218188e-7
241,492243.86967034143,6.037961952642945e-8,1.2979093852657619e-5,1.6505226328325302e-7
242,492243.86862625135,8.020640649419875e-7,2.207182538061219e-6,1.6506495944563442e-7
243,492243.8672935465,1.1704131139822493e-6,6.577771944349387e-7,1.6502160511472908e-7
244,492243.8670282706,1.7681638979638592e-6,8.079348730941072e-7,1.6500484064508054e-7
245,492243.8667017091,1.7900865856290693e-6,1.934258115454668e-6,1.6502249739771872e-7
246,492243.8663654659,9.645560936633046e-7,5.951221427255571e-7,1.6504351063918896e-7
247,492243.8664382005,1.8786596029940483e-6,6.382605609867031e-7,1.6501998176575719e-7
248,492243.8663060687,1.5914897204538647e-6,1.3887274674240137e-5,1.652434003301516e-7
249,492243.8666173168,2.19326001626996e-6,1.1003465643674541e-6,1.6506555279443789e-7
250,492243.86711292784,6.084051520360845e-6,1.4110640830164445e-6,1.6502980943058977e-7
251,492243.86701743567,4.294345458788484e-6,5.418681906857459e-7,1.650067624825688e-7
252,492243.86764774326,4.589233668639281e-7,1.4828283539242149e-6,1.6504063594666528e-7
253,492243.86799303413,3.360357843661165e-8,7.534273814696624e-7,1.650377492866437e-7
254,492243.86802250333,1.080062048686159e-7,1.7578981498542028e-6,1.651271938530613e-7
255,492243.86823432124,1.3928855935319007e-7,4.5325285395248806e-7,1.6503605966014002e-7
256,492243.8689152596,1.386489003607494e-7,4.870868300028367e-6,1.6508269941759136e-7
257,492243.86911421304,1.750221412244457e-8,3.400050043603567e-7,1.6504530380917372e-7
258,492243.8699305714,1.380007148554796e-7,2.003639468675482e-7,1.6502787182546261e-7
259,492243.87086455553,1.1901501295596972e-7,1.4411587379026258e-7,1.6503876947066853e-7
260,492243.87130920455,1.3694575784484186e-7,1.53439889120921e-7,1.6503235379817185e-7
261,492243.87155404454,1.364326891462042e-7,1.5173718503208589e-7,1.6503236719276365e-7
262,492243.8716468797,1.3597646386642737e-7,1.4990697963512822e-7,1.6503078634690336e-7
263,492243.8717383483,1.3563335699018353e-7,1.477425995849435e-7,1.6503046815126724e-7
264,492243.8718250403,1.3551262156852317e-7,1.4489063385192402e-7,1.6503268598871296e-7
265,492243.8719114252,1.3583787961124472e-7,1.404731850770946e-7,1.6503245115936955e-7
266,492243.87200601096,1.3716562818899547e-7,1.3171959314245418e-7,1.6503034044187939e-7
267,492243.87214449316,1.4163806838496384e-7,1.0576072390078295e-7,1.65024444775717e-7
268,492243.8727237286,1.7179691269575414e-7,5.193382415780157e-8,1.6503845407894183e-7
269,492243.87275059015,1.7594403800558212e-7,5.191310648716696e-8,1.6502843711062805e-7
270,492243.872987794,1.9971862741385848e-7,5.530782807433576e-8,1.6502020690381752e-7
271,492243.8735722537,2.4882560012429167e-7,6.15669019168874e-8,1.6502159668138186e-7
272,492243.87406428036,2.939477354857445e-7,6.682620843495579e-8,1.6502549840794146e-7
273,492243.87447711616,3.0201324818790454e-7,6.764808521686483e-8,1.6501253871225128e-7
274,492243.87569114054,2.982415736596522e-7,6.712486847609833e-8,1.6502110843129965e-7
275,492243.8766714474,2.91033316557332e-7,6.618707949768154e-8,1.6503028316714558e-7
276,492243.87685679033,2.8056435041889927e-7,6.482327850193537e-8,1.6502765576729076e-7
277,492243.87708047166,2.6583570900129416e-7,6.288131755571857e-8,1.650273083159704e-7
278,492243.8772509912,2.458800878457623e-7,6.018485483594294e-8,1.6502840632567808e-7
279,492243.8773061199,2.2151085943278304e-7,5.673678347278832e-8,1.6503073942270745e-7
280,492243.87742752803,1.9622952152076323e-7,5.287156727012965e-8,1.6503287050258364e-7
281,492243.87752806436,1.739209238849071e-7,4.9021917664093806e-8,1.6503480152563335e-7
282,492243.8775666206,1.5511348294694471e-7,4.515133159022078e-8,1.6503475813393784e-7
283,492243.877587386,1.3567337475706154e-7,4.035131070945219e-8,1.6503374739006572e-7
284,492243.8776016686,1.0765053559680382e-7,3.262407956977631e-8,1.6503141037625097e-7
285,492243.8776034133,5.857533835751383e-8,2.9844525073485784e-8,1.6502700145492127e-7
286,492243.8775954426,9.946590412424072e-9,2.3056896836237684e-8,1.6502947891159814e-7
287,492243.8777888244,9.945705085889767e-9,1.4240807227894337e-8,1.6502925694800056e-7
288,492243.87821448414,9.94479034885365e-9,1.185319732643908e-8,1.6503231855361645e-7
289,492243.8785102012,9.943844712922978e-9,6.078583067448129e-9,1.650356614502312e-7
290,492243.8068727446,0.008387874026965392,8.614930799817277e-5,5.1031549581642876e-8
291,492243.7814300475,0.007819786451960908,8.225600435252415e-5,1.9409527950971772e-8
292,492243.76858983183,0.004995539622569822,2.0152837130709133e-5,9.870348165186618e-9
293,492243.76369398064,0.0019797589659162895,6.294243338543913e-5,7.816550762171648e-9
294,492243.7623291424,0.00011337870147798412,8.152711560460901e-5,5.288375321396136e-9
295,492243.7627903429,1.2746427294985097e-5,7.364530492510101e-5,4.102919358580839e-9
296,492243.76299813547,1.292859046486683e-6,5.683449856133642e-5,3.203451000228942e-9
297,492243.7631574587,9.761600239244217e-8,4.6763104229369526e-5,2.7598627572513813e-9
298,492243.76324237615,9.998815601874878e-9,3.903681527318183e-5,2.4585140520977657e-9
299,492243.76330176106,9.998835249352966e-9,2.2135361352905962e-5,1.8256574424034287e-9
300,492243.76388622145,1.0002580097534519e-8,1.6976092974625172e-5,1.6342543235602464e-9
301,492243.7639284895,9.998879793582383e-9,9.433644163576788e-6,1.35241355493566e-9
302,492243.763974895,1.0536965078244975e-8,6.1691944764732e-6,1.2305993651231962e-9
303,492243.7639952939,9.998879051120735e-9,3.582004377262715e-6,1.133926436119111e-9
304,492243.764015957,9.998866453558852e-9,3.1321705837191784e-6,1.1180819949889497e-9
305,492243.76402179006,9.998859896304113e-9,2.1297621573863103e-6,1.080391899625596e-9
306,492243.76402719703,9.998846091374691e-9,8.98497478639588e-7,1.0341772233473285e-9
307,492243.7640376609,1.911503488827293e-8,1.5924102717949784e-6,1.0342266245044283e-9
308,492243.76404046355,9.99881218446963e-9,7.300789952563929e-7,1.015301252324751e-9
309,492243.7640435463,1.7426273757337185e-8,9.095910964296105e-7,1.0092576777523237e-9
310,492243.7640435755,9.998748072559405e-9,6.848509315204865e-9,1.0029051879471917e-9
311,492243.7640453718,5.687174109425541e-8,9.781967509212085e-7,1.0020638727295645e-9
312,492243.7640453258,9.998623796969586e-9,6.121807865911406e-7,1.0025952580870894e-9
313,492243.764046081,1.285179962451366e-8,7.339562452452133e-7,1.0021549062685757e-9
314,492243.7640462629,1.1995794579888752e-8,1.0396490555461608e-7,1.0024007923889995e-9
315,492243.7640540702,9.998477844275211e-9,4.148963355771716e-7,1.0020910723666938e-9
316,492243.7640541878,9.998427585866665e-9,2.0637313484636252e-9,9.999205166254212e-10
317,492243.76405566535,9.998240409203607e-9,1.430319802866245e-7,1.0001111199818008e-9
318,492243.7640682155,9.99810931268108e-9,2.0883485578631753e-7,1.0005738158740498e-9
319,492243.76453381917,9.998045464448824e-9,1.1854343666961586e-6,1.001168888190981e-9
320,492243.7647722716,5.801184954634664e-8,1.0544291965570995e-6,1.0024864742799453e-9
321,492243.76475196617,9.997718111720566e-9,1.7368077816735938e-7,1.0004777910762074e-9
322,492243.764764844,1.8945641500067723e-8,4.168943176649986e-7,1.005921504135673e-9
323,492243.7648061195,9.996835560743822e-9,2.413502173401541e-7,1.004906713239074e-9
324,492243.76500216196,9.996651603727535e-9,1.2326601165789028e-6,1.0042309037964716e-9
325,492243.7650192585,9.996407108331384e-9,8.798656837326682e-7,1.0030726676594278e-9
326,492243.76551701047,9.996056909294948e-9,1.6872482916548137e-6,1.0025423495053944e-9
327,492243.76600230334,9.995374847249217e-9,8.972735981906815e-8,1.0018431510541039e-9
328,492243.7659835052,2.899913909004681e-8,4.473079937439978e-8,1.0004506510534805e-9
329,492243.7659964548,1.5619789905940706e-8,3.2516551055862195e-7,1.0059608345732937e-9
330,492243.76601439493,9.740311696093684e-9,1.509443868120009e-7,1.0042221698529385e-9
331,492243.7665712241,8.445954855634819e-9,2.178621083748049e-6,1.003988887417187e-9
332,492243.76673942426,2.967875900594663e-8,1.1787212783834905e-6,1.0022414279325814e-9
333,492243.76705135964,8.44589211415614e-9,1.4764350640596863e-6,1.0029664014498015e-9
334,492243.7674044736,5.865088326117984e-8,1.6768647655906674e-6,1.0025841110953616e-9
335,492243.76753991406,8.445859914218978e-9,7.939293017560078e-7,1.0011185406770447e-9
336,492243.7675579294,1.3932847764408507e-8,6.273887047918841e-7,1.0020546250907685e-9
337,492243.76756880403,8.445760570074956e-9,4.825654264942539e-7,1.0015198366475079e-9
338,492243.7676913197,8.445723519850956e-9,6.345670049709776e-7,1.0018396593059693e-9
339,492243.76772851276,8.445700937220746e-9,3.8301354525829834e-7,1.0007571694662383e-9
340,492243.76774628717,1.4991272223596752e-8,3.2861984330077865e-7,1.0017611638026347e-9
341,492243.7677459589,8.445570586629314e-9,1.6322205829760392e-9,9.999907605910342e-10
342,492243.76774698775,5.086037901946838e-8,7.896095451729883e-8,1.000102901206398e-9
343,492243.7677546551,1.1268085131632688e-8,3.9085305421457557e-7,1.0040230893032808e-9
344,492243.76775426883,8.445028579218139e-9,1.428727404397716e-7,1.001881831155033e-9
345,492243.76775805827,1.3102081197757798e-8,7.359346487471183e-8,1.0010794746834695e-9
346,492243.7681651352,1.0299586961082241e-8,1.5162445194723956e-6,1.0020545741371552e-9
347,492243.76833150303,4.380190432584641e-8,1.175733812652964e-6,1.0017242038809937e-9
348,492243.76873462915,8.4441189318607e-9,6.503593926940332e-8,1.000928169479634e-9
349,492243.76873028337,8.442858110552232e-9,1.0261632753736605e-7,1.0008124811138612e-9
350,492243.7689349991,8.441605799797136e-9,3.698880480327432e-7,1.0030174214992431e-9
351,492243.7693189193,8.438016747130961e-9,6.018756163617828e-7,1.0079259635671015e-9
352,492243.76944018004,8.425589767546704e-9,3.924817209817813e-7,1.0099153414537464e-9
353,492243.7700391185,7.248003832532879e-9,2.9867888533801484e-6,1.0087617203031476e-9
354,492243.77002524666,7.2479801709046665e-9,3.5182728670181407e-7,1.0015133403029185e-9
355,492243.7705124479,7.247838360729952e-9,6.535775660711229e-7,1.0096364149525059e-9
356,492243.7703924234,7.247596862935968e-9,9.026439479632026e-8,1.0061233518044991e-9
357,492243.7704236617,7.247478697042231e-9,2.8617526433988294e-7,1.0057625761155652e-9
358,492243.77076734975,7.247414748196013e-9,4.6080522849746564e-8,1.0003747569709474e-9
359,492243.7708110976,7.2469298721677955e-9,1.9973999482170157e-8,9.999206813208858e-10
360,492243.7708443401,7.246102461111459e-9,1.7935198625806514e-7,1.0046106661985163e-9
361,492243.7709337387,7.245701490188328e-9,1.0424686220093966e-7,1.003031875393253e-9
362,492243.7713715696,7.245390443860744e-9,2.235163209032831e-8,1.000271148922896e-9
363,492243.77173165587,7.2431193300082075e-9,1.8984700492601092e-6,1.001280991803918e-9
364,492243.7721562736,7.241817635145198e-9,1.2663509878279786e-6,1.0011429805436152e-9
365,492243.772315776,7.24061535381515e-9,4.722079749146929e-7,1.0003231718881185e-9
366,492243.7723350951,7.234645743592338e-9,4.0626245765770785e-7,1.0011360464104124e-9
367,492243.7724826003,7.22603093333829e-9,1.1641433349815836e-6,1.00131582469398e-9
368,492243.77252633154,7.2140746015803e-9,8.72477312643255e-7,1.0006595849416832e-9
369,492243.772689084,7.160350385532199e-9,6.640617086972264e-7,1.0006674107501077e-9
370,492243.773098765,6.5489569218979415e-9,3.7236572497309495e-7,1.0038356290209502e-9
371,492243.7735008145,6.48224074764614e-9,1.1738013054153965e-6,1.0057339032801839e-9
372,492243.7735377976,6.481743801411977e-9,2.2963314767060483e-8,1.0015952572800195e-9
373,492243.773556791,6.4793430967768906e-9,4.685776378715589e-8,1.0006128643893417e-9
374,492243.77376250015,6.4742546497520426e-9,5.9095912087470115e-9,1.0090783408717268e-9
375,492243.7736974115,6.418913761629952e-9,2.90691059643116e-7,1.0047620708958859e-9
376,492243.77403466403,6.170763244134347e-9,1.822109505142215e-6,1.0048932071858863e-9
377,492243.7742269528,6.168952550178464e-9,2.935325170774772e-8,1.0000629871015885e-9
378,492243.7742662942,6.149164118868233e-9,1.2599280543781205e-7,1.0002750737784253e-9
379,492243.7745939655,6.060113223738117e-9,1.1310236650045533e-6,1.0014404667418303e-9
380,492243.7749051872,6.007756583881196e-9,1.082564224495373e-6,1.0020595492348714e-9
381,492243.77493182576,6.007728547280378e-9,8.08970988233973e-7,1.0016708819127316e-9
382,492243.7750526542,6.007685415115871e-9,5.969596973056258e-7,1.0012732443324928e-9
383,492243.77505680476,6.007620061143637e-9,2.9333436623191905e-7,1.0005812222640638e-9
384,492243.7750644762,6.007480377739904e-9,1.4901816274915172e-7,1.000840185876589e-9
385,492243.77526392526,6.007307658262295e-9,4.596307726515217e-7,1.0030309549359787e-9
386,492243.77524173027,6.007016013082067e-9,1.5607205069208957e-7,1.0031956512327446e-9
387,492243.7755618283,6.006845923445248e-9,6.757834994037051e-7,1.0028471884121185e-9
388,492243.77554894163,6.006644022449326e-9,4.4098196098950673e-7,1.0025166958671484e-9
389,492243.77556579036,6.006439033645616e-9,2.2518712627060677e-7,1.0012926225674657e-9
390,492243.77609833993,6.00602527434102e-9,5.511034648240584e-7,1.0016945091152175e-9
391,492243.77616174135,6.005864475883138e-9,1.1316255636786843e-6,1.0011454079039378e-9
392,492243.77616775443,6.005585046625628e-9,3.954072937129016e-10,1.000159304532597e-9
393,492243.776172568,6.0040021392093745e-9,6.54765642854778e-10,9.99970535172561e-10
394,492243.77617291786,5.999379704829666e-9,6.534075485536972e-10,9.999331305555603e-10
395,492243.77617465385,5.968743232304119e-9,2.186288937310415e-8,1.0000304140520851e-9
396,492243.7765648932,4.882808705974906e-9,4.706849212931033e-7,1.0075563973493145e-9
397,492243.77645490563,1.6949073256000702e-8,1.7652267082866185e-7,1.0061628826694702e-9
398,492243.77644737344,4.881201508960542e-9,1.6927299431937493e-9,1.0008223559252974e-9
399,492243.7764955984,4.878459906876298e-9,8.574332359227721e-8,1.0002534189011374e-9
400,492243.77666758734,4.872772026154326e-9,6.840719877707069e-9,1.006808246548617e-9
401,492243.7766069466,4.827139108570799e-9,5.197101850540342e-7,1.0042049902241844e-9
402,492243.7766047724,4.6946020959559576e-9,3.8105948447705873e-7,1.002493864453324e-9
403,492243.77687334234,4.5516408871126846e-9,1.8658244323697948e-8,1.0012083399980573e-9
404,492243.7768746841,4.551309339823062e-9,1.6565339052213024e-7,1.0009970864482953e-9
405,492243.77687705617,4.5511631477368475e-9,1.0502753111651941e-9,1.0004291817508102e-9
406,492243.776887842,4.550612553444466e-9,1.153890714748751e-9,9.999583747232632e-10
407,492243.77688808134,4.5496671638445285e-9,3.9579941584017794e-8,1.0001686535987974e-9
408,492243.77689024265,4.549136210091342e-9,3.2187670293215815e-9,1.000968903237692e-9
409,492243.77689303533,4.547291997808456e-9,5.6157789714904286e-8,1.0014963821311443e-9
410,492243.7768945612,4.54628238527599e-9,4.974359951726015e-10,1.000258262372772e-9
411,492243.7768956367,4.540750882936484e-9,2.033503367231039e-8,1.000012774130045e-9
412,492243.7769201667,4.524037592462671e-9,1.1958560932300022e-7,1.0010242637429423e-9
413,492243.77702183835,4.498668507157966e-9,1.524020122730882e-7,1.0003940792507657e-9
414,492243.7770315473,4.239612416342964e-9,1.256364963488077e-7,1.0008733131675208e-9
415,492243.7771031258,4.144609967726698e-9,6.367381207008846e-7,1.00091016134477e-9
416,492243.7771668145,4.008124551008185e-9,7.792519629420611e-7,1.0005073848405729e-9
417,492243.7771720571,4.006809741635697e-9,4.0721105144369413e-7,1.000372647554146e-9
418,492243.7771770279,4.004104992016977e-9,3.703527313965796e-7,1.000497772514701e-9
419,492243.7771780039,4.002152005633253e-9,6.722502545949971e-11,1.0000067871779256e-9
420,492243.7771792684,3.985344568246951e-9,1.749136248665922e-8,9.99998326138788e-10
421,492243.7771871609,3.895024018596427e-9,5.958066049728539e-8,1.0010757768243203e-9
422,492243.7774146867,3.6943515000636973e-9,1.0725857754485119e-8,1.0020717843460674e-9
423,492243.777371592,3.6942318978189226e-9,4.965799699826329e-9,1.0002143760495743e-9
424,492243.77738606895,3.6940819795466817e-9,1.5811078872540273e-8,1.0001116664875564e-9
425,492243.77739144175,3.6939776341948782e-9,7.092170491510008e-9,1.0028959535113642e-9
426,492243.7773929544,3.693774942165051e-9,2.965374425885297e-8,1.0018059180149257e-9
427,492243.77739830717,3.6937232890388305e-9,6.573946487696547e-8,1.0015699799995149e-9
428,492243.77740139957,3.693660965628509e-9,6.956585776179969e-10,1.0001909591799255e-9
429,492243.7774020573,3.693383177419407e-9,2.368957508375903e-8,1.0002667763392032e-9
430,492243.77740551665,3.6932915978976633e-9,5.893671639785325e-8,1.0004082414882792e-9
431,492243.77740611706,3.693223392040035e-9,3.4074117228298506e-8,1.0000277133963598e-9
432,492243.77740896586,3.693034622900826e-9,4.771064099351463e-10,1.0004030095684435e-9
433,492243.7774086882,3.692534160382177e-9,4.0099906034596344e-11,1.0000005690329185e-9
434,492243.7774088365,3.691752377757429e-9,6.143880270896756e-9,9.99949343392904e-10
435,492243.7774123816,3.690731571054373e-9,1.313170421533838e-8,1.005686308611846e-9
436,492243.77741082385,3.6886461541457694e-9,3.1805018100954097e-8,1.0022506998539674e-9
437,492243.7774135662,3.686389181759009e-9,6.11886294080849e-8,1.0021444825650853e-9
438,492243.77741414076,3.6841228505390955e-9,8.134232861931046e-10,1.0004301040755624e-9
439,492243.7774147487,3.6723068874006115e-9,6.167491311997743e-9,1.0001081218666514e-9
440,492243.7774174054,3.6125588093877115e-9,2.753557038631671e-8,1.0018575432304398e-9
441,492243.7774209505,3.2882206246059864e-9,6.281757055498494e-9,1.0030542163979305e-9
442,492243.77741994493,3.2511533361312406e-9,1.2806249461913555e-8,1.0011350414305151e-9
443,492243.7774231201,3.061954585714677e-9,9.527132492637147e-9,1.0039981830855632e-9
444,492243.777422425,3.061915939545079e-9,2.22717807737971e-9,1.000908751577407e-9
445,492243.77742267924,3.0618729131987044e-9,1.2747453346870861e-8,1.0007776512026908e-9
446,492243.77742443734,3.0618612038152415e-9,1.4174870097138914e-9,1.0005730421344784e-9
447,492243.77742440393,3.0618141303589974e-9,1.7303614964492287e-10,1.0000606522002394e-9
448,492243.777424502,3.061760178724171e-9,5.0128666842508274e-11,9.99959459342941e-10
449,492243.77742456214,3.0616997964694193e-9,5.62614519360144e-9,9.999510565931682e-10
450,492243.7774271812,3.061654887948073e-9,7.696394029033105e-9,1.0033645072823063e-9
451,492243.7774289765,3.0615828188612637e-9,1.0170819278801368e-8,1.0052418417495073e-9
452,492243.777427661,3.061499028247927e-9,2.9561003913811112e-9,1.001010990722082e-9
453,492243.7774279942,3.0614034987608285e-9,9.068573384320899e-9,1.0005339275216939e-9
454,492243.7774296334,3.0613502288723282e-9,1.6215927205187608e-8,1.0010690189289189e-9
455,492243.7774303685,3.0612829181320134e-9,1.9518320831107827e-9,1.0009792689183783e-9
456,492243.77743028064,3.061153950115192e-9,3.8755450324640117e-10,1.0001485628443752e-9
457,492243.77743038035,3.060996348752676e-9,6.542560590516722e-11,9.999516490956e-10
458,492243.7774304992,3.0608049827324235e-9,1.5882755977890566e-8,9.999545999592753e-10
459,492243.7774333211,3.0607022940415396e-9,3.992718876008605e-9,1.0017249174523192e-9
460,492243.7774325153,3.060449971573065e-9,7.978405505704167e-10,1.0003358691144664e-9
461,492243.77743270755,3.060115350353443e-9,8.002588869349125e-11,9.999469986266818e-10
462,492243.7774328798,3.0596688394696203e-9,8.0932255688837e-11,9.999544198265376e-10
463,492243.7774330212,3.0590466895685786e-9,1.8597795926338197e-8,9.99971900160592e-10
464,492243.7774345125,3.058738066649691e-9,1.0410172654462535e-9,1.0004108551967913e-9
465,492243.7774345621,3.057758596672344e-9,2.620704810230984e-8,1.0003051124183262e-9
466,492243.77743570367,3.0574132722088754e-9,3.671263293369975e-10,1.000160843484311e-9
467,492243.77743576653,3.0557048107116014e-9,1.7650918920919523e-11,1.0000014863225412e-9
468,492243.7774358028,3.0519639454551495e-9,2.4985324573179035e-11,9.999886065012109e-10
469,492243.7774358154,3.0412076988672876e-9,7.160310191989261e-11,9.99968660482647e-10
470,492243.7774359016,2.9519635139085842e-9,2.520329826229204e-8,9.999525472536522e-10
471,492243.7774392966,2.3189962658487495e-9,3.778103784685127e-9,1.0016263071518357e-9
472,492243.7774384582,2.318938268838777e-9,6.911854526225891e-10,1.0002967009616255e-9
473,492243.77743868384,2.318872512410697e-9,6.684646239318859e-11,9.999702332760155e-10
474,492243.7774388214,2.3187992637119237e-9,1.4779432907285877e-11,1.0000000061531621e-9
475,492243.7774388111,2.3187172668026612e-9,1.4798150985256296e-11,9.999982802591797e-10
476,492243.77743881114,2.318624861552543e-9,1.4828222849847284e-11,9.999975786970105e-10
477,492243.7774388117,2.3185199437419923e-9,1.485593725273652e-11,9.99996326918879e-10
478,492243.77743881237,2.318399796794046e-9,1.4877241881541793e-11,9.999937487634505e-10
479,492243.7774388134,2.3182608645255787e-9,2.9113362762234196e-11,9.999870884975299e-10
480,492243.7774388221,2.3180984076720534e-9,8.998670385229612e-11,9.999606564120644e-10
481,492243.7774389541,2.3179062193928734e-9,2.922618582678173e-8,9.999530642517032e-10
482,492243.77743992675,2.3178484236108243e-9,7.730058988741906e-10,1.0003353813719305e-9
483,492243.77743978077,2.3176186889767303e-9,8.845886349806431e-11,1.000037835842103e-9
484,492243.77743983315,2.3173222923889014e-9,1.4850957732952652e-11,9.99996992840788e-10
485,492243.7774398426,2.3169471809886266e-9,1.4877396577670344e-11,9.999992005995815e-10
486,492243.7774398421,2.316459872878096e-9,1.490335153755862e-11,9.99998936471111e-10
487,492243.7774398404,2.315802551458579e-9,1.4929211194732595e-11,9.999985660298611e-10
488,492243.7774398406,2.3148700040165338e-9,1.4949355052250472e-11,9.999979664066355e-10
489,492243.77743984136,2.3134506723504478e-9,1.4980589115716862e-11,9.999969067533479e-10
490,492243.7774398412,2.3110532723635835e-9,1.5006662498758716e-11,9.999947819893884e-10
491,492243.77743984264,2.3062548589608545e-9,2.41846803000767e-11,9.999895769266236e-10
492,492243.77743984945,2.292952556992578e-9,6.665786846105082e-11,9.999712731733255e-10
493,492243.77743990213,2.1966720699373443e-9,2.079763818374046e-8,9.99948317440535e-10
494,492243.7774413602,1.0667084195115084e-9,2.5780205730602246e-9,1.0011120300476826e-9
495,492243.77744095214,1.0667080812404306e-9,5.055410187693177e-10,1.0002179820843204e-9
496,492243.7774410474,1.0667077429693528e-9,5.017346260682842e-11,9.999783805510962e-10
497,492243.77744112385,1.066707404698275e-9,1.499306596867117e-11,1.0000012107656196e-9
498,492243.77744111593,1.0667070646924737e-9,1.5031408471408665e-11,1.0000000036300266e-9
499,492243.77744111634,1.066706722951949e-9,1.505781801484796e-11,1.0000000001719788e-9
500,492243.77744111477,1.0667063829461476e-9,1.5082702950578418e-11,9.999999993755687e-10
501,492243.77744111477,1.0667060412056228e-9,1.51156944722689e-11,9.999999996799668e-10
502,492243.7774411136,1.0667056977303746e-9,1.5144413603527978e-11,9.999999998200082e-10
503,492243.7774411122,1.0667053542551264e-9,1.5170706096741608e-11,9.999999997219545e-10
504,492243.7774411116,1.0667050107798781e-9,1.5197194864840057e-11,9.999999995046258e-10
505,492243.7774411106,1.0667046655699064e-9,1.5227751818374043e-11,1.000000000409285e-9
506,492243.7774411102,1.0667043203599347e-9,1.5261710833666716e-11,9.999999997400499e-10
507,492243.7774411073,1.0667039734152395e-9,1.5292799158781635e-11,1.0000000002634525e-9
508,492243.7774411072,1.0667036264705443e-9,1.5322404583246313e-11,9.999999993054916e-10
509,492243.77744110615,1.066703279525849e-9,1.535067976973451e-11,9.999999994093005e-10
510,492243.7774411054,1.0667029308464304e-9,1.5382037866730143e-11,9.999999994840701e-10
511,492243.7774411052,1.0667025804322883e-9,1.5408873854273483e-11,9.9999999924173e-10
512,492243.77744110435,1.0667022300181461e-9,1.5443427951223216e-11,1.0000000001391815e-9
513,492243.77744110243,1.066701879604004e-9,1.5474944881613656e-11,9.99999999495193e-10
514,492243.777441102,1.0667015274551384e-9,1.5508448413458903e-11,1.0000000000542232e-9
515,492243.7774411021,1.0667011735715493e-9,1.5533433071642172e-11,1.0000000002697925e-9
516,492243.7774411008,1.0667008214226836e-9,1.5563304808705007e-11,1.0000000003884825e-9
517,492243.7774411001,1.0667004675390945e-9,1.560018693548944e-11,1.0000000003061942e-9
518,492243.77744109824,1.066700111920782e-9,1.5631270265121673e-11,1.0000000000470189e-9
519,492243.77744109835,1.0666997580371929e-9,1.566470106784279e-11,9.9999999960726e-10
520,492243.7774410965,1.0666994006841568e-9,1.5697800939992724e-11,1.0000000002854667e-9
521,492243.7774410955,1.0666990450658442e-9,1.5721257896467555e-11,9.99999999365354e-10
522,492243.77744109544,1.0666986859780847e-9,1.5752793882359686e-11,9.999999996367633e-10
523,492243.7774410937,1.0666983268903252e-9,1.5789328038890547e-11,9.999999996808002e-10
524,492243.77744109364,1.0666979678025656e-9,1.5819716511499818e-11,9.999999995440645e-10
525,492243.77744109277,1.0666976087148061e-9,1.5850467994603927e-11,9.999999992151475e-10
526,492243.7774410902,1.0666972461575996e-9,1.588728626853093e-11,9.999999999250474e-10
527,492243.77744109085,1.0666968853351166e-9,1.59202764802618e-11,9.999999992130173e-10
528,492243.77744108916,1.0666965210431867e-9,1.595336605488661e-11,9.999999996687043e-10
529,492243.7774410889,1.0666961584859802e-9,1.5991204061055246e-11,9.99999999779516e-10
530,492243.77744108747,1.0666957941940503e-9,1.602220255743937e-11,9.999999997852776e-10
531,492243.77744108695,1.0666954281673968e-9,1.605259268113754e-11,9.999999994817369e-10
532,492243.77744108485,1.0666950621407434e-9,1.6088036579441954e-11,1.0000000002932488e-9
533,492243.7774410859,1.06669469611409e-9,1.6119236144699005e-11,9.999999996766231e-10
534,492243.77744108404,1.0666943266179896e-9,1.615156209341971e-11,1.000000000109945e-9
535,492243.7774410827,1.0666939588566127e-9,1.618812305912238e-11,1.0000000003020171e-9
536,492243.77744108264,1.0666935893605123e-9,1.622320140516475e-11,1.0000000003110165e-9
537,492243.77744108037,1.0666932181296884e-9,1.6252272982568237e-11,1.000000000104791e-9
538,492243.77744108037,1.066692848633588e-9,1.6290880925764354e-11,9.999999997307379e-10
539,492243.77744107816,1.0666924756680407e-9,1.632541113644784e-11,1.0000000003471824e-9
540,492243.7774410781,1.0666921027024934e-9,1.635918041459678e-11,9.999999996001135e-10
541,492243.7774410791,1.066691729736946e-9,1.639547780931533e-11,9.999999997937329e-10
542,492243.77744107525,1.0666913550366752e-9,1.643083388452731e-11,9.99999999900689e-10
543,492243.7774410754,1.0666909803364044e-9,1.6464499250265775e-11,9.999999997678816e-10
544,492243.7774410746,1.0666906039014101e-9,1.6505189169102715e-11,9.999999993960966e-10
545,492243.7774410737,1.0666902257316924e-9,1.653773523045869e-11,1.0000000001773842e-9
546,492243.77744107373,1.066689849296698e-9,1.6570852696968556e-11,9.999999994291135e-10
547,492243.77744107204,1.0666894693922568e-9,1.6607886126068674e-11,9.999999996744317e-10
548,492243.7774410703,1.0666890894878156e-9,1.6644866482423583e-11,9.999999997375152e-10
549,492243.7774410709,1.0666887095833744e-9,1.6683445235630184e-11,9.999999995614361e-10
550,492243.7774410696,1.0666883262094862e-9,1.6718445981079965e-11,1.0000000004091507e-9
551,492243.7774410697,1.0666879445703215e-9,1.6753116134050443e-11,9.999999998021895e-10
552,492243.7774410666,1.0666875594617098e-9,1.6794436232254586e-11,1.0000000003161795e-9
553,492243.7774410668,1.066687177822545e-9,1.6832691838570234e-11,9.9999999924997e-10
554,492243.77744106547,1.06668679097921e-9,1.6862651036830675e-11,9.999999992894482e-10
555,492243.7774410669,1.0666864041358748e-9,1.690224394339897e-11,1.000000000301215e-9
556,492243.7774410629,1.0666860172925396e-9,1.69425749053165e-11,9.999999998787263e-10
557,492243.77744106273,1.0666856304492045e-9,1.698332474849853e-11,9.999999992906993e-10
558,492243.7774410631,1.0666852401364224e-9,1.701698560085833e-11,9.999999996543976e-10
559,492243.7774410605,1.0666848498236403e-9,1.7054867872892688e-11,9.999999997923705e-10
560,492243.77744106087,1.0666844595108582e-9,1.7091184538805238e-11,9.999999998082282e-10
561,492243.7774410598,1.0666840674633526e-9,1.712757318936944e-11,9.999999994977283e-10
562,492243.77744105796,1.0666836736811236e-9,1.7173193179123304e-11,1.0000000003993926e-9
563,492243.77744105697,1.066683281633618e-9,1.7208990316686133e-11,9.99999999729627e-10
564,492243.77744105656,1.0666828861166655e-9,1.7243138631878176e-11,9.99999999973984e-10
565,492243.77744105656,1.066682490599713e-9,1.7287309358112663e-11,1.000000000047703e-9
566,492243.77744105505,1.066682093348037e-9,1.7333564412535957e-11,9.99999999974192e-10
567,492243.7774410534,1.066681696096361e-9,1.7365181075030753e-11,9.999999996197822e-10
568,492243.7774410532,1.0666812971099615e-9,1.7408832466432768e-11,1.0000000003048405e-9
569,492243.7774410526,1.066680898123562e-9,1.7453055547115288e-11,9.999999994188569e-10
570,492243.77744104963,1.066680497402439e-9,1.7491050213774523e-11,9.999999996060156e-10
571,492243.7774410503,1.0666800966813161e-9,1.7531517854122874e-11,9.99999999602388e-10
572,492243.77744104835,1.0666796942254697e-9,1.757030902153044e-11,9.999999993948504e-10
573,492243.77744104725,1.0666792900348998e-9,1.761204503467646e-11,1.0000000000585123e-9
574,492243.77744104824,1.06667888584433e-9,1.7647885753996867e-11,9.999999993552794e-10
575,492243.7774410447,1.0666784799190365e-9,1.7696330286809202e-11,9.999999995995038e-10
576,492243.7774410458,1.0666780739937431e-9,1.7736242774216726e-11,9.99999999620148e-10
577,492243.77744104515,1.0666776663337263e-9,1.7775602958893043e-11,9.999999994403214e-10
578,492243.77744104434,1.066677256938986e-9,1.7817727646017547e-11,1.0000000002626173e-9
579,492243.77744104236,1.0666768475442456e-9,1.7858592291059e-11,9.999999995362896e-10
580,492243.7774410421,1.0666764364147818e-9,1.7898141396587444e-11,1.000000000034886e-9
581,492243.77744104003,1.066676025285318e-9,1.7944077149937226e-11,1.0000000000591803e-9
582,492243.77744104154,1.0666756124211307e-9,1.7993679517426668e-11,9.99999999964872e-10
583,492243.77744103863,1.06667519782222e-9,1.802610407783559e-11,9.999999995914144e-10
584,492243.7774410391,1.0666747832233092e-9,1.8073297512342752e-11,1.0000000001052205e-9
585,492243.7774410372,1.0666743686243985e-9,1.811996651319343e-11,9.999999993005649e-10
586,492243.77744103665,1.0666739505560408e-9,1.81658335402354e-11,9.999999994203748e-10
587,492243.7774410367,1.066673532487683e-9,1.820681853728327e-11,9.99999999262672e-10
588,492243.7774410347,1.0666731126846019e-9,1.825226127187348e-11,1.0000000001195037e-9
589,492243.7774410336,1.0666726928815207e-9,1.829346038368985e-11,9.999999994869932e-10
590,492243.7774410312,1.066672271343716e-9,1.833766009474328e-11,9.999999998432952e-10
591,492243.77744103223,1.0666718480711879e-9,1.8386844944019604e-11,9.999999998968564e-10
592,492243.7774410321,1.0666714247986597e-9,1.843171682739231e-11,9.99999999824373e-10
593,492243.7774410302,1.0666710015261316e-9,1.8469472448443194e-11,9.999999994425866e-10
594,492243.7774410293,1.0666705747841565e-9,1.851727864468642e-11,9.999999999960333e-10
595,492243.77744102804,1.0666701480421814e-9,1.856657283799515e-11,1.0000000003097794e-9
596,492243.7774410271,1.0666697213002063e-9,1.8613996617871303e-11,9.999999991821453e-10
597,492243.7774410275,1.0666692893540608e-9,1.865338826327365e-11,1.0000000002545829e-9
598,492243.7774410258,1.0666688608773622e-9,1.870464853627845e-11,9.999999999013375e-10
599,492243.7774410242,1.0666684289312167e-9,1.8753483333171795e-11,1.0000000003132848e-9
600,492243.77744102234,1.0666679969850712e-9,1.8792773364653744e-11,9.999999994936898e-10
601,492243.7774410225,1.0666675633042022e-9,1.8839394034098927e-11,9.999999994571134e-10
602,492243.7774410222,1.0666671296233332e-9,1.8887003211295876e-11,9.999999992587656e-10
603,492243.7774410205,1.0666666924730173e-9,1.8938154424394883e-11,9.999999998861221e-10
604,492243.77744101966,1.0666662535879778e-9,1.8987379841748423e-11,1.0000000003450305e-9
605,492243.7774410198,1.0666658181723854e-9,1.903297251198651e-11,9.999999993544904e-10
606,492243.77744101884,1.0666653775526225e-9,1.9084522002005564e-11,9.999999992833486e-10
607,492243.777441017,1.066664935198136e-9,1.9127359508112025e-11,1.0000000000779869e-9
608,492243.7774410163,1.0666644945783732e-9,1.9179692704258144e-11,9.99999999525055e-10
609,492243.777441016,1.0666640522238868e-9,1.922962834293219e-11,9.999999998522493e-10
610,492243.7774410157,1.0666636063999535e-9,1.927928974158371e-11,9.999999998957817e-10
611,492243.77744101355,1.0666631623107437e-9,1.932350050446165e-11,9.999999996739728e-10
612,492243.7774410115,1.0666627164868103e-9,1.938006584943691e-11,9.999999992608499e-10
613,492243.77744101174,1.06666226719343e-9,1.9425088242785535e-11,9.999999996780146e-10
614,492243.77744101064,1.0666618179000498e-9,1.947377775794765e-11,1.0000000000101438e-9
615,492243.77744100965,1.066661366871946e-9,1.9530616938325074e-11,9.999999999939437e-10
616,492243.77744100936,1.0666609158438423e-9,1.9577495287411924e-11,9.999999996416675e-10
617,492243.77744100813,1.066660463081015e-9,1.962720814350359e-11,1.0000000001434255e-9
618,492243.7774410059,1.0666600103181878e-9,1.9679824913574954e-11,9.999999994111744e-10
619,492243.77744100604,1.0666595540859136e-9,1.9725880964664796e-11,9.999999993272408e-10
620,492243.77744100406,1.066659096118916e-9,1.9783459072051226e-11,1.0000000002823997e-9
621,492243.7774410027,1.0666586398866418e-9,1.9832519727722313e-11,9.999999997418651e-10
622,492243.7774410043,1.0666581801849206e-9,1.9886579916282794e-11,1.0000000001264996e-9
623,492243.77744100266,1.066657718748476e-9,1.993793748264182e-11,1.00000000023292e-9
624,492243.7774410007,1.0666572573120314e-9,1.99888961604039e-11,1.0000000000666077e-9
625,492243.77744100074,1.0666567958755868e-9,2.0048226727156842e-11,9.999999996198097e-10
626,492243.7774410001,1.0666563309696953e-9,2.010574290755091e-11,1.0000000000579401e-9
627,492243.7774409987,1.0666558643290802e-9,2.0156171159685877e-11,1.0000000002528607e-9
628,492243.77744099696,1.0666553976884652e-9,2.0208143487476865e-11,1.0000000000784164e-9
629,492243.7774409957,1.0666549293131267e-9,2.0262339921217428e-11,9.999999997308804e-10
630,492243.7774409963,1.0666544592030647e-9,2.0322049515825152e-11,1.0000000001951117e-9
631,492243.77744099393,1.0666539908277262e-9,2.0374490847578832e-11,9.999999992725042e-10
632,492243.7774409927,1.0666535172482172e-9,2.042664446518301e-11,9.999999993315868e-10
633,492243.77744099306,1.0666530436687083e-9,2.0487128492491906e-11,1.000000000097307e-9
634,492243.77744099125,1.0666525700891993e-9,2.053768672028415e-11,9.999999994272428e-10
635,492243.7774409909,1.0666520930402434e-9,2.0593577794157928e-11,9.999999996740475e-10
636,492243.7774409888,1.066651614256564e-9,2.0646974664679378e-11,9.999999995857155e-10
637,492243.7774409893,1.0666511372076082e-9,2.0714378039591145e-11,9.999999992161616e-10
638,492243.77744098817,1.0666506549544819e-9,2.0765652324539215e-11,9.999999997484032e-10
639,492243.7774409879,1.0666501727013555e-9,2.0826221645660458e-11,9.999999998912918e-10
640,492243.7774409862,1.0666496904482292e-9,2.0878572255457322e-11,9.999999998481665e-10
641,492243.77744098497,1.0666492064603794e-9,2.0938469341267833e-11,9.999999994712232e-10
642,492243.7774409851,1.0666487190030827e-9,2.099583765081234e-11,9.999999999396527e-10
643,492243.77744098415,1.066648231545786e-9,2.105543034750482e-11,1.0000000001556767e-9
644,492243.77744098095,1.0666477423537657e-9,2.1116727033830554e-11,9.999999999833969e-10
645,492243.7774409818,1.0666472531617455e-9,2.1179158742370007e-11,9.999999996159835e-10
646,492243.7774409811,1.0666467605002783e-9,2.1232782059040227e-11,1.0000000000079178e-9
647,492243.77744098066,1.0666462678388111e-9,2.1295346697088995e-11,1.0000000001358926e-9
648,492243.77744097804,1.0666457734426205e-9,2.135426552279718e-11,9.999999999769786e-10
649,492243.7774409774,1.0666452773117063e-9,2.1412515343940424e-11,9.999999996471089e-10
650,492243.7774409753,1.0666447794460687e-9,2.1478207750057878e-11,9.999999999835826e-10
651,492243.777440977,1.0666442798457076e-9,2.1535077994690353e-11,1.0000000000238086e-9
652,492243.7774409738,1.0666437802453466e-9,2.1598717795329672e-11,9.99999999805459e-10
653,492243.7774409735,1.066643278910262e-9,2.1656852270930833e-11,9.999999993031252e-10
654,492243.7774409727,1.0666427741057305e-9,2.1722061657304208e-11,9.999999995385747e-10
655,492243.77744097274,1.066642269301199e-9,2.1779739606502305e-11,9.999999994630335e-10
656,492243.7774409718,1.066641762761944e-9,2.1848517071136574e-11,1.0000000002471178e-9
657,492243.77744097053,1.0666412544879655e-9,2.190834760903596e-11,9.99999999532393e-10
658,492243.77744096913,1.0666407444792636e-9,2.197634949511546e-11,9.99999999733443e-10
659,492243.77744096867,1.0666402344705617e-9,2.2038263323667703e-11,9.99999999544062e-10
660,492243.7774409676,1.0666397209924128e-9,2.2103081927006806e-11,1.0000000001509138e-9
661,492243.77744096605,1.0666392075142639e-9,2.2167634252565438e-11,9.999999993968212e-10
662,492243.7774409653,1.0666386923013915e-9,2.2226167981136607e-11,9.99999999439522e-10
663,492243.7774409638,1.0666381753537957e-9,2.2294448302970012e-11,9.999999991649242e-10
664,492243.7774409641,1.0666376549367529e-9,2.2364877152967724e-11,9.99999999585601e-10
665,492243.7774409626,1.06663713451971e-9,2.2425741703353004e-11,9.99999999752192e-10
666,492243.77744096227,1.0666366123679438e-9,2.2488928302074462e-11,9.99999999722542e-10
667,492243.77744096087,1.066636088481454e-9,2.2561847713708917e-11,9.99999999227826e-10
668,492243.77744096017,1.0666355628602409e-9,2.2630976056563436e-11,9.999999995542058e-10
669,492243.77744095883,1.0666350355043042e-9,2.2692011242500255e-11,9.99999999496129e-10
670,492243.77744095895,1.066634506413644e-9,2.275588899261119e-11,1.0000000002674395e-9
671,492243.7774409554,1.0666339773229838e-9,2.2827945340723407e-11,9.999999995663316e-10
672,492243.7774409563,1.0666334447628767e-9,2.289380292470435e-11,9.999999996685507e-10
673,492243.77744095505,1.0666329122027696e-9,2.296532033822734e-11,9.999999994522473e-10
674,492243.77744095435,1.0666323761732155e-9,2.304036042871107e-11,9.999999999467944e-10
675,492243.7774409533,1.066631838408938e-9,2.31040739882449e-11,1.0000000001374452e-9
676,492243.7774409513,1.066631298909937e-9,2.317186538717302e-11,1.0000000000734289e-9
677,492243.777440952,1.0666307594109359e-9,2.3246940419519448e-11,9.999999995767923e-10
678,492243.77744095074,1.0666302181772114e-9,2.3313790683941596e-11,9.99999999872254e-10
679,492243.77744094946,1.06662967347404e-9,2.3382172291695124e-11,9.999999998090783e-10
680,492243.7774409477,1.0666291287708685e-9,2.3460779704350346e-11,9.999999994601477e-10
681,492243.77744094847,1.06662858059825e-9,2.353463187459555e-11,9.99999999806301e-10
682,492243.77744094504,1.0666280324256316e-9,2.3605345591884878e-11,9.99999999825107e-10
683,492243.7774409447,1.0666274807835663e-9,2.36754813361103e-11,9.999999996082486e-10
684,492243.7774409441,1.066626929141501e-9,2.3747273456010317e-11,1.0000000000199804e-9
685,492243.77744094364,1.0666263740299886e-9,2.3825586146261386e-11,1.00000000008643e-9
686,492243.77744094306,1.0666258189184763e-9,2.3895375908858147e-11,9.99999999874492e-10
687,492243.7774409419,1.0666252620722405e-9,2.397635617171266e-11,9.99999999303395e-10
688,492243.77744094084,1.0666247017565578e-9,2.4045850658369237e-11,9.999999994035112e-10
689,492243.7774409401,1.066624141440875e-9,2.4119124959930798e-11,9.999999991707567e-10
690,492243.7774409385,1.0666235759210219e-9,2.420087673787157e-11,9.999999996390526e-10
691,492243.77744093834,1.0666230104011687e-9,2.426768725309222e-11,9.999999997415603e-10
692,492243.7774409363,1.0666224448813155e-9,2.4346937409048472e-11,9.999999995205581e-10
693,492243.7774409355,1.066621874157292e-9,2.4427615209692262e-11,9.999999999756187e-10
694,492243.777440934,1.0666213051679918e-9,2.449837559317325e-11,9.999999991424725e-10
695,492243.7774409337,1.0666207327092447e-9,2.4577120934774398e-11,9.999999998898146e-10
696,492243.7774409336,1.0666201585157742e-9,2.4657356458723188e-11,9.999999993944664e-10
697,492243.7774409321,1.0666195825875802e-9,2.473901280501205e-11,9.99999999470334e-10
698,492243.7774409305,1.0666190049246627e-9,2.4818079323795205e-11,9.99999999278915e-10
699,492243.7774409298,1.0666184237922982e-9,2.4893522147760263e-11,9.999999996401792e-10
700,492243.7774409291,1.0666178409252103e-9,2.4978379490379268e-11,9.999999997630806e-10
701,492243.777440927,1.0666172580581224e-9,2.505952993226765e-11,9.999999995973128e-10
702,492243.7774409262,1.0666166717215875e-9,2.5135495520519602e-11,9.9999999996994e-10
703,492243.77744092466,1.0666160836503291e-9,2.521592828686336e-11,1.000000000027047e-9
704,492243.77744092385,1.0666154938443473e-9,2.5298677203523846e-11,9.999999996794481e-10
705,492243.77744092344,1.0666149005689185e-9,2.5381084707348818e-11,1.000000000070866e-9
706,492243.777440923,1.0666143072934897e-9,2.5458675241174873e-11,9.999999999951158e-10
707,492243.77744092146,1.0666137122833375e-9,2.5548650355110874e-11,9.999999996457616e-10
708,492243.7774409206,1.0666131138037382e-9,2.5628479491865322e-11,9.99999999861954e-10
709,492243.77744092,1.066612515324139e-9,2.571147842034547e-11,9.999999997567653e-10
710,492243.77744091983,1.0666119133750929e-9,2.580300399931877e-11,9.99999999287442e-10
711,492243.7774409185,1.0666113096913232e-9,2.5885431470552503e-11,9.999999995507227e-10
712,492243.7774409172,1.0666107042728301e-9,2.596297971322126e-11,9.99999999256778e-10
713,492243.77744091564,1.06661009538489e-9,2.6057513215285455e-11,9.999999997274176e-10
714,492243.7774409139,1.0666094847622265e-9,2.6140811526998328e-11,9.999999997120527e-10
715,492243.7774409146,1.0666088724048395e-9,2.622665532567994e-11,9.999999994343932e-10
716,492243.777440913,1.066608258312729e-9,2.631980472608558e-11,9.999999997419853e-10
717,492243.7774409123,1.066607642485895e-9,2.6401254129344572e-11,9.999999996802013e-10
718,492243.77744090994,1.0666070249243376e-9,2.6487816510845663e-11,9.999999993164135e-10
719,492243.77744090924,1.0666064038933332e-9,2.658167765501427e-11,9.999999994605813e-10
720,492243.77744090935,1.0666057811276053e-9,2.6669938192487126e-11,9.999999992453892e-10
721,492243.77744090685,1.0666051548924305e-9,2.675956480841178e-11,9.999999996053427e-10
722,492243.7774409064,1.0666045286572556e-9,2.685558129376487e-11,9.999999996012132e-10
723,492243.77744090604,1.0666038989526339e-9,2.6941362095314016e-11,9.99999999269089e-10
724,492243.77744090464,1.0666032675132886e-9,2.7031159735065482e-11,9.999999994015806e-10
725,492243.7774409037,1.0666026343392199e-9,2.7126341211845157e-11,9.99999999227376e-10
726,492243.7774409038,1.0666019976957042e-9,2.722327751733771e-11,9.999999996076218e-10
727,492243.77744090214,1.066601359317465e-9,2.7314439990124612e-11,9.999999996478e-10
728,492243.777440901,1.0666007192045024e-9,2.7401008275418875e-11,9.999999992826262e-10
729,492243.7774409008,1.0666000756220928e-9,2.7497970421186732e-11,9.999999994642453e-10
730,492243.77744089905,1.0665994320396832e-9,2.7591858070081667e-11,9.9999999926531e-10
731,492243.7774408987,1.0665987832531032e-9,2.7688257068896292e-11,9.999999996906196e-10
732,492243.7774408964,1.0665981344665232e-9,2.7784565370195634e-11,9.99999999611821e-10
733,492243.7774408954,1.0665974822104962e-9,2.788246222007326e-11,9.999999992326463e-10
734,492243.77744089335,1.0665968282197458e-9,2.7979949257130314e-11,9.999999993443418e-10
735,492243.77744089265,1.0665961724942719e-9,2.8074500760060773e-11,9.999999992465051e-10
736,492243.7774408923,1.066595513299351e-9,2.817367322379905e-11,9.999999995537725e-10
737,492243.77744089114,1.0665948506349832e-9,2.8278035673035365e-11,9.999999994642416e-10
738,492243.7774408908,1.0665941862358919e-9,2.8369651107738634e-11,9.999999998682362e-10
739,492243.77744089044,1.066593520102077e-9,2.847401999954394e-11,9.999999998976363e-10
740,492243.7774408882,1.0665928522335388e-9,2.8566467680345088e-11,9.99999999533011e-10
741,492243.77744088636,1.0665921826302771e-9,2.867278605965555e-11,9.999999997153606e-10
742,492243.77744088724,1.0665915095575684e-9,2.8777418174638687e-11,9.999999994157841e-10
743,492243.7774408851,1.0665908330154128e-9,2.8874743560324887e-11,9.999999997229494e-10
744,492243.7774408851,1.0665901547385337e-9,2.897689838396772e-11,9.9999999956056e-10
745,492243.77744088206,1.0665894729922076e-9,2.9077554411540024e-11,9.999999999579102e-10
746,492243.77744088275,1.066588789511158e-9,2.9180188071652894e-11,9.999999999260435e-10
747,492243.77744088066,1.066588104295385e-9,2.928420265749083e-11,9.999999994954997e-10
748,492243.7774408807,1.0665874173448886e-9,2.939381705901485e-11,9.99999999554218e-10
749,492243.7774408791,1.0665867269249452e-9,2.949990666983058e-11,9.99999999190442e-10
750,492243.7774408769,1.0665860330355548e-9,2.960205519920467e-11,9.999999993342894e-10
751,492243.7774408769,1.066585337411441e-9,2.970704892589045e-11,9.99999999099271e-10
752,492243.7774408764,1.06658463831788e-9,2.9819120616316574e-11,9.999999992303437e-10
753,492243.7774408746,1.0665839374895958e-9,2.9925634588620554e-11,9.999999991566638e-10
754,492243.77744087414,1.0665832331918645e-9,3.0037713929825453e-11,9.999999993818573e-10
755,492243.7774408738,1.0665825271594098e-9,3.0145526269690564e-11,9.999999992701805e-10
756,492243.7774408726,1.0665818176575081e-9,3.0255177879267615e-11,9.999999996051605e-10
757,492243.77744086995,1.066581106420883e-9,3.0368688018329534e-11,9.999999994681866e-10
758,492243.77744086913,1.0665803917148109e-9,3.047747331755817e-11,9.999999998033095e-10
759,492243.77744086867,1.0665796752740153e-9,3.058609961508059e-11,9.999999996951205e-10
760,492243.7774408667,1.0665789553637728e-9,3.0702199736254894e-11,9.999999992656854e-10
761,492243.77744086506,1.0665782337188068e-9,3.081467843371819e-11,9.99999999242027e-10
762,492243.77744086576,1.0665775068696703e-9,3.09340273595158e-11,9.99999999620637e-10
763,492243.77744086436,1.066576780020534e-9,3.104672265479159e-11,9.999999995819845e-10
764,492243.77744086296,1.0665760497019505e-9,3.1159855912843436e-11,9.999999990878876e-10
765,492243.77744086215,1.0665753159139202e-9,3.127663294939726e-11,9.99999999123889e-10
766,492243.77744086075,1.0665745786564429e-9,3.139164840959508e-11,9.999999995317153e-10
767,492243.7774408584,1.0665738396642421e-9,3.150718523537362e-11,9.9999999946997e-10
768,492243.77744085813,1.0665730972025944e-9,3.162617168706001e-11,9.9999999981939e-10
769,492243.77744085854,1.0665723530062232e-9,3.174629021950916e-11,9.999999998319984e-10
770,492243.7774408563,1.066571605340405e-9,3.1861115464310576e-11,9.999999993753943e-10
771,492243.7774408548,1.0665708559398634e-9,3.1981395813490605e-11,9.999999993414772e-10
772,492243.77744085365,1.0665701013351514e-9,3.210510515876348e-11,9.999999996249082e-10
773,492243.77744085365,1.0665693449957159e-9,3.222659528620804e-11,9.999999995026532e-10
774,492243.777440852,1.0665685851868334e-9,3.2348593230038055e-11,9.999999998097092e-10
775,492243.7774408513,1.0665678236432274e-9,3.24720080321138e-11,9.999999996435584e-10
776,492243.77744085,1.0665670586301745e-9,3.259755444757905e-11,9.999999998722945e-10
777,492243.77744085086,1.0665662901476747e-9,3.272153409439954e-11,9.9999999964571e-10
778,492243.7774408469,1.0665655181957279e-9,3.2845848278414495e-11,9.999999998078216e-10
779,492243.77744084626,1.0665647445090576e-9,3.2972904844228404e-11,9.99999999495723e-10
780,492243.77744084544,1.0665639673529403e-9,3.3092017944972586e-11,9.999999995385603e-10
781,492243.7774408452,1.0665631884620996e-9,3.322172835429612e-11,9.999999992245943e-10
782,492243.7774408432,1.0665624043670885e-9,3.334991387553298e-11,9.999999991295174e-10
783,492243.7774408424,1.0665616168026304e-9,3.347376430671967e-11,9.99999999554068e-10
784,492243.77744084114,1.0665608275034488e-9,3.360821913557246e-11,9.999999994636071e-10
785,492243.7774408399,1.0665600347348203e-9,3.3737575697193296e-11,9.999999997138915e-10
786,492243.77744083805,1.0665592384967448e-9,3.386930029267159e-11,9.999999994674403e-10
787,492243.77744083817,1.0665584387892224e-9,3.400454482893612e-11,9.999999997245107e-10
788,492243.7774408364,1.0665576373469765e-9,3.41369602713154e-11,9.999999993960956e-10
789,492243.7774408352,1.0665568324352837e-9,3.426167556574766e-11,9.999999994259289e-10
790,492243.77744083403,1.0665560223194204e-9,3.440214422990286e-11,9.999999996994959e-10
791,492243.77744083316,1.0665552104688336e-9,3.4533129554820874e-11,9.999999996155935e-10
792,492243.77744083304,1.0665543951488e-9,3.4665144020961464e-11,9.99999999789882e-10
793,492243.77744083095,1.0665535763593192e-9,3.481069850511674e-11,9.999999995379024e-10
794,492243.7774408299,1.0665527541003916e-9,3.4942252591780797e-11,9.99999999604655e-10
795,492243.77744082734,1.0665519301067405e-9,3.5081920589813814e-11,9.999999991103725e-10
796,492243.7774408277,1.066551100908919e-9,3.5217240300176314e-11,9.999999997824762e-10
797,492243.777440827,1.066550269976374e-9,3.535610129934458e-11,9.999999992250722e-10
798,492243.7774408248,1.0665494338396586e-9,3.5495755839397184e-11,9.999999996744958e-10
799,492243.7774408249,1.0665485942334962e-9,3.564233102018742e-11,9.99999999720844e-10
800,492243.77744082303,1.0665477528926104e-9,3.578019356771174e-11,9.999999991467542e-10
801,492243.7774408229,1.0665469080822776e-9,3.5925136460809894e-11,9.999999989981913e-10
802,492243.77744081995,1.0665460580677744e-9,3.606958248338526e-11,9.999999990789529e-10
803,492243.7774408208,1.0665452045838242e-9,3.621023571694942e-11,9.99999999490641e-10
804,492243.777440817,1.0665443493651505e-9,3.635710904225287e-11,9.99999999360734e-10
805,492243.77744081727,1.0665434889423064e-9,3.650400608363843e-11,9.999999996517436e-10
806,492243.77744081535,1.0665426267847389e-9,3.6650801998488336e-11,9.999999992266216e-10
807,492243.7774408151,1.0665417611577244e-9,3.6797524599222054e-11,9.999999992207825e-10
808,492243.77744081325,1.066540888591816e-9,3.695043282702624e-11,9.999999993894781e-10
809,492243.77744081314,1.0665400160259075e-9,3.709516322962098e-11,9.9999999917757e-10
810,492243.77744081244,1.0665391382558287e-9,3.7249083915827615e-11,9.999999990734008e-10
811,492243.77744080883,1.0665382570163029e-9,3.740162701233852e-11,9.999999992887898e-10
812,492243.77744080825,1.0665373705726067e-9,3.755706693079762e-11,9.999999997322702e-10
813,492243.77744080883,1.066536482394187e-9,3.7706917468205904e-11,9.99999999690717e-10
814,492243.7774408061,1.0665355907463203e-9,3.786463319698799e-11,9.999999990482345e-10
815,492243.77744080586,1.0665346938942832e-9,3.8014622485966696e-11,9.999999995122034e-10
816,492243.777440804,1.0665337935727992e-9,3.81644487878069e-11,9.999999993493323e-10
817,492243.77744080423,1.0665328897818682e-9,3.8327420961350854e-11,9.999999994655543e-10
818,492243.77744080324,1.0665319825214903e-9,3.848137624038967e-11,9.999999990611658e-10
819,492243.7774408002,1.066531070056942e-9,3.8638554895563544e-11,9.999999996282632e-10
820,492243.77744080056,1.0665301541229466e-9,3.880924736946056e-11,9.999999996074522e-10
821,492243.77744079963,1.0665292364542278e-9,3.896190950926235e-11,9.99999999152647e-10
822,492243.77744079643,1.0665283118466151e-9,3.912458838888682e-11,9.99999999640094e-10
823,492243.77744079544,1.066527385504279e-9,3.928777084732987e-11,9.999999995870672e-10
824,492243.7774407963,1.0665264539577723e-9,3.944795974311649e-11,9.999999997004072e-10
825,492243.7774407943,1.0665255206765423e-9,3.961548715458377e-11,9.99999999256434e-10
826,492243.77744079265,1.0665245804564183e-9,3.978367098987055e-11,9.99999998996483e-10
827,492243.7774407908,1.0665236367668474e-9,3.994705040194644e-11,9.999999997060139e-10
828,492243.7774407897,1.066522691342553e-9,4.011577705900884e-11,9.999999990319214e-10
829,492243.7774407891,1.0665217389793646e-9,4.028244722322142e-11,9.999999993989708e-10
830,492243.7774407874,1.0665207831467294e-9,4.04415306630683e-11,9.999999990929306e-10
831,492243.7774407862,1.0665198238446472e-9,4.0616085387293866e-11,9.999999990299323e-10
832,492243.7774407846,1.066518861073118e-9,4.078523926939491e-11,9.999999991259727e-10
833,492243.7774407832,1.066517891362695e-9,4.095853335202008e-11,9.99999999393594e-10
834,492243.7774407818,1.0665169199175484e-9,4.113556524726426e-11,9.99999999060239e-10
835,492243.777440781,1.0665159432682314e-9,4.130726588647649e-11,9.99999999633113e-10
836,492243.77744078037,1.066514961414744e-9,4.148634738978081e-11,9.99999999601009e-10
837,492243.7774407789,1.0665139778265331e-9,4.1656656079322766e-11,9.999999989817126e-10
838,492243.7774407782,1.0665129890341518e-9,4.1836129064000324e-11,9.99999999226927e-10
839,492243.77744077786,1.0665119950376e-9,4.2015863809592294e-11,9.999999990404739e-10
840,492243.7774407745,1.066510995836878e-9,4.2190010896363186e-11,9.999999995405564e-10
841,492243.7774407739,1.0665099931667088e-9,4.237104652504532e-11,9.999999995138788e-10
842,492243.7774407738,1.0665089870270927e-9,4.255288535165759e-11,9.99999999527081e-10
843,492243.77744077204,1.0665079756833062e-9,4.2729802860356493e-11,9.999999989819918e-10
844,492243.77744076995,1.0665069591353493e-9,4.291456668292023e-11,9.999999993215742e-10
845,492243.7774407676,1.066505940852669e-9,4.3096331398864546e-11,9.999999989629799e-10
846,492243.77744076826,1.0665049138963711e-9,4.32798085871793e-11,9.999999994895837e-10
847,492243.777440766,1.0665038852053499e-9,4.347140985530164e-11,9.9999999940533e-10
848,492243.77744076494,1.0665028513101582e-9,4.365565460016696e-11,9.999999993174104e-10
849,492243.7774407645,1.066501812210796e-9,4.383953729906644e-11,9.999999994520614e-10
850,492243.7774407615,1.066500769641987e-9,4.403555497097582e-11,9.999999988648996e-10
851,492243.7774407613,1.0664997218690075e-9,4.421903297895046e-11,9.999999991270774e-10
852,492243.77744076104,1.0664986671571342e-9,4.441565224119417e-11,9.999999994257934e-10
853,492243.77744075924,1.0664976107105373e-9,4.460488758278438e-11,9.99999999178555e-10
854,492243.77744075574,1.06649654905977e-9,4.480512020492257e-11,9.99999998882162e-10
855,492243.7774407556,1.0664954804701088e-9,4.499314651833232e-11,9.999999994246577e-10
856,492243.77744075574,1.0664944084110006e-9,4.5187875081915356e-11,9.999999992728295e-10
857,492243.77744075377,1.0664933328824455e-9,4.538379648706121e-11,9.999999993478703e-10
858,492243.77744075324,1.0664922504149965e-9,4.558261083455576e-11,9.999999993140833e-10
859,492243.77744075103,1.0664911644781006e-9,4.5779460974766896e-11,9.999999993836275e-10
860,492243.77744074946,1.0664900716023107e-9,4.598335366315581e-11,9.999999993736333e-10
861,492243.77744074835,1.0664889752570739e-9,4.618257612352875e-11,9.999999995126993e-10
862,492243.7774407476,1.06648787544239e-9,4.638459467918327e-11,9.999999989299367e-10
863,492243.7774407458,1.0664867686888124e-9,4.658444115339706e-11,9.99999999101372e-10
864,492243.77744074294,1.0664856567310643e-9,4.679081699913053e-11,9.999999992748092e-10
865,492243.77744074294,1.0664845395691458e-9,4.699719972856511e-11,9.99999999438587e-10
866,492243.77744074323,1.0664834189377803e-9,4.720422085694483e-11,9.999999988848607e-10
867,492243.7774407413,1.066482291367521e-9,4.741000695771262e-11,9.999999991034686e-10
868,492243.7774407386,1.0664811585930911e-9,4.761441239100775e-11,9.999999992648543e-10
869,492243.7774407371,1.0664800206144909e-9,4.782561818901229e-11,9.999999994892408e-10
870,492243.77744073793,1.0664788791664437e-9,4.8042979109830215e-11,9.999999988819966e-10
871,492243.777440735,1.0664777307795026e-9,4.825362358350783e-11,9.99999999097139e-10
872,492243.7774407339,1.066476577188391e-9,4.8464893035724025e-11,9.999999991515568e-10
873,492243.7774407322,1.0664754183931091e-9,4.867527486481679e-11,9.999999992858665e-10
874,492243.7774407319,1.0664742526589333e-9,4.890052737643145e-11,9.999999993808593e-10
875,492243.77744072943,1.0664730834553104e-9,4.9112138733288355e-11,9.999999994090722e-10
876,492243.7774407286,1.0664719090475172e-9,4.932820564756376e-11,9.999999993490019e-10
877,492243.7774407286,1.06647072770083e-9,4.9544946501363646e-11,9.99999999272146e-10
878,492243.77744072635,1.066469542884696e-9,4.97697304783612e-11,9.999999990742315e-10
879,492243.77744072373,1.066468351129668e-9,4.9984232037448307e-11,9.999999989551374e-10
880,492243.7774407229,1.066467152435746e-9,5.0208275676782885e-11,9.9999999927309e-10
881,492243.77744072187,1.0664659502723772e-9,5.044004348576997e-11,9.999999989564549e-10
882,492243.77744072047,1.0664647411701145e-9,5.065703965068241e-11,9.999999992136915e-10
883,492243.7774407188,1.0664635268636813e-9,5.088650634684118e-11,9.999999993098016e-10
884,492243.77744071867,1.0664623073530777e-9,5.1113164209914486e-11,9.99999999382572e-10
885,492243.7774407175,1.0664610809035802e-9,5.134205095579291e-11,9.99999999385172e-10
886,492243.7774407157,1.0664598509846357e-9,5.1573687083512696e-11,9.999999991671655e-10
887,492243.77744071325,1.0664586141267973e-9,5.180829471456024e-11,9.999999990071794e-10
888,492243.77744071133,1.0664573685953416e-9,5.2034140261986e-11,9.999999992284089e-10
889,492243.77744071046,1.0664561213291623e-9,5.2268591857226435e-11,9.999999987685618e-10
890,492243.77744070935,1.0664548653893657e-9,5.250344780811555e-11,9.999999987658141e-10
891,492243.77744070836,1.0664536025106752e-9,5.273997107460278e-11,9.999999994917321e-10
892,492243.7774407064,1.0664523361625378e-9,5.2978460109253315e-11,9.999999991778615e-10
893,492243.7774407066,1.0664510646102299e-9,5.321489737435128e-11,9.999999988510189e-10
894,492243.77744070464,1.0664497843843046e-9,5.3448568243855954e-11,9.999999989718375e-10
895,492243.77744070324,1.066448498954209e-9,5.3694037538197435e-11,9.999999989256192e-10
896,492243.7774407017,1.0664472065852193e-9,5.3934860161644096e-11,9.999999993852889e-10
897,492243.7774406989,1.0664459090120593e-9,5.4173568889357424e-11,9.99999999034744e-10
898,492243.7774406987,1.0664446045000053e-9,5.442028765162778e-11,9.999999990827244e-10
899,492243.7774406965,1.066443294783781e-9,5.466786252952344e-11,9.99999999028718e-10
900,492243.77744069556,1.0664419763939392e-9,5.491038860853916e-11,9.999999993578287e-10
901,492243.7774406938,1.0664406545346505e-9,5.5159308201633735e-11,9.999999989121161e-10
902,492243.77744069195,1.066439325736468e-9,5.540835557445267e-11,9.999999988733834e-10
903,492243.77744069236,1.066437988264668e-9,5.565723243491042e-11,9.999999992379233e-10
904,492243.77744068956,1.066436647323421e-9,5.59048702778307e-11,9.999999987726169e-10
905,492243.7774406886,1.0664352977085567e-9,5.616577147129561e-11,9.999999987568897e-10
906,492243.77744068764,1.0664339411547985e-9,5.641388749129394e-11,9.999999990814245e-10
907,492243.7774406852,1.0664325793968699e-9,5.666911222967065e-11,9.999999992819475e-10
908,492243.77744068415,1.0664312107000473e-9,5.692956532774111e-11,9.999999990429128e-10
909,492243.7774406823,1.0664298350643309e-9,5.7181119280019956e-11,9.999999988064736e-10
910,492243.77744068124,1.0664284524897205e-9,5.74421414230631e-11,9.999999987902672e-10
911,492243.77744067984,1.0664270629762163e-9,5.77033753539859e-11,9.999999991945234e-10
912,492243.77744067897,1.066425666523818e-9,5.7962420298496913e-11,9.999999992227032e-10
913,492243.77744067705,1.0664242648672495e-9,5.822509807111759e-11,9.999999990626704e-10
914,492243.7774406752,1.0664228545370635e-9,5.84876478744572e-11,9.999999991804173e-10
915,492243.77744067286,1.0664214390027071e-9,5.876204632223107e-11,9.99999999020637e-10
916,492243.7774406728,1.0664200147947334e-9,5.902366042402668e-11,9.999999991751763e-10
917,492243.77744067286,1.0664185836478657e-9,5.929034403685147e-11,9.99999999087247e-10
918,492243.77744066913,1.066417145562104e-9,5.955714287226952e-11,9.999999991640795e-10
919,492243.777440668,1.0664157005374486e-9,5.982878934022293e-11,9.999999990311993e-10
920,492243.7774406666,1.0664142485738992e-9,6.010014180207752e-11,9.999999991162893e-10
921,492243.7774406654,1.066412789671456e-9,6.037208157962383e-11,9.99999998922476e-10
922,492243.7774406634,1.0664113238301187e-9,6.065055538875078e-11,9.999999989905266e-10
923,492243.7774406626,1.0664098510498876e-9,6.091796627624018e-11,9.999999987047012e-10
924,492243.7774406622,1.0664083695960391e-9,6.119701144743152e-11,9.999999985693912e-10
925,492243.77744065865,1.0664068812032967e-9,6.147239766125739e-11,9.999999987881596e-10
926,492243.7774406567,1.0664053858716604e-9,6.174872548739852e-11,9.999999987069373e-10
927,492243.77744065656,1.0664038818664068e-9,6.202856239837445e-11,9.999999987326425e-10
928,492243.7774406548,1.0664023709222592e-9,6.230918843230277e-11,9.999999989318715e-10
929,492243.7774406533,1.0664008530392177e-9,6.259362902592134e-11,9.99999998826829e-10
930,492243.7774406527,1.0663993264825589e-9,6.287203797180959e-11,9.999999987726359e-10
931,492243.77744065045,1.0663977912522826e-9,6.316065236386156e-11,9.999999990371167e-10
932,492243.7774406481,1.066396250817836e-9,6.344079278037112e-11,9.99999998834563e-10
933,492243.7774406476,1.066394701709772e-9,6.372825222620773e-11,9.999999987668078e-10
934,492243.7774406455,1.066393145662814e-9,6.402517490047275e-11,9.999999988615818e-10
935,492243.7774406441,1.0663915792075152e-9,6.430986296342909e-11,9.99999999030433e-10
936,492243.77744064224,1.066390007548046e-9,6.459541712693769e-11,9.999999988123689e-10
937,492243.77744064236,1.0663884272149593e-9,6.489000455035919e-11,9.999999987556524e-10
938,492243.7774406385,1.0663868382082553e-9,6.518363330721141e-11,9.999999987565116e-10
939,492243.777440639,1.066385240527934e-9,6.547796881192371e-11,9.999999988877356e-10
940,492243.7774406363,1.0663836359087187e-9,6.577090172145565e-11,9.999999990512229e-10
941,492243.7774406349,1.0663820243506095e-9,6.60687048750741e-11,9.999999987573291e-10
942,492243.7774406338,1.066380400649436e-9,6.636686460206124e-11,9.999999991136512e-10
943,492243.7774406313,1.066378771744092e-9,6.666704978678637e-11,9.999999990468049e-10
944,492243.77744063176,1.0663771358998542e-9,6.696486818635928e-11,9.99999998948256e-10
945,492243.7774406295,1.0663754896472755e-9,6.726685285052699e-11,9.999999988386927e-10
946,492243.77744062827,1.0663738347210794e-9,6.756498943319581e-11,9.99999998798583e-10
947,492243.7774406257,1.0663721728559894e-9,6.787281926561235e-11,9.999999987385176e-10
948,492243.77744062373,1.0663705005825586e-9,6.817893835326817e-11,9.999999987455205e-10
949,492243.7774406226,1.0663688213702338e-9,6.84856608949194e-11,9.999999986923756e-10
950,492243.7774406213,1.0663671334842917e-9,6.878607582922511e-11,9.99999998653337e-10
951,492243.7774406195,1.0663654334552852e-9,6.909713841978164e-11,9.999999990939052e-10
952,492243.77744061773,1.0663637282221083e-9,6.940840917864421e-11,9.999999990118894e-10
953,492243.77744061744,1.066362014315314e-9,6.971835815423598e-11,9.999999988157154e-10
954,492243.7774406135,1.0663602917349024e-9,7.002865422763408e-11,9.99999998672927e-10
955,492243.7774406135,1.06635855874615e-9,7.034452593024171e-11,9.999999988636042e-10
956,492243.7774406116,1.06635681708378e-9,7.06539933376855e-11,9.99999999042235e-10
957,492243.77744061005,1.0663550684825163e-9,7.097004266336688e-11,9.99999998577059e-10
958,492243.77744060673,1.0663533077381881e-9,7.128686265821329e-11,9.999999985767128e-10
959,492243.7774406071,1.0663515383202427e-9,7.160131701658672e-11,9.999999989103486e-10
960,492243.777440603,1.0663497619634033e-9,7.191801670473636e-11,9.999999986996227e-10
961,492243.7774406028,1.066347975198223e-9,7.223865141847882e-11,9.999999989454999e-10
962,492243.7774406029,1.0663461797594254e-9,7.255356922799782e-11,9.999999989076905e-10
963,492243.7774406015,1.0663443739122869e-9,7.288364933629694e-11,9.99999998704226e-10
964,492243.7774405986,1.066342559391531e-9,7.320140338794128e-11,9.99999998944097e-10
965,492243.7774405983,1.0663407344624343e-9,7.353001776648986e-11,9.999999988437174e-10
966,492243.7774405944,1.0663389025944436e-9,7.38475482902654e-11,9.99999998670424e-10
967,492243.777440595,1.0663370585833887e-9,7.417438496969867e-11,9.999999987498965e-10
968,492243.77744059224,1.0663352058987163e-9,7.450595514374275e-11,9.999999986498314e-10
969,492243.77744059224,1.0663333428057031e-9,7.483151747135476e-11,9.99999998825705e-10
970,492243.7774405901,1.0663314710390726e-9,7.516192445132259e-11,9.99999998726949e-10
971,492243.777440588,1.0663295871293776e-9,7.549234668270428e-11,9.999999988322882e-10
972,492243.77744058607,1.0663276962807888e-9,7.58147628693122e-11,9.99999998868421e-10
973,492243.77744058403,1.0663257932891357e-9,7.614540662163723e-11,9.999999989045468e-10
974,492243.7774405831,1.0663238833585886e-9,7.648237327752837e-11,9.99999998777149e-10
975,492243.7774405809,1.0663219612849772e-9,7.682064955154357e-11,9.99999998794791e-10
976,492243.7774405797,1.066320028803025e-9,7.714992431245064e-11,9.999999985273175e-10
977,492243.7774405782,1.0663180876474554e-9,7.748636524715221e-11,9.999999983861134e-10
978,492243.7774405774,1.0663161343488214e-9,7.782002551357665e-11,9.999999985629582e-10
979,492243.7774405738,1.0663141723765701e-9,7.815960307848866e-11,9.999999987092732e-10
980,492243.777440573,1.066312199995978e-9,7.850013669454397e-11,9.99999998594739e-10
981,492243.7774405718,1.0663102154723214e-9,7.883601632803335e-11,9.999999985025957e-10
982,492243.7774405695,1.0663082222750475e-9,7.917504135488127e-11,9.999999985121044e-10
983,492243.77744056674,1.0663062169347093e-9,7.951721183487967e-11,9.999999985277871e-10
984,492243.7774405667,1.0663042011860302e-9,7.985692467095337e-11,9.999999987164749e-10
985,492243.7774405654,1.0663021767637337e-9,8.020157678258816e-11,9.999999984366095e-10
986,492243.7774405638,1.0663001384636495e-9,8.054542282244568e-11,9.999999986995565e-10
987,492243.77744056145,1.0662980914899478e-9,8.088793549258452e-11,9.99999998450163e-10
988,492243.7774405598,1.0662960323731818e-9,8.123334410380693e-11,9.99999998651057e-10
989,492243.7774405588,1.066293962848075e-9,8.158239811158924e-11,9.999999984119756e-10
990,492243.7774405573,1.0662918811799038e-9,8.192446718640462e-11,9.999999986160756e-10
991,492243.7774405546,1.0662897891033918e-9,8.227688473855833e-11,9.999999987431508e-10
992,492243.7774405547,1.0662876883532624e-9,8.26193857806024e-11,9.999999983568688e-10
993,492243.77744055074,1.0662855737253452e-9,8.296936964105372e-11,9.999999983741962e-10
994,492243.7774405504,1.0662834469543636e-9,8.331841602415646e-11,9.999999987083962e-10
995,492243.7774405489,1.0662813097750412e-9,8.367030667646431e-11,9.999999986554808e-10
996,492243.77744054754,1.066279162187378e-9,8.402423673700715e-11,9.999999987547208e-10
997,492243.77744054515,1.0662770007219269e-9,8.437462391292422e-11,9.999999987138542e-10
998,492243.7774405441,1.0662748305828584e-9,8.473000656251719e-11,9.999999985470823e-10
999,492243.77744054183,1.0662726465660022e-9,8.508063558535924e-11,9.999999986186976e-10
1000,492243.77744054166,1.0662704504060816e-9,8.54350042344568e-11,9.99999998560712e-10
