pipe,side,net_MWh,attenuation_MWh,memory_change_MWh,residual_MWh
1,S,0.11443065184619433,0.11443065184619383,0.0,4.996003610813204e-16
1,R,0.025044513281004297,0.025044513281003346,0.0,9.506284648352903e-16
2,S,0.21290522329932615,0.21290522329930653,0.0,1.9623191960249642e-14
2,R,0.060918720219409826,0.06091872021940028,0.0,9.547918011776346e-15
3,S,0.16193394755138182,0.161933947551386,0.0,-4.163336342344337e-15
3,R,0.04223741227879291,0.0422374122787945,0.0,-1.5959455978986625e-15
4,S,0.14815645132761518,0.14815645132761285,0.0,2.3314683517128287e-15
4,R,0.03663616943858218,0.036636169438582084,0.0,9.71445146547012e-17
5,S,0.11187981526620767,0.11187981526620822,0.0,-5.412337245047638e-16
5,R,0.026504457747350742,0.026504457747351263,0.0,-5.204170427930421e-16
6,S,0.11187981526620792,0.11187981526620826,0.0,-3.3306690738754696e-16
6,R,0.026504457747350666,0.026504457747351693,0.0,-1.0269562977782698e-15
7,S,0.17231347703497704,0.1723134770349767,0.0,3.3306690738754696e-16
7,R,0.047835666158644784,0.047835666158644104,0.0,6.800116025829084e-16
8,S,0.16078518842632644,0.16078518842632988,0.0,-3.4416913763379853e-15
8,R,0.04251852075372986,0.04251852075372993,0.0,-6.938893903907228e-17
9,S,0.14731755504964958,0.1473175550496476,0.0,1.970645868709653e-15
9,R,0.038013236151878585,0.03801323615187604,0.0,2.546574062733953e-15
10,S,0.11120008230575996,0.1112000823057596,0.0,3.608224830031759e-16
10,R,0.02788934754163692,0.027889347541636925,0.0,-3.469446951953614e-18
11,S,0.11120008230575938,0.1112000823057606,0.0,-1.2212453270876722e-15
11,R,0.02788934754163604,0.027889347541636623,0.0,-5.828670879282072e-16
12,S,0.2709596158460451,0.2709596158460691,0.0,-2.398081733190338e-14
12,R,0.11275163803875428,0.11275163803875464,0.0,-3.608224830031759e-16
13,S,0.19795204774584144,0.19795204774583014,0.0,1.1296519275560968e-14
13,R,0.06674533756451125,0.06674533756450535,0.0,5.898059818321144e-15
14,S,0.18964865536941167,0.18964865536940362,0.0,8.049116928532385e-15
14,R,0.060977815166079176,0.06097781516607205,0.0,7.126244039312724e-15
15,S,0.18041093156004714,0.18041093156005464,0.0,-7.494005416219807e-15
15,R,0.05745205538813266,0.0574520553881403,0.0,-7.639722188201858e-15
16,S,0.1334112333494365,0.13341123334943686,0.0,-3.608224830031759e-16
16,R,0.04111463703314928,0.04111463703314869,0.0,5.898059818321144e-16
17,S,0.11174380199596154,0.11174380199596125,0.0,2.914335439641036e-16
17,R,0.03155193231915976,0.03155193231915948,0.0,2.7755575615628914e-16
18,S,0.14799619626889154,0.14799619626889465,0.0,-3.1086244689504383e-15
18,R,0.045641320669027624,0.045641320669026375,0.0,1.2490009027033011e-15
19,S,0.13194425028853868,0.13194425028854068,0.0,-1.9984014443252818e-15
19,R,0.03806549510386451,0.038065495103865456,0.0,-9.43689570931383e-16
20,S,0.11028404867181017,0.11028404867180977,0.0,4.0245584642661925e-16
20,R,0.029102724231670724,0.029102724231670655,0.0,6.938893903907228e-17
21,S,0.2256500292977226,0.22565002929772823,0.0,-5.6343818499726694e-15
21,R,0.10110363772853535,0.10110363772852889,0.0,6.467049118441537e-15
22,S,0.21909340887643675,0.21909340887645168,0.0,-1.4932499681208355e-14
22,R,0.09793469836215794,0.09793469836216669,0.0,-8.743006318923108e-15
23,S,0.21234257713292945,0.21234257713293478,0.0,-5.329070518200751e-15
23,R,0.09564494502095516,0.09564494502097104,0.0,-1.587618925213974e-14
24,S,0.20543562653161473,0.20543562653161881,0.0,-4.08006961549745e-15
24,R,0.09288681745813175,0.09288681745812638,0.0,5.370703881624195e-15
25,S,0.1138475712533695,0.11384757125336817,0.0,1.3322676295501878e-15
25,R,0.04140247047674644,0.041402470476745175,0.0,1.2628786905111156e-15
26,S,0.19069410876456747,0.19069410876456563,0.0,1.8318679906315083e-15
26,R,0.08852006924928209,0.08852006924927852,0.0,3.566591466608315e-15
27,S,0.17833230610573964,0.17833230610573172,0.0,7.91033905045424e-15
27,R,0.08039282254973933,0.08039282254973254,0.0,6.786238238021269e-15
28,S,0.1688742504420431,0.1688742504420403,0.0,2.8033131371785203e-15
28,R,0.07294747433178066,0.07294747433178113,0.0,-4.718447854656915e-16
29,S,0.15853579299533657,0.15853579299533047,0.0,6.106226635438361e-15
29,R,0.06341818804760818,0.06341818804760019,0.0,7.993605777301127e-15
30,S,0.1112801709994916,0.11128017099949121,0.0,3.885780586188048e-16
30,R,0.03334524091480297,0.033345240914802315,0.0,6.522560269672795e-16
31,S,0.1315895902088444,0.13158959020884353,0.0,8.604228440844963e-16
31,R,0.046483635530982795,0.04648363553098531,0.0,-2.5118795932144167e-15
32,S,0.10994741171111186,0.10994741171111119,0.0,6.661338147750939e-16
32,R,0.03328220352382569,0.03328220352382575,0.0,-6.245004513516506e-17
33,S,0.16899981487934296,0.16899981487932647,0.0,1.6486811915683575e-14
33,R,0.08098968022734436,0.08098968022732962,0.0,1.4738210651898953e-14
34,S,0.15824356366858117,0.1582435636685692,0.0,1.1962653090336062e-14
34,R,0.07402973053368009,0.07402973053366901,0.0,1.1074474670635936e-14
35,S,0.14643206418044274,0.14643206418044444,0.0,-1.6930901125533637e-15
35,R,0.06366386406901524,0.06366386406901649,0.0,-1.2490009027033011e-15
36,S,0.13096402101029672,0.13096402101029808,0.0,-1.3600232051658168e-15
36,R,0.05076996159402634,0.05076996159402861,0.0,-2.275957200481571e-15
37,S,0.109924737056103,0.109924737056104,0.0,-9.992007221626409e-16
37,R,0.03450547654881602,0.03450547654881714,0.0,-1.1171619185290638e-15
