iteration,objective,primal,dual,complementarity
0,508115.29819822987,0.9999999995739808,100.0,107.54657722608158
1,508279.8687475271,0.8469123997993135,62.265059467327795,67.25967041638953
2,513821.0942460215,0.209646192427934,45.14884542210756,48.854137379836935
3,526835.9958261258,0.0035966419266060257,25.84031042637316,24.552806121909594
4,533542.6905581157,0.010187147875285518,393.0675629064203,7.049727807297118
5,534525.6546297801,0.04221616821541829,407.06891487640524,6.913376723723272
6,536376.4564169901,0.06274039056779657,195.18353186385286,3.3462267207914964
7,536217.314490553,0.10936063219492552,27.396418684575515,0.9999497484861379
8,535805.0346891888,1.0788001293981688,2.707742824976812,0.9999497350015063
9,535780.9464838352,0.0058645166438964225,0.1783037769900666,0.9999971740030996
10,535766.7008239994,1.6164300671053095e-5,0.007080291145925344,0.9999978046708814
11,531958.8797983129,0.01644112746544124,12.430904218543859,0.3266978256605083
12,524561.0811289256,0.13361104919340505,12.858218463250488,0.15007478139385275
13,520477.86630423286,0.2975628528074594,4.007037642669504,0.15000392421313558
14,520474.4900363195,0.10203407100266304,30.551680980221143,0.1499563116930505
15,520484.0473167017,1.366589583336452e-5,2.152049360848772,0.1499957848132939
16,520252.8362483197,4.251199536732406e-5,30.906509366664164,0.14998854699181402
17,520166.4010203519,0.04449933664977834,214.23110618493476,0.1499851307413958
18,520168.2909233909,0.4457748438467206,38.759515484480374,0.1500171921518623
19,520468.4882077476,0.06468068316985409,5.736666678185253,0.15000091605957483
20,520546.2502090041,0.019790544278976085,3.371635674466348,0.14999667061946978
21,520578.44330399274,0.005792992847773348,0.15781319139297123,0.14999991671360782
22,520617.3246896816,2.629972436807293e-5,0.0016009625087463064,0.1499998567364759
23,514617.96029669105,0.4857498616627254,6.464586718436785,0.06235067190823627
24,508961.49205983646,2.1956523226260742,6.441471663366054,0.025298327006314757
25,506619.07025525306,1.5034449941783805,49.840107425044515,0.02401430734954981
26,505872.8781936319,0.01101747923576113,3.2723472271731895,0.02251638597869825
27,505780.7798961263,0.01032207423759246,384.2449938436699,0.022547345383595287
28,504491.1305355532,0.0003579600831926655,0.18126721218774083,0.02249016801906592
29,504015.1839284557,0.0025110503538599005,0.14146792024002253,0.02249379862593549
30,503726.36901446094,0.013458540187798462,0.14061617550014444,0.022496120060040693
31,503473.3346512611,0.052549065085713664,4.694063774852832,0.022496116593735595
32,503193.2676246001,0.5410511860510496,18.44255491813808,0.022490438383713784
33,501580.47073127993,1.614858844308742,14.14352167511704,0.022425209634107414
34,501502.1318495318,5.529648502376972,6.096302804827458,0.02246903189650596
35,501521.1692422387,1.2416684921115575,1.2232533618010881,0.02249823349577198
36,501540.2301373187,0.240479674054086,0.2746760120615113,0.022499615062189775
37,501555.8236614715,0.003317809305372066,0.005927607968658821,0.02249993095573024
38,501569.7124817467,0.0001416045688529266,0.0004943444555465248,0.022499942491709037
39,498533.50116279814,1.5800884108991795,1.2079003286523746,0.011901533847297656
40,497000.86039648886,1.8460274336540579,3.7508188975269823,0.009039387428402318
41,495714.38185832417,1.5380470908891084,2.2223011816293075,0.005785625068842536
42,494410.1204979226,1.0318942565025964,2.107784199533865,0.003474551024225776
43,494297.9263524357,1.6230236487075445,5.752136022508762,0.003470193752107989
44,494244.29447322804,0.9793957027134184,3.7196853085988555,0.0034500883658874714
45,494067.06671586935,0.011453967859438308,2.165337112467382,0.003403719341834838
46,494037.64689515857,3.7082429667669847e-6,0.6930649082620352,0.0033750548754448583
47,493983.60374617524,2.3391045801662153e-6,0.8946016398767259,0.0033746306121293732
48,493922.0186949697,1.1508824059092149e-5,0.6505555023309529,0.0033745074505635814
49,493850.02368867345,2.2160100570545183e-5,7.259287696611688,0.003373423454976541
50,493840.08245624,8.236235316871898e-6,4.960050396584302,0.0033736925121418573
51,493802.87080992013,1.1920191582248663e-5,3.747448328500492,0.0033740595587748202
52,493753.2763337539,2.7717686407413566e-5,2.2949341036909523,0.003373669925062532
53,493725.0218807325,4.763072558944259e-5,1.1581502507423582,0.0033748928222662265
54,493684.3372463912,0.0008297538993247144,2.3549936070655075,0.003376886645898614
55,493676.4981775043,3.955845961995698e-6,1.7826081571590617,0.0033745600445166486
56,493658.5325411005,3.774356351942537e-6,0.6113997934563861,0.003374922245763869
57,493612.7562324443,5.3265446756103505e-5,3.5334006870186863,0.003373538669109182
58,493619.485692275,3.934153800289899e-5,3.320715246784238,0.0033767515060171617
59,493598.018947777,0.00039813958119339077,0.7784178353897061,0.00337572892717293
60,493556.1832344207,0.0014826477893166157,0.5490789650271286,0.0033749442739421476
61,493497.9014798392,0.00960656136567195,3.799628991477216,0.0033742705435319243
62,493486.9166044615,6.759716552551254e-5,0.6598573528136189,0.003375077849139172
63,493482.0535165649,4.054242106121819e-5,5.034074334078887,0.0033747305305565655
64,493484.58254552516,6.184894027683185e-5,1.2348429399907968,0.003375558211321991
65,493482.4127824503,9.334216815659602e-5,0.5146801810723014,0.0033753359707127013
66,493472.74998254084,0.0017209554459896026,0.17254620069223603,0.003374957634793
67,493452.48915207596,0.009034165699858931,0.1229967938947934,0.003374849049903546
68,493420.0311964088,0.01542713688513686,0.12010869575530751,0.003374695440468792
69,493374.5598292734,0.006847906641364716,0.26691213027940985,0.0033747392360703376
70,493139.67462057096,0.17086991512079067,2.107186904156111,0.0033647230345759866
71,492881.4556218386,0.30298261155463935,1.7772815481393434,0.003355729882138942
72,492784.2061905723,0.1365461153659271,3.715306147142107,0.003374380008479103
73,492776.5550959793,0.02250096043969961,2.013287945594506,0.003373846979867149
74,492775.0862751601,0.017363176011485848,0.5476718646308317,0.0033749359741188775
75,492766.4033508453,0.020179798959811705,3.889940104357156,0.0033743737479867246
76,492752.60424292646,0.014802490061715615,3.0961053509396614,0.0033780397263531094
77,492741.678494442,0.01074625396023748,0.8268718618239129,0.0033767117120082875
78,492729.08931499824,0.012422395083026458,0.8850535805531325,0.0033763367353357035
79,492722.7974175211,0.010185867857444464,1.810300483983759,0.0033748180273734042
80,492718.32596295,0.0025879414952214574,0.9053917684798736,0.003374835058873562
81,492718.2148530058,0.0006083671928536205,0.7368122305713802,0.0033749653573924153
82,492710.50922870834,0.018240230535145657,2.2531000865850173,0.003374475259812591
83,492704.8503025786,0.02171854794634328,1.2316378822167642,0.0033754923635720274
84,492707.042615339,0.0035207580988299014,0.298885043553494,0.0033749119061105815
85,492707.72939646326,1.0687507506190741e-5,0.0011198628584729586,0.003374996006778274
86,492708.2194139075,2.8962074409832894e-6,0.00026185969187936253,0.0033749970795395193
87,492406.46938609064,0.049055323849188426,2.1870083081953755,0.0025139064462395373
88,492150.7861144574,0.04564326054310186,5.070616415517054,0.0011171475246604561
89,491836.88010159624,5.733838316044164,4.539966069132166,0.0010202943595485335
90,491793.089654261,12.960449175253125,4.713600714017085,0.0010100309478525726
91,491578.88090255624,11.493214053444483,2.6996161132363308,0.0008704413795222702
92,491541.64234535035,10.57599462811941,2.312388190130191,0.000784846221627337
93,491467.6165497875,8.53848651938511,1.890146682155816,0.000650070586536917
94,491248.23680735927,3.1806196054742415,1.1349487227846742,0.0005662613449830182
95,491146.5434531929,1.9622955344210524,0.930435189826105,0.0005165028454140924
96,491030.10879951215,1.3535454305861023,0.6803572485994844,0.00047431526396624134
97,490872.20124310686,0.8931908185713198,0.5668296681951688,0.0004407121960903742
98,490816.8868777164,0.6112788987004976,0.7889602252338638,0.00035970829655001385
99,490779.1285672654,0.24809443399941955,0.32555618864157954,0.0003515121019157271
100,490705.1340773649,0.1252189590080235,0.3633591225423091,0.0003479338477656211
101,490531.1572228485,1.4469680724484562,2.946902839570482,0.00034260311558588865
102,490485.0065060854,1.2179317380541335,0.41920788612038434,0.00034479458539143855
103,490400.8525039109,2.842306282503685,1.843508617473585,0.000346471442232227
104,490378.2142565362,2.668878696876348,4.790356355284302,0.000352153777235293
105,490375.829988213,0.9540659652936512,2.839933098629263,0.00034866260503324184
106,490357.3498406623,0.8848315879100284,1.9011262443403827,0.0003488858180545015
107,490258.6758455659,2.878467827884279,2.317191102982274,0.0003490981928333828
108,490236.79675583565,2.302440771693753,1.734935977605939,0.000352932369313215
109,490235.5765766079,0.04767418531287149,1.0600741141568637,0.0003505167819405427
110,490234.7882341958,0.002191670053335315,3.229352916426686,0.00034639161663313977
111,490233.4529884166,0.0015678055309109595,1.187379790957302,0.00034640882329806436
112,490189.8231386555,1.0346367681402313,1.0770067891688104,0.00034628236046837244
113,490185.2085369894,0.26395118976684273,0.4528358667876091,0.00034607246078721004
114,490176.0000075638,0.20057003799185225,0.4810546297203165,0.0003470945113932148
115,490154.7409421874,0.4554498242997283,0.3688441274189578,0.0003455052990697303
116,490152.5487997596,0.08347925185755911,0.23329263072719186,0.0003457186407023437
117,490152.00339513324,0.013218801573046335,0.054439879859848495,0.0003463952334616205
118,490152.1466595467,0.0008912692123658416,0.002819178927469041,0.00034639419411436914
119,490151.97062273335,1.6936943268319737e-5,0.00015371812241937732,0.0003463956115138936
120,490151.80310316384,1.3776852199498535e-5,9.585933601370146e-5,0.0003463965012277133
121,490151.64766422636,1.0212541099008376e-5,9.34200759552823e-5,0.00034639719725633493
122,490151.5027865701,7.657854155240784e-6,9.101600291028071e-5,0.0003463977523385681
123,490151.3672975758,5.790146076378733e-6,8.865534431229047e-5,0.0003463982120173974
124,490151.240272228,4.411624672684411e-6,8.634918525953807e-5,0.0003463986059686369
125,490151.1209519379,3.3879061902553076e-6,8.410259027349931e-5,0.0003463989537073214
126,490151.0086965393,2.6233582843815384e-6,8.191871474267504e-5,0.00034639926843656264
127,490150.90295527445,2.354401772208803e-6,7.980125515647321e-5,0.0003463995608341323
128,490150.80324840883,2.302511120433337e-6,7.775572297700171e-5,0.00034639984169979054
129,490150.7091539827,2.256678840240056e-6,7.578950247910492e-5,0.00034640012142506
130,490150.62029685266,2.2169386966197635e-6,7.391080435303204e-5,0.00034640040681105854
131,490150.5363393501,2.1826799638802186e-6,7.212698944034784e-5,0.0003464006978264002
132,490150.4569739861,2.15264577718699e-6,7.044298688410958e-5,0.0003464009871508888
133,490150.3819186385,2.125178014011908e-6,6.886038992831578e-5,0.0003464012636462898
134,490150.310913951,2.0986175286452635e-6,6.737733799146856e-5,0.0003464015177415369
135,490150.24372194766,2.0716753965643875e-6,6.598892160890844e-5,0.000346401745066969
136,490150.18012475,2.043621464054013e-6,6.468785565258081e-5,0.00034640194657898363
137,490150.1199227309,2.014257233895478e-6,6.346531571337945e-5,0.0003464021263474765
138,490150.06293204287,1.9837569311675907e-6,6.231183851192375e-5,0.00034640228905338306
139,490150.00898185384,1.952482534761657e-6,6.121812578235852e-5,0.00034640243838309425
140,490149.95791173703,1.920836211866117e-6,6.017561648592219e-5,0.0003464025765007744
141,490149.90956959594,1.8891744844040659e-6,5.9176790156722364e-5,0.0003464027042725105
142,490149.8638103134,1.857777704117325e-6,5.821524796609072e-5,0.00034640282182306375
143,490149.8204951278,1.8268426060785714e-6,5.728565191287331e-5,0.00034640292910177473
144,490149.77949157363,1.7964937342185294e-6,5.638359684313407e-5,0.00034640302627240337
145,490149.74067374493,1.76680089225556e-6,5.550546779146612e-5,0.00034640311387042677
146,490149.7039226418,1.7377915924043918e-6,5.4648308935225515e-5,0.00034640319276850413
147,490149.6691264262,1.7094659483518626e-6,5.380971266732461e-5,0.000346403264039287
148,490149.63618049375,1.6818058270473557e-6,5.298772722662354e-5,0.00034640332879972953
149,490149.6049873417,1.6547829773116973e-6,5.2180778757612845e-5,0.0003464033880884322
150,490149.5754562606,1.6283627815028012e-6,5.138760413227021e-5,0.0003464034427920907
151,490149.54750290676,1.6025093145799474e-6,5.060719307662699e-5,0.0003464034936161906
152,490149.5210488034,1.577184889356431e-6,4.983873831155769e-5,0.0003464035410873582
153,490149.49602081947,1.552352841827087e-6,4.908159370802835e-5,0.00034640358557572594
154,490149.4723506599,1.5279783838195726e-6,4.833523973781298e-5,0.00034640362732777573
155,490149.4499743935,1.5040282050904352e-6,4.759925558639119e-5,0.000346403666503297
156,490149.42883202224,1.4804708712290449e-6,4.6873297149290644e-5,0.00034640370321111104
157,490149.40886710514,1.457279608985118e-6,4.61570798601825e-5,0.00034640373753982697
158,490149.3900264279,1.4344292935675185e-6,4.545036539413752e-5,0.00034640376958066326
159,490149.3722597185,1.4118971876087016e-6,4.475295151887791e-5,0.0003464037994411486
160,490149.3555194013,1.389665953865915e-6,4.4064664199049836e-5,0.0003464038272501472
161,490149.3397603838,1.3677200740858098e-6,4.338535132560571e-5,0.00034640385315576496
162,490149.3249398668,1.3460477816806815e-6,4.271487795077383e-5,0.00034640387731877287
163,490149.3110171808,1.3246383900877845e-6,4.2053122201967524e-5,0.0003464038999037753
164,490149.297953636,1.3034853623139497e-6,4.1399972140270316e-5,0.0003464039210706821
165,490149.2857123888,1.2825833550778043e-6,4.075532303178704e-5,0.0003464039409675663
166,490149.2742583208,1.261928730400541e-6,4.011907523765977e-5,0.00034640395972576903
167,490149.263557927,1.2415177366165153e-6,3.9491132389518624e-5,0.00034640397745733627
168,490149.25357921637,1.2213492368573498e-6,3.887139994604438e-5,0.0003464039942546553
169,490149.2442916174,1.2014219237244106e-6,3.825978410800304e-5,0.0003464040101915753
170,490149.23566589574,1.1817330118901737e-6,3.7656190908863865e-5,0.0003464040253257725
171,490149.2276740753,1.1622827855717333e-6,3.706052563997447e-5,0.00034640403970152654
172,490149.2202893697,1.1430691984060104e-6,3.64726923517307e-5,0.00034640405335291727
173,490149.2134861173,1.1240904314036015e-6,3.589259371820745e-5,0.0003464040663066972
174,490149.2072397222,1.1053456887566426e-6,3.532013090020575e-5,0.0003464040785849245
175,490149.2015266022,1.0868332651625678e-6,3.4755203554762484e-5,0.00034640409020713215
176,490149.19632413844,1.068549181582057e-6,3.4197710058338215e-5,0.0003464041011919359
177,490149.19161063165,1.0504938359190419e-6,3.3647547698457264e-5,0.0003464041115582785
178,490149.1873652595,1.0326637038815534e-6,3.31046129000475e-5,0.0003464041213260454
179,490149.1835680393,1.0150558864552295e-6,3.2568801621035356e-5,0.0003464041305165708
180,490077.0478047964,0.3505923091486949,0.19936942904028854,0.0002389963128098575
181,490013.8631932987,0.17567696988028558,0.097739421676728,0.0001036611014780983
182,489983.2127873154,0.14341352011611264,0.16665667492932634,5.867923389517327e-5
183,489969.59525503137,0.13072727517716487,0.4599241530723779,3.512386616993262e-5
184,489924.73642671795,0.5694099017636205,0.15745724027578945,2.336523765860898e-5
185,489895.06169023353,0.4371546144881364,0.0947534835067665,1.6111331005207495e-5
186,489878.6849989592,0.619792080667743,0.3742843792322942,1.5982153287772036e-5
187,489858.37864702137,0.2925185877639023,0.10929678168440991,1.4609677765302788e-5
188,489856.5355862899,0.27729461050862025,0.15365504475551006,1.5011832579278851e-5
189,489845.6479138668,0.11942145626610454,0.007935313617622342,1.4324461386362864e-5
190,489838.8766566594,0.17135281377642286,0.08648102293386849,1.4333796857383984e-5
191,489835.7352430621,0.046688400818169384,0.00151762938727118,1.4279710897466748e-5
192,489831.30969759123,0.25850555524467467,0.04202464480910845,1.4271680466027795e-5
193,489829.7361398743,2.006254419688972,0.07004510470958582,1.4282177368151758e-5
194,489828.3996629361,1.880398490006101,0.11992189342475675,1.43133334189804e-5
195,489822.9270197187,2.217176114848229,0.05625845966792633,1.4271082316887188e-5
196,489819.39303246874,1.3035212409765506,0.10160147856108881,1.4300404185215496e-5
197,489817.06447916373,0.3857049797900629,0.0009478133989591993,1.4283172617453062e-5
198,489815.13550052844,0.37879979963594224,0.015128580009751695,1.429005855841751e-5
199,489814.7409602746,0.1745890657343807,0.0027906862935575347,1.4307625505296607e-5
200,489813.8045564152,0.17289295366694546,3.243624826154701e-5,1.4287795199027964e-5
201,489813.6648892876,0.017266500163685805,0.00019444528906991044,1.4299589289330078e-5
202,489813.469235831,0.104528399667835,0.00038875940247781076,1.4298939723409788e-5
203,489813.42498314986,0.01757535709257496,0.0003109305500571797,1.4300777738294257e-5
204,489813.34844801866,0.21771110198935872,0.0005605749408280115,1.4300303848634137e-5
205,489813.3020534633,0.2157387390569525,0.010644805726423623,1.4301963874926205e-5
206,489813.2431567321,0.06577078549624815,0.000891853349173072,1.4301168962982829e-5
207,489813.2451626628,0.0005896310447042197,0.0004676484283274249,1.4301886674771517e-5
208,489813.2459083404,0.000542145617089318,0.00045571522027675694,1.4302001019185678e-5
209,489813.2464176761,0.0005285055886474765,0.00044694242961057366,1.4302061990699388e-5
210,489813.2467974662,0.0005145322666635366,0.00043814685951338596,1.4302098913287259e-5
211,489813.24711902067,0.0005002320374956071,0.0004292680601007054,1.430211897103451e-5
212,489813.2474358607,0.00048566217407142176,0.00042028227933387966,1.4302128013182255e-5
213,489813.24778630165,0.0004708524002694503,0.00041115416069707023,1.4302130043332353e-5
214,489813.2481935896,0.00045580137901879425,0.00040183099761873214,1.4302129439278684e-5
215,489813.2486667122,0.0004404763290608571,0.0003922353969456948,1.4302134100987069e-5
216,489813.2492015535,0.0004248164518116937,0.0003822510040716892,1.4302153058335892e-5
217,489813.2497837258,0.0004087330414677126,0.0003717035191817212,1.4302183316535379e-5
218,489813.2503955037,0.0003920779530517393,0.00036035263442385355,1.4302206318885294e-5
219,489813.25102374307,0.00037458504579035434,0.00034788765547462094,1.4302215158832263e-5
220,489813.25166069914,0.00035583380753223537,0.00033388297228163235,1.4302220893168738e-5
221,489813.2522968886,0.0003352057960341881,0.0003177140642511281,1.43022352220079e-5
222,489813.2529150305,0.00031178448062973985,0.0002984431348570545,1.4302263055449195e-5
223,489813.2534937003,0.0002841911451696433,0.0002746518096508257,1.4302298954726823e-5
224,489813.25401754543,0.0002503753970017897,0.0002442235683077229,1.4302328524810605e-5
225,489813.25448334473,0.00020754026940039694,0.0002042520472897312,1.43023438877357e-5
226,489813.2548985891,0.00015310081442976298,0.00015197886648341257,1.4302349940554623e-5
227,489813.25527585845,8.947702116302025e-5,8.960904883575439e-5,1.4302359328142529e-5
228,489813.2556224337,3.360320783940551e-5,3.403938357849815e-5,1.430239142099706e-5
229,489813.25592698785,6.780331659683725e-6,7.0348520375205625e-6,1.4302440611192232e-5
230,489813.2561710394,9.254774795408593e-7,1.0268274410907426e-6,1.430247072586032e-5
231,489806.2106782347,0.513339115556839,0.008670195240505052,5.846323841241934e-6
232,489804.210661669,0.541654350500437,0.025653040409864047,2.9862706935065846e-6
233,489802.248593639,0.6433076294905504,0.02454033731539429,1.4437470599973298e-6
234,489801.25790769886,0.5158610471955569,0.01727250068515529,8.260914614341406e-7
235,489800.4759631619,0.33771346536371993,0.008693817168071494,5.007891386484664e-7
236,489800.1043728249,0.28325437415260524,0.004182151671836221,3.2765922698420047e-7
237,489799.9167267623,0.1623399707505797,0.0021709264939155926,2.4126760980964623e-7
238,489799.8802648593,0.05477193164672656,0.0013353118749883652,2.0844130321246802e-7
239,489799.86623824236,0.016778187062087113,0.0007756319618489327,1.891538345626998e-7
240,489799.8543318584,0.0028135080779776445,0.0004359680009174971,1.7807718293064514e-7
241,489799.85281395365,0.00027675839733376506,0.0002184488395838846,1.7151226614397024e-7
242,489799.84452855226,1.1097623655587086e-6,0.00017287566825019418,1.7036778542868308e-7
243,489799.84354179795,1.7889216508137906e-7,8.983906861437241e-5,1.6787107039060726e-7
244,489799.8396647049,8.403377478316543e-7,6.37145550407281e-5,1.6715079288292213e-7
245,489799.84051269863,1.4456631447501422e-7,5.036253983758954e-5,1.6692123068593803e-7
246,489799.8382692383,6.07231809854965e-8,4.14783386679116e-5,1.6630000934622748e-7
247,489799.8351258825,1.0607811873342143e-7,3.381151080619413e-5,1.6588741366069766e-7
248,489799.83251273877,1.3080187954983558e-7,2.3912936305801186e-5,1.658115793175848e-7
249,489799.8313374428,6.069473952445038e-8,2.4219979107599054e-5,1.656575729400895e-7
250,489799.82705948135,8.165579856722616e-8,2.6221241794521788e-5,1.654963334936578e-7
251,489799.826295787,8.246833260727726e-8,9.446041427435894e-6,1.6511506351513656e-7
252,489799.8250887336,5.862895733343976e-7,7.273737736828573e-6,1.6531021209386866e-7
253,489799.82438224554,8.630156855815585e-8,3.9647412234278256e-5,1.6538614273970552e-7
254,489799.82448544895,6.055889936919115e-8,2.809330661434446e-5,1.6531030200962526e-7
255,489799.8231313765,8.187113564872561e-8,3.580796782661454e-5,1.6535275684823452e-7
256,489799.8215353614,6.044007169395257e-8,3.0991606330159e-5,1.6528278160804637e-7
257,489799.8181272358,6.033564494328575e-8,1.8235669265269632e-5,1.651866648016165e-7
258,489799.81800996437,7.586858430386201e-8,2.985144113708954e-5,1.6525210905666913e-7
259,489799.8179411533,5.98952301614393e-8,1.5835820082181484e-5,1.6513466847219886e-7
260,489799.81918866583,1.6506216127254447e-7,1.2170617228350611e-5,1.6527589634627064e-7
261,489799.8200214214,5.9377685336138315e-8,1.338272736434512e-5,1.6517618819692006e-7
262,489799.8201059421,5.86395510641176e-8,3.822776504830666e-5,1.652083709503182e-7
263,489799.8196053234,5.547642495477021e-8,4.0197804117982766e-5,1.6522687382130024e-7
264,489799.81923463056,5.543041838116519e-8,3.851948153129974e-5,1.6523531784086162e-7
265,489799.8187170401,5.5360074770996644e-8,1.2484060509854178e-5,1.650913762317232e-7
266,489799.8161423616,7.939947010981996e-8,1.6450232528719688e-5,1.6516335544068845e-7
267,489799.81191469985,5.505864452619129e-8,1.3460110677154802e-5,1.6510404038885505e-7
268,489799.8099115826,2.355222932237666e-7,1.3393953678280876e-5,1.6504919917835016e-7
269,489799.80907847534,1.1811698641395196e-7,9.497781307088275e-6,1.6508471245635974e-7
270,489799.8084431134,1.4288769989434513e-7,3.128905228733103e-5,1.6519408700797213e-7
271,489799.80851448583,5.200112416971908e-8,5.026694590104606e-6,1.650207724475146e-7
272,489799.8078669552,2.888297103709192e-7,3.7476539688188065e-5,1.6517267957060369e-7
273,489799.80721093924,1.887207901063448e-7,1.4262709921148038e-5,1.6521657149737274e-7
274,489799.806883321,5.087612047204341e-8,2.7189471946727304e-5,1.651363662784067e-7
275,489799.8056754295,8.582850341554149e-8,1.8387811814950684e-5,1.6516830909205e-7
276,489799.80456982926,4.7811315905931656e-8,2.1800500014354995e-5,1.6509826289123762e-7
277,489799.8032132699,9.531157729725237e-8,2.3942198388988284e-5,1.6508099537659143e-7
278,489799.8016226098,8.606643291386717e-7,3.985095300308196e-6,1.650390818708696e-7
279,489799.79999402014,7.922802183202293e-7,7.520952055991778e-7,1.6499977339861265e-7
280,489799.79944038816,2.9094326237100177e-7,7.749476213260269e-6,1.6504325644820513e-7
281,489799.79808669095,1.8427942904963857e-7,1.3653979132166594e-5,1.6530413867432233e-7
282,489799.79694685363,2.0532348798951716e-7,5.332733487246888e-6,1.6510777349243938e-7
283,489799.7971844325,1.2537401516965474e-7,2.9261113354241836e-5,1.6517056736321062e-7
284,489799.79695252853,4.0468950121498506e-8,9.935590603455877e-6,1.6510843882300813e-7
285,489799.7971434391,9.678910828370135e-8,1.3056224055785215e-6,1.650894547052093e-7
286,489799.7970457247,2.497945388313383e-7,2.447765397317614e-7,1.6502091703168837e-7
287,489799.7970248265,1.6247588519036071e-7,6.142832151456029e-6,1.650708099664357e-7
288,489799.7969355771,7.594377393616014e-8,1.0624500532015017e-5,1.6505902578367283e-7
289,489799.7967277483,3.995385991614666e-8,4.476235988164559e-8,1.650214839781895e-7
290,489799.7963048201,3.8917249825575016e-8,1.1929160295340302e-7,1.650127823401663e-7
291,489799.79613378417,3.255575291646754e-8,5.127682232544065e-6,1.653056338277255e-7
292,489799.79604837036,3.2508123952055754e-8,1.3924409273556246e-6,1.6508481409016156e-7
293,489799.7960206344,3.243175807792799e-8,8.16715589359307e-8,1.6500019138738664e-7
294,489799.7967931208,5.9579647881946585e-8,3.8394947414624805e-6,1.6504726342126592e-7
295,489799.796789024,3.2125606879188865e-8,1.0306856558055244e-6,1.6509260061477753e-7
296,489799.7968093223,3.3900008133969095e-8,2.5069138039676003e-7,1.6503917258920976e-7
297,489799.79688687687,3.176873515940487e-8,1.7600598520865676e-6,1.650532997580783e-7
298,489799.7969449281,3.1756136080777694e-8,9.126032395592645e-7,1.6508746079791846e-7
299,489799.79707169475,3.172700383880303e-8,2.0963673150078792e-7,1.6503878726273874e-7
300,489799.7972935627,3.168349666248004e-8,2.2729606476709976e-8,1.6501998784947747e-7
301,489799.79800294654,3.161592892743587e-8,4.785074519952914e-8,1.6500221888251215e-7
302,489799.7998519467,3.1498998320095024e-8,2.9625169872815604e-8,1.6504473224707315e-7
303,489799.8001022459,3.125563566275767e-8,3.7635204735639305e-8,1.650347910817542e-7
304,489799.80024715257,3.0527103182754686e-8,1.100393095285028e-7,1.6502526163979776e-7
305,489799.80061424396,2.357537863789238e-8,4.189523472309699e-6,1.6504895905021007e-7
306,489799.8008384971,1.5959325106243427e-8,4.4708584117812353e-7,1.6506091023000175e-7
307,489799.801252192,1.5923239711154724e-8,8.783024984951662e-8,1.6503781234536882e-7
308,489799.8014155945,1.5873093631157964e-8,9.701139848904139e-9,1.6503477257680343e-7
309,489799.8014975643,1.580328925360197e-8,1.688249540165998e-9,1.6503484818697344e-7
310,489799.80157933914,1.5700636998849937e-8,2.469619175826665e-9,1.650345614959056e-7
311,489799.80166222155,1.5536714845221233e-8,3.910372470272705e-9,1.650341199608444e-7
312,489799.73244884575,0.01926893391016904,0.0002645537057495873,5.1248380011195736e-8
313,489799.7071626713,0.014913281642364495,0.0002692246669589815,4.2358090223956944e-8
314,489799.694913592,0.00855591845579795,0.0002858682266304625,2.628105067038236e-8
315,489799.68933234725,0.0035407807958591775,0.0002840189095941914,1.542098973174149e-8
316,489799.6882332051,0.0004532636918099797,0.00033721894297385235,9.878115855686343e-9
317,489799.6891626875,1.929679135059814e-5,0.0001980172275607765,5.774547133162272e-9
318,489799.6898711651,4.087476042968774e-6,0.0001679466346189161,5.1217107048824475e-9
319,489799.6911699779,4.891136313744937e-7,0.00012268827415129734,4.067766848864815e-9
320,489799.69140058826,6.450935075008601e-8,9.221373359843286e-5,3.334221740718785e-9
321,489799.6926149109,1.28544844317513e-8,7.024753531387504e-5,2.792111889758301e-9
322,489799.6927531497,1.226506207013811e-8,5.6705575033624504e-5,2.45528783867558e-9
323,489799.6931782,1.154972162874246e-8,1.1262204624288457e-5,1.2907644911759637e-9
324,489799.69326586707,7.130434198643343e-8,1.0298269504629087e-5,1.2891339360742838e-9
325,489799.69378630276,1.1548408417050293e-8,7.941208143559194e-6,1.224919469880708e-9
326,489799.6938279811,1.1547753090562773e-8,6.457687050878074e-6,1.1900566112191843e-9
327,489799.69416582293,1.154699901841083e-8,4.696439915688239e-6,1.1413152975012961e-9
328,489799.6942722078,1.1545647939439907e-8,3.1745548068848168e-6,1.1010707026239003e-9
329,489799.69439942774,1.1543076727099644e-8,2.1699704878451896e-6,1.0686453787627331e-9
330,489799.6945325894,1.2737487509184575e-8,2.409466402855827e-6,1.0666868888063583e-9
331,489799.6947201394,1.1529809069293906e-8,1.0481527774305169e-6,1.0281108276220487e-9
332,489799.6947256909,4.0843602278073377e-8,2.0822393035617494e-6,1.0195724874189342e-9
333,489799.69456847874,1.0563087654569259e-8,1.2947960451655382e-6,1.0127944124294168e-9
334,489799.6958309657,3.153373029363138e-8,3.787866969837063e-6,1.0173066279944737e-9
335,489799.6956627362,9.999134187310688e-9,2.1496871990099338e-6,1.0113629194218906e-9
336,489799.6956671367,1.0312945164514531e-8,2.418444832841323e-6,1.0088239269754749e-9
337,489799.69567313115,9.999132508098363e-9,2.4290651400342925e-6,1.006789375351294e-9
338,489799.6956782068,9.999128837423488e-9,1.2779008947235982e-6,1.0025279729312658e-9
339,489799.6956921113,3.664912640033435e-8,2.9628594920426914e-6,1.002816632565324e-9
340,489799.6957553165,9.999117912135036e-9,2.927058561735387e-6,1.0027444160385264e-9
341,489799.6959688704,9.999116305781097e-9,1.7878714910309615e-6,1.00151611833618e-9
342,489799.69597466954,9.999109259334338e-9,1.3845927478116152e-6,1.0016764693874626e-9
343,489799.6959751794,3.451084751304734e-8,8.078693667716978e-7,1.000251738770755e-9
344,489799.6958274272,4.882379300852335e-8,2.776870307230651e-6,1.002927438169905e-9
345,489799.69585703826,9.999089081030865e-9,2.4910856011634985e-6,1.0022877720480025e-9
346,489799.69586502085,9.999085306272582e-9,2.2881559689613645e-6,1.0019785493822866e-9
347,489799.69635312434,9.999080192307774e-9,2.2160284965301398e-6,1.0022440489656819e-9
348,489799.69634790823,9.999074453842516e-9,1.8562377643047842e-6,1.0013360218087423e-9
349,489799.6962267414,1.2918931702188274e-8,2.627946941775107e-6,1.001906259988396e-9
350,489799.69623945607,9.999062720172924e-9,2.4159443050289013e-6,1.001951985763203e-9
351,489799.6962401461,9.999058095400137e-9,8.583765265923995e-7,1.000369730321004e-9
352,489799.6968097547,4.3137518446201284e-8,3.266186589815463e-6,1.0032909581205717e-9
353,489799.6967385805,9.999037969138369e-9,2.4727069537020092e-6,1.0028650637443763e-9
354,489799.6967444555,9.99903400702995e-9,2.3070040752048208e-6,1.0028281731369688e-9
355,489799.69674613944,9.999029455115549e-9,1.14848211037662e-6,1.0010143628345581e-9
356,489799.69674971804,2.4216504357355007e-8,6.559918827909063e-7,1.0002661917627137e-9
357,489799.6967578445,3.6371162082105e-8,1.426582155883117e-6,1.0113462404337833e-9
358,489799.6967552399,9.998974086211643e-9,1.652254476300963e-6,1.0079381161346715e-9
359,489799.6967559281,9.998961870288925e-9,1.1711350651180888e-6,1.004257896346319e-9
360,489799.6967556211,1.6135871305777982e-8,9.97917700925609e-7,1.0017435458921419e-9
361,489799.69651933154,2.0226153196745145e-8,1.6629391977147713e-6,1.0096436883998211e-9
362,489799.69656905974,9.998899968416408e-9,1.9983387618822842e-6,1.0067835929607288e-9
363,489799.69656885735,9.998889969470293e-9,1.30699756407361e-7,1.001113729461224e-9
364,489799.69656911085,3.562747963314905e-8,1.6241905280468e-6,1.0098004275364816e-9
365,489799.69656620425,9.998824622436953e-9,1.6662261120711587e-6,1.0062474791260269e-9
366,489799.6965662015,9.99880927013419e-9,7.532878425658199e-7,1.002087258952424e-9
367,489799.6965652392,1.839602248310257e-8,1.7752583783251448e-6,1.0028059896546962e-9
368,489799.6965659337,9.998748291134563e-9,1.7919909468562393e-6,1.0024391509354609e-9
369,489799.69656580547,9.998733559862805e-9,1.2669007285499806e-6,1.0014654143233224e-9
370,489799.6965650236,9.998698442120757e-9,1.0477737733886352e-6,1.0011923015706394e-9
371,489799.696565208,1.2191620157864236e-8,2.8418997164204537e-7,1.0002300614565669e-9
372,489799.69656598393,3.382952229458169e-8,1.0707805200697193e-6,1.001535113615732e-9
373,489799.6965685823,9.99846878554922e-9,1.418357062357307e-6,1.0029005146847216e-9
374,489799.6970720128,9.998408465744513e-9,1.3811876083053804e-7,1.0071792709505956e-9
375,489799.69699524296,3.6426357041818846e-8,1.362473675452051e-6,1.0056339826339851e-9
376,489799.6970043595,9.998108580627774e-9,1.3465558608025962e-6,1.0058155342600458e-9
377,489799.69701923203,9.997984461163067e-9,1.568335473706717e-6,1.005379883360988e-9
378,489799.6970346314,9.997878989975728e-9,1.6697657455309935e-6,1.004382222395829e-9
379,489799.69725922705,9.997783718962427e-9,1.2680267855168022e-6,1.0030490901857825e-9
380,489799.69726123434,9.997597055777518e-9,1.2143238658438225e-6,1.0018082880028933e-9
381,489799.69779524254,9.997328589972376e-9,1.2378800506550325e-6,1.0041235978562543e-9
382,489799.698301039,9.997011645584974e-9,1.5028227936860622e-6,1.0072489395181706e-9
383,489799.69822754845,9.996365155778841e-9,1.8901148744145467e-6,1.0063660493204503e-9
384,489799.6982260122,9.995988932420818e-9,1.09100967351035e-6,1.0033200667392494e-9
385,489799.69824359164,9.994965157605895e-9,1.5253174770034906e-6,1.0026518826296115e-9
386,489799.69824948534,9.99365864368107e-9,6.269246248623853e-7,1.000745297269102e-9
387,489799.69826073287,1.9883557911271055e-8,5.811804715987361e-7,1.0007449363640655e-9
388,489799.69858282397,2.1142639639037952e-8,1.4861539152782877e-6,1.007319313529562e-9
389,489799.6990839842,8.446101533443606e-9,2.5671067578700996e-7,1.0109963360384546e-9
390,489799.69910325133,3.202150367087597e-8,2.022613700871938e-6,1.0111897447474224e-9
391,489799.69931636064,8.446031291020617e-9,1.6145672598215916e-6,1.0087068974435133e-9
392,489799.6993307084,8.446015276053487e-9,1.5010330085888838e-6,1.0071965477421025e-9
393,489799.699345893,8.445997602690714e-9,1.2421990392921448e-6,1.0048863926358733e-9
394,489799.69935843674,8.44596707849643e-9,1.9078132326645494e-7,1.000368225939342e-9
395,489799.69940136233,2.646523000748857e-8,1.676105915704031e-6,1.0040101236967831e-9
396,489799.69939737127,8.445853079408483e-9,5.907652873245572e-7,1.0013455064491416e-9
397,489799.6993992975,1.541594940590585e-8,2.026488641498382e-9,1.0004504409231614e-9
398,489799.6994009452,3.277843063642649e-8,6.720604544318194e-7,1.0001995211172102e-9
399,489799.6996182904,1.3301715284796956e-8,1.1327697698793916e-8,1.0109930334825577e-9
400,489799.6995359497,3.254872638080997e-8,6.947953155624511e-7,1.0041371190487299e-9
401,489799.699995799,1.0817203133228759e-8,1.644020472059242e-6,1.0063322064394814e-9
402,489799.70031405153,8.444730269230316e-9,3.7565735198745454e-8,1.0032090015758636e-9
403,489799.7003383165,2.880138083583006e-8,1.6809346236159175e-6,1.003142747577205e-9
404,489799.7006524032,8.443689338000215e-9,3.754521006464496e-8,1.0005872601903805e-9
405,489799.70066388894,2.6510477368901775e-8,5.718443987780898e-7,1.0007078511288146e-9
406,489799.70067107386,1.2009778060928511e-8,1.282840033522324e-6,1.0032981627823946e-9
407,489799.7006720251,8.43315836607239e-9,1.0328545531914204e-6,1.001773896556546e-9
408,489799.70067897026,8.418046718028371e-9,1.0591794576883874e-6,1.0022110591655222e-9
409,489799.7007183023,8.347656225982103e-9,9.570802440208112e-7,1.0023004835254864e-9
410,489799.70091541007,8.05369578318893e-9,1.3004742812284334e-6,1.00170097091795e-9
411,489799.7013071395,7.242375026084158e-9,1.527716115924026e-6,1.001668597821069e-9
412,489799.701502068,7.2423599721538334e-9,3.372143286689555e-7,1.0002138449128024e-9
413,489799.70191944885,1.5499168171118072e-8,1.662157030849626e-8,1.0090761290381258e-9
414,489799.7018122305,2.260726716940553e-8,1.2485935114485946e-6,1.005880952807315e-9
415,489799.70220458216,7.241965499504843e-9,4.179445660910941e-8,1.0039124544414223e-9
416,489799.70220582804,2.019346823090018e-8,3.313693558928088e-7,1.0009649227410168e-9
417,489799.70296850865,9.046246418620285e-9,1.2682985551468564e-6,1.002433652204454e-9
418,489799.70276755653,7.241139025199184e-9,1.0222187442796985e-6,1.0018799755331415e-9
419,489799.70277108636,7.2409626246383585e-9,3.1523180517915015e-7,1.0003065548933395e-9
420,489799.7030478152,7.2403047168823065e-9,1.7269263756685208e-6,1.0016719526511903e-9
421,489799.70338778384,1.1135469435430423e-8,1.2759448800095385e-6,1.0013723704314785e-9
422,489799.70373184676,7.239648047718816e-9,5.072966716688533e-8,1.0005747570107327e-9
423,489799.70373028924,1.3439333201858972e-8,1.1588724778249614e-6,1.000993474960074e-9
424,489799.70373539143,7.236176408076389e-9,8.170787813733546e-7,1.0007691881043423e-9
425,489799.70373824483,7.233836970405028e-9,3.5321187936098894e-7,1.000170739000827e-9
426,489799.7039670977,7.223036314896181e-9,4.195727124050447e-7,1.0061622843841968e-9
427,489799.7043924014,6.807424218074898e-9,1.6736252221949757e-6,1.0058365878342586e-9
428,489799.7046385856,6.483553655761698e-9,1.1911401525677157e-6,1.0033708203706323e-9
429,489799.70481695875,6.483262451201233e-9,4.739885235607172e-8,1.002242652797225e-9
430,489799.7048152931,9.456257998863293e-9,6.137679826184739e-9,1.00011656274907e-9
431,489799.7048267176,1.0213128120994952e-8,9.505841398305527e-7,1.0006374828227393e-9
432,489799.7048328675,6.479119227242869e-9,6.407675998840615e-7,1.0006757657440115e-9
433,489799.70502699993,6.476963607809916e-9,7.738464272745438e-7,1.0013290085140559e-9
434,489799.7050417317,6.4719889100728345e-9,8.50272576739769e-7,1.0016151723775875e-9
435,489799.70525569736,6.465676806455267e-9,9.275965862256923e-7,1.0014968948687962e-9
436,489799.7053145969,6.456390980874582e-9,2.1733378940654812e-8,9.999375097570366e-10
437,489799.7055819634,8.14260658899002e-9,4.4104924873736295e-8,1.0142152963307192e-9
438,489799.70550269994,8.215366165131854e-9,8.044924423433505e-7,1.0100677823608773e-9
439,489799.70573151787,6.101215532794413e-9,9.641375285874762e-7,1.0088461753175066e-9
440,489799.70601182384,6.0031970644525146e-9,9.462244023297674e-7,1.0062608672109097e-9
441,489799.70637669374,6.003186125286275e-9,1.2813599483399093e-6,1.006267925225512e-9
442,489799.7066277965,6.003164076950895e-9,9.412341946779361e-7,1.00470542771863e-9
443,489799.70674076304,6.003126711007223e-9,7.692633218715425e-7,1.0043008341673685e-9
444,489799.70679105143,6.0030973456082215e-9,7.346954974530966e-7,1.0030552849356297e-9
445,489799.7067976118,6.0030539532351934e-9,1.9667730109555754e-9,9.999121955725133e-10
446,489799.70681420993,6.002872546262417e-9,5.58268712217337e-7,1.0000996183826624e-9
447,489799.70700821164,6.0027848941546225e-9,8.999302243692733e-7,1.0015920207181114e-9
448,489799.7069928525,6.002665104559712e-9,1.45957770567725e-7,1.0027625755923636e-9
449,489799.7072255369,6.002405839727887e-9,1.1737810363394822e-6,1.0032475255536627e-9
450,489799.7075897185,6.002320782766413e-9,2.786926740490185e-7,1.0016917411239986e-9
451,489799.7079218464,6.002026816526174e-9,7.111811650582431e-7,1.0039323620830437e-9
452,489799.70802957565,6.0017151734537144e-9,1.3430007481107786e-8,1.0044499499794931e-9
453,489799.7080094208,6.00085957661034e-9,1.0650256822286597e-8,1.000644611412068e-9
454,489799.7080273881,5.9990721973379735e-9,7.414079046877409e-10,9.998942253765304e-10
455,489799.7080350891,1.7742834756973025e-8,8.219444058540095e-7,1.0000210474616912e-9
456,489799.70819279435,5.9855754276638695e-9,6.714399263148263e-9,1.0038946885719096e-9
457,489799.70819012943,8.113502758533286e-9,9.004547730824654e-7,1.0029624425945131e-9
458,489799.7084664138,4.791955714178453e-9,3.430568016899588e-8,1.0004309355938046e-9
459,489799.7084816616,4.7913330039617286e-9,1.2264789083133052e-7,9.999848513236772e-10
460,489799.7084912136,4.790426947481885e-9,7.817457910175296e-9,1.0066736736139784e-9
461,489799.7084898944,4.7884575193890555e-9,1.6599844973339105e-7,1.0021699687366286e-9
462,489799.7084943959,4.784991177592124e-9,1.377061883553501e-7,1.003689060898585e-9
463,489799.7086716071,4.775079203572785e-9,5.885054774213555e-7,1.006340311685664e-9
464,489799.70863680437,4.730682640757822e-9,5.140052643939871e-7,1.0046171414017583e-9
465,489799.70872881217,4.616213293562321e-9,5.107356918438236e-7,1.0026141756687495e-9
466,489799.7089929888,4.548482094440809e-9,2.2959606336490203e-8,1.0012985182470408e-9
467,489799.70898210205,4.54828367330018e-9,1.2391207804367865e-7,1.0003285085665406e-9
468,489799.70899417147,4.548061791759261e-9,1.9202365733441424e-7,1.0034409711029186e-9
469,489799.7089998939,4.54783265213532e-9,7.929560062783995e-8,1.0033720220624672e-9
470,489799.70900530985,4.547569834589815e-9,1.044181759286833e-8,1.0048025957067722e-9
471,489799.709004937,1.1652801390482637e-8,7.752208427643391e-7,1.002743043059216e-9
472,489799.70900686894,4.546668246757646e-9,2.5636361488529102e-9,1.0010945303794015e-9
473,489799.70900787855,4.545612733442006e-9,3.5899943383942144e-7,1.0008144288129485e-9
474,489799.70901432773,4.5448891455857066e-9,2.754274338734581e-8,1.0019385051534168e-9
475,489799.7091778522,4.542436985582876e-9,2.6515485267511463e-8,1.0077395091380668e-9
476,489799.70911071426,4.5348451903348685e-9,2.2439366339013778e-8,1.011375826513936e-9
477,489799.7091197043,4.461018068835365e-9,4.3363250041584306e-7,1.006804528547825e-9
478,489799.709135032,4.204171788479982e-9,3.376531610558897e-7,1.004676721270648e-9
479,489799.70924632717,3.809340353572166e-9,7.032961320159459e-7,1.0041723569433753e-9
480,489799.7093870113,3.809327981524335e-9,8.198614046507277e-7,1.002594325978055e-9
481,489799.7094051789,3.809296635071124e-9,2.6211453873093565e-7,1.0006131563225704e-9
482,489799.7094136075,3.809234483398427e-9,7.168513302156157e-8,1.0013215471204953e-9
483,489799.70941939845,3.809149093370046e-9,1.1301651759860311e-7,1.0036206006942788e-9
484,489799.70943027583,3.8090660521572506e-9,3.115828574202685e-7,1.0029080349177895e-9
485,489799.70946216746,3.809054634207332e-9,2.661266013332066e-7,1.0021319237746704e-9
486,489799.70953272015,3.809036371038577e-9,8.486402532960347e-9,1.00003660777163e-9
487,489799.70953140047,3.8088945608638625e-9,2.8168625505059497e-10,9.999764739007944e-10
488,489799.70953226567,3.808710180575048e-9,1.9828075657782842e-10,9.99907372305229e-10
489,489799.70953276806,3.808475691063906e-9,2.453398470303512e-7,9.999969277006245e-10
490,489799.70953603706,3.808387341597275e-9,8.647172422548977e-10,1.000730664327197e-9
491,489799.709535849,3.808078977152185e-9,1.9406287583493433e-10,1.0000330421593325e-9
492,489799.709538067,3.807631147878521e-9,1.3500408063903912e-7,1.000014334801512e-9
493,489799.70978653914,3.807259219695824e-9,5.14954704226335e-7,1.0013763558631215e-9
494,489799.709722889,3.807009481965329e-9,6.273499412231404e-9,1.000836233210469e-9
495,489799.7097296624,3.806119884541825e-9,9.852536882014893e-8,1.0002742199138027e-9
496,489799.70973432617,3.805040681842398e-9,8.114176103593551e-9,1.0033984975667936e-9
497,489799.70973517257,3.802436455979663e-9,2.0590278415430762e-7,1.0017650683577976e-9
498,489799.70974013803,3.800204210341329e-9,2.2836019648635894e-7,1.0018396694522252e-9
499,489799.70974291523,3.798403026139541e-9,2.0512796337079959e-7,1.001448026032591e-9
500,489799.7097444952,3.795875287704309e-9,1.9301985310747666e-7,1.0010229104433633e-9
501,489799.7097460045,3.791796463620267e-9,3.2773535962945747e-10,9.99982041387129e-10
502,489799.70974740613,3.752061040335208e-9,1.0875183853437988e-7,9.999899395474482e-10
503,489799.70989349566,3.2886085694905365e-9,9.205891200172664e-10,1.0041323669345643e-9
504,489799.70984502824,3.250555864406368e-9,1.763269974544568e-7,1.0015298955031924e-9
505,489799.7098512198,3.0594795082800053e-9,2.7784086461737333e-8,1.003562033368836e-9
506,489799.7098654495,3.059446935377297e-9,1.438832346191891e-7,1.0017120318719995e-9
507,489799.70986970083,3.0594312951104374e-9,2.0862494591074178e-7,1.001728236932081e-9
508,489799.70987035206,3.059427065854603e-9,3.1259728744000306e-8,1.0001576091212094e-9
509,489799.7098729911,3.059391823212465e-9,1.7312705664138622e-7,1.000521008086138e-9
510,489799.70987387816,3.0593801693401534e-9,9.1432105896877e-10,1.0004440430407512e-9
511,489799.7098739025,3.059334192229146e-9,1.663926507340466e-10,1.0000240460221797e-9
512,489799.7098739494,3.0592815988828015e-9,1.6636445003627105e-10,9.999781859213315e-10
513,489799.7098739455,3.0592228299208823e-9,1.6635662177945458e-10,9.99953240054732e-10
514,489799.70987401134,3.059156825427345e-9,1.5530101736908633e-7,9.99996035793941e-10
515,489799.7098761444,3.05913215939424e-9,2.59630058598026e-9,1.0010802545656469e-9
516,489799.709875699,3.059057122195563e-9,4.1914548047639055e-10,1.0000931796936972e-9
517,489799.70987613976,3.0589688195664655e-9,1.7967331271462305e-7,1.0000996846727533e-9
518,489799.70987947704,3.0589489101451317e-9,1.253146112920045e-9,1.0006270968853842e-9
519,489799.7098791718,3.058847730663672e-9,1.3516136647406807e-10,1.000043031104314e-9
520,489799.70987927297,3.0587248567304215e-9,3.2444287103953725e-10,9.999492391515703e-10
521,489799.70987938053,3.058578760053998e-9,1.5505193201369448e-7,9.999896151802658e-10
522,489799.7098808618,3.058526562224606e-9,1.5196751652207796e-9,1.000634581970355e-9
523,489799.7098805973,3.058350274420807e-9,2.116537934498952e-10,1.000023735254537e-9
524,489799.7098810276,3.058122916357875e-9,1.791469982549972e-7,1.0000953798630615e-9
525,489799.709882629,3.058066732133935e-9,5.930576400831929e-8,1.0001240537499035e-9
526,489799.7098836398,3.0578728906632824e-9,2.664570060255389e-9,1.0011427093439058e-9
527,489799.70988335734,3.057523394189854e-9,1.039488904212246e-7,1.0004902817189234e-9
528,489799.70988427,3.0572811105661346e-9,2.0151835079113e-9,1.0008711212530222e-9
529,489799.7098841014,3.056738496001743e-9,4.050132104693738e-10,1.0001735672006505e-9
530,489799.7098841402,3.0559190317136498e-9,1.6005091646455773e-10,9.999794254859836e-10
531,489799.70988417324,3.0546214134508087e-9,1.5994703119721185e-10,9.999962669575687e-10
532,489799.7098841722,3.0523022911260744e-9,1.1244751894576767e-10,9.999921268221859e-10
533,489799.70988413284,3.047169331096833e-9,3.1807059540423343e-10,9.999839026332756e-10
534,489799.7098841285,3.029163048867689e-9,1.5994393467370374e-10,9.999472487820888e-10
535,489799.7098859663,2.3173554030558874e-9,1.77601929787137e-7,9.999939112683866e-10
536,489799.70988711156,2.3173524071884444e-9,6.428056177620878e-11,1.0000274200389259e-9
537,489799.7098870645,2.317313336011595e-9,1.5664789811629925e-10,9.999978761391243e-10
538,489799.70988707466,2.317269506488251e-9,1.1210443076581095e-10,9.999966295169275e-10
539,489799.7098870322,2.317221617711973e-9,3.114636253849496e-10,9.999954804769993e-10
540,489799.7098870121,2.3171691926338056e-9,1.5665745057551605e-10,9.999936163644434e-10
541,489799.7098869928,2.3171115425685285e-9,1.5665105945228695e-10,9.99990218078164e-10
542,489799.70988697547,2.3170478435224906e-9,1.5665039989725134e-10,9.99982948488443e-10
543,489799.7098869636,2.3169771032338637e-9,1.5664954575974245e-10,9.999625607279714e-10
544,489799.7098869787,2.3168981143351086e-9,4.1962074330592723e-8,9.999173033274949e-10
545,489799.70988851984,2.316833216595149e-9,1.2539332122087376e-7,1.0005701779400349e-9
546,489799.70988891687,2.3168050238692173e-9,6.68828988720227e-10,1.0004067282920856e-9
547,489799.70988880226,2.3167078325170287e-9,1.5491026841633831e-10,1.0000064989807895e-9
548,489799.7098889133,2.316592818615848e-9,6.752753425929462e-8,9.999650822927124e-10
549,489799.7098906315,2.3165112553874545e-9,2.8824076996752934e-9,1.0012527972305076e-9
550,489799.70988996734,2.3163686437704945e-9,6.507674182518186e-10,1.0002819479355261e-9
551,489799.7098900358,2.316197872387349e-9,1.5485595248101903e-10,9.999739942319342e-10
552,489799.7098901766,2.315994378915276e-9,1.5485256291346946e-10,1.000001326636976e-9
553,489799.7098901455,2.315748193898459e-9,1.5485759744797377e-10,9.999982135889817e-10
554,489799.70989012555,2.3154444733081148e-9,1.548595930225085e-10,9.999976770921045e-10
555,489799.70989010495,2.315060651861267e-9,1.5485635693909253e-10,9.999968755166929e-10
556,489799.7098900847,2.314560749658301e-9,1.5486010163079035e-10,9.999955279388558e-10
557,489799.70989006525,2.3138838518843574e-9,1.5486792663988067e-10,9.999929673730237e-10
558,489799.7098900474,2.3129184852088702e-9,1.5487068643391755e-10,9.999870373356267e-10
559,489799.7098900351,2.311438124236176e-9,1.5487232220188603e-10,9.999672499904562e-10
560,489799.7098900755,2.308908456788439e-9,1.0031919573120534e-7,9.999589655899477e-10
561,489799.7098913997,2.306687641243088e-9,2.0862842217694855e-9,1.0008880442617681e-9
562,489799.7098910231,2.299399037494765e-9,3.9878972520057676e-10,1.0001543210194169e-9
563,489799.70989110554,2.2706089543300667e-9,1.4669306400436426e-8,9.999489506515364e-10
564,489799.70989304234,1.939974894268892e-9,8.744010251970913e-9,1.0037420262176141e-9
565,489799.7098920773,1.9399216347887327e-9,2.1554361472747585e-9,1.0009214651086883e-9
566,489799.70989205234,1.9398633289979816e-9,1.532999916242614e-10,9.999976604604943e-10
567,489799.7098923394,1.9397994217851267e-9,1.5289433253068663e-10,9.999918544199961e-10
568,489799.7098923282,1.939729075278729e-9,1.5287752830516809e-10,9.999959829407726e-10
569,489799.7098923081,1.9396512659919374e-9,1.5288134674373653e-10,9.99992767079894e-10
570,489799.70989229187,1.9395647483932965e-9,1.5287750459769527e-10,9.999837981492105e-10
571,489799.70989228855,1.939467997660871e-9,1.0499852730195099e-8,9.999476744388592e-10
572,489799.7098935228,1.9393689744406917e-9,5.260555104372178e-9,1.0022649269643266e-9
573,489799.70989286725,1.9392455991723567e-9,1.284186066513593e-9,1.0005527539239317e-9
574,489799.70989284024,1.939105313819578e-9,1.522915690406883e-10,1.0000014774153472e-9
575,489799.7098930215,1.9389440157613347e-9,1.5210092865785534e-10,9.999934842603033e-10
576,489799.7098930316,1.9387553402971935e-9,1.1199402907242297e-10,9.999997172990998e-10
577,489799.70989298925,1.938532254858183e-9,3.0236898698557384e-10,9.99999595534538e-10
578,489799.7098929687,1.938264635598097e-9,1.5210537935522709e-10,9.99999515099416e-10
579,489799.7098929482,1.93793777726603e-9,1.5209830089725294e-10,9.999994075762058e-10
580,489799.7098929278,1.937529798060056e-9,1.5210518373483073e-10,9.999992604396193e-10
581,489799.70989290765,1.93700666964447e-9,1.5210782028102429e-10,9.999990516230789e-10
582,489799.7098928875,1.936312572087262e-9,1.5211294117925605e-10,9.999987432170237e-10
583,489799.7098928674,1.9353494536133997e-9,1.521154255409491e-10,9.999982562838052e-10
584,489799.7098928477,1.9339288885589223e-9,1.5211997792166156e-10,9.99997430842983e-10
585,489799.7098928285,1.931640973909521e-9,1.5211366418430882e-10,9.999958676363664e-10
586,489799.7098928102,1.927414930782967e-9,1.521232128964173e-10,9.999923823971434e-10
587,489799.7098927952,1.917468244946874e-9,1.5211853679910488e-10,9.999821646037047e-10
588,489799.70989279693,1.876639725562068e-9,2.688088182000618e-8,9.99947775382971e-10
589,489799.70989425457,9.615288652092824e-10,5.1187781929806775e-9,1.002193080554167e-9
590,489799.70989354694,9.615261902656824e-10,1.2477667146043592e-9,1.0005346208426395e-9
591,489799.709893545,9.61523517056806e-10,1.5141974717985323e-10,9.999837882436108e-10
592,489799.7098937407,9.615208438479295e-10,1.5123831335260821e-10,1.0000014271547963e-9
593,489799.7098937195,9.615181723737765e-10,1.512464365039949e-10,1.0000000032154372e-9
594,489799.70989369974,9.615155008996235e-10,1.5124580301702028e-10,1.0000000001644655e-9
595,489799.70989367965,9.615128294254704e-10,1.5125413484419493e-10,9.999999993722306e-10
