
Gurobi 13.0.3 (win64) logging started Mon Sep 21 04:36:13 2026

Set parameter LogFile to value "<workspace>\results\runs\r9-flow-reference-20260921-v1\runs\cf_vt\solver-local.log"

Gurobi 13.0.3 (win64) logging started Mon Sep 21 04:36:13 2026

Set parameter LogFile to value "<workspace>\results\runs\r9-flow-reference-20260921-v1\runs\cf_vt\solver-local.log"
Set parameter OptimalityTarget to value 1
Set parameter OptimalityTol to value 1e-09
Set parameter LogToConsole to value 0
Set parameter NonConvex to value 2
Set parameter NLBarPFeasTol to value 1e-09
Set parameter Presolve to value 0
Set parameter TimeLimit to value 5.1259938989998773e+02
Gurobi Optimizer version 13.0.3 build v13.0.3rc0 (win64 - Windows 11+.0 (26200.2))

CPU model: 12th Gen Intel(R) Core(TM) i7-12700, instruction set [SSE2|AVX|AVX2]
Thread count: 12 physical cores, 20 logical processors, using up to 1 threads

Non-default parameters:
TimeLimit  5.1259938989998773e+02
FeasibilityTol  1e-09
OptimalityTol  1e-09
NLBarPFeasTol  1e-09
NLBarDFeasTol  1e-09
OptimalityTarget  1
LogToConsole  0
NonConvex  2
Presolve  0
Threads  1

Optimize a model with 17751 rows, 20688 columns and 45901 nonzeros (Min)
Model fingerprint: 0xc181bb89
Model has 120 linear objective coefficients
Model has 2808 quadratic constraints
Coefficient statistics:
  Matrix range     [1e-05, 3e+01]
  QMatrix range    [9e-02, 2e+02]
  QLMatrix range   [1e+00, 1e+00]
  Objective range  [5e+01, 1e+03]
  Bounds range     [1e-03, 5e+03]
  RHS range        [5e-03, 4e+02]


Continuous model is non-convex -- solving with NL barrier


Loaded warm-start solution
Ordering time: 0.01s

NL barrier statistics:
  Hessian NZ  : 3.048e+03
  Jacobian NZ : 4.811e+04
  Factor NZ   : 4.750e+05
  Factor Ops  : 8.407e+06
  Threads     : 1

                           Residuals
Iter     Objective      Primal     Dual      Compl     Step     Time
   0   5.04111185e+05  1.00e+01  1.00e+02  5.80e+03  0.00e+00     0s
   1   5.04490080e+05  2.25e+00  7.60e+00  4.49e+02  7.75e-01     0s
   2   5.04641978e+05  3.64e-05  1.83e+00  2.63e+01  1.00e+00     0s
   3   5.03090166e+05  1.54e-04  1.69e+01  3.00e+00  1.00e+00     0s
   4   5.02551574e+05  5.77e-05  1.46e+01  2.24e+00  1.00e+00     0s
   5   5.02589472e+05  4.94e-05  6.44e-01  1.05e+00  1.00e+00     0s
   6   5.02598446e+05  3.91e-05  1.90e-01  1.01e+00  9.17e-01     0s
   7   5.02608763e+05  3.40e-05  2.14e-02  1.00e+00  1.00e+00     0s
   8   5.02624224e+05  2.81e-05  1.59e-02  1.00e+00  1.00e+00     0s
   9   5.01554512e+05  6.25e-05  1.03e+01  3.52e-01  5.07e-01     0s
  10   5.00636348e+05  9.64e-05  1.94e+01  1.53e-01  4.46e-01     0s
  11   4.99977387e+05  1.36e-04  1.32e+01  1.52e-01  4.55e-01     0s
  12   4.99783596e+05  7.64e-05  1.65e+00  1.51e-01  4.66e-01     0s
  13   4.99697689e+05  2.82e-05  6.35e-02  1.50e-01  1.00e+00     0s
  14   4.99713881e+05  2.85e-05  1.10e-02  1.50e-01  1.00e+00     0s
  15   4.99446176e+05  2.88e-05  1.92e+00  3.70e-02  4.52e-01     0s
  16   4.99060100e+05  1.73e-04  1.21e+00  2.44e-02  7.12e-01     0s
  17   4.98956761e+05  1.08e-04  5.39e-01  2.25e-02  1.00e+00     0s
  18   4.99014132e+05  2.25e-05  4.83e-01  2.25e-02  1.00e+00     0s
  19   4.99122618e+05  1.13e-05  1.88e-01  2.25e-02  1.00e+00     0s
  20   4.99142038e+05  8.28e-06  4.82e-03  2.25e-02  1.00e+00     0s
  21   4.99152292e+05  7.11e-06  1.14e-03  2.25e-02  1.00e+00     0s
  22   4.99154051e+05  6.63e-06  1.70e-04  2.25e-02  1.00e+00     0s
  23   4.99155228e+05  6.29e-06  1.02e-04  2.25e-02  1.00e+00     0s
  24   4.99108810e+05  2.45e-05  5.78e-01  7.28e-03  3.08e-01     0s
  25   4.99031823e+05  2.22e-04  1.11e-01  4.76e-03  7.89e-01     0s
  26   4.99021224e+05  1.10e-04  1.58e-01  3.40e-03  5.08e-01     0s
  27   4.99012372e+05  6.08e-06  5.17e-04  3.37e-03  1.00e+00     0s
  28   4.99012732e+05  3.57e-06  5.22e-05  3.38e-03  1.00e+00     0s
  29   4.99013054e+05  3.52e-06  3.05e-07  3.37e-03  1.00e+00     0s
  30   4.99005122e+05  3.35e-06  1.28e-01  3.92e-04  5.04e-01     0s
  31   4.99003808e+05  3.34e-06  3.86e-02  3.51e-04  4.51e-01     0s
  32   4.99003139e+05  3.35e-06  1.13e-06  3.46e-04  1.00e+00     0s
  33   4.99003198e+05  3.34e-06  3.75e-09  3.46e-04  1.00e+00     0s
  34   4.99002829e+05  3.35e-06  1.08e-03  1.46e-05  8.37e-01     0s
  35   4.99002825e+05  3.36e-06  1.25e-08  1.43e-05  1.00e+00     0s
  36   4.99002831e+05  3.36e-06  5.96e-12  1.43e-05  1.00e+00     1s
  37   4.99002799e+05  3.36e-06  3.40e-10  1.43e-05  1.00e+00     1s
  38   4.99002494e+05  3.34e-06  1.91e-03  1.43e-05  1.00e+00     1s
  39   4.99002122e+05  3.33e-06  6.88e-08  1.43e-05  1.00e+00     1s
  40   4.99002223e+05  3.33e-06  2.36e-09  1.43e-05  1.00e+00     1s
  41   4.99002201e+05  3.33e-06  1.29e-10  1.43e-05  1.00e+00     1s
  42   4.99002195e+05  3.33e-06  1.23e-11  1.43e-05  1.00e+00     1s
  43   4.99002195e+05  3.33e-06  8.60e-12  1.43e-05  1.00e+00     1s
  44   4.99002195e+05  3.33e-06  5.95e-12  1.43e-05  1.00e+00     1s
  45   4.99002195e+05  3.33e-06  5.11e-12  1.43e-05  1.00e+00     1s
  46   4.99002195e+05  3.33e-06  3.81e-12  1.43e-05  1.00e+00     1s
  47   4.99002195e+05  3.33e-06  1.18e-11  1.43e-05  1.00e+00     1s
  48   4.99002195e+05  3.33e-06  1.11e-11  1.43e-05  1.00e+00     1s
  49   4.99002195e+05  3.33e-06  5.95e-12  1.43e-05  1.00e+00     1s
  50   4.99002195e+05  3.33e-06  9.60e-12  1.43e-05  1.00e+00     1s
  51   4.99002195e+05  3.33e-06  5.89e-12  1.43e-05  1.00e+00     1s
  52   4.99002195e+05  3.33e-06  8.67e-12  1.43e-05  1.00e+00     1s
  53   4.99002195e+05  3.33e-06  6.20e-12  1.43e-05  1.00e+00     1s
  54   4.99002195e+05  3.33e-06  1.25e-11  1.43e-05  1.00e+00     1s
  55   4.99002195e+05  3.33e-06  9.44e-12  1.43e-05  1.00e+00     1s
  56   4.99002195e+05  3.33e-06  9.93e-12  1.43e-05  1.00e+00     1s
  57   4.99002195e+05  3.33e-06  1.84e-11  1.43e-05  1.00e+00     1s
  58   4.99002195e+05  3.33e-06  1.07e-11  1.43e-05  1.00e+00     1s
  59   4.99002195e+05  3.33e-06  1.18e-11  1.43e-05  1.00e+00     1s
  60   4.99002195e+05  3.33e-06  1.07e-11  1.43e-05  1.00e+00     1s
  61   4.99002195e+05  3.33e-06  1.15e-11  1.43e-05  1.00e+00     1s
  62   4.99002195e+05  3.33e-06  1.10e-11  1.43e-05  1.00e+00     1s
  63   4.99002195e+05  3.33e-06  1.18e-11  1.43e-05  1.00e+00     1s
  64   4.99002195e+05  3.33e-06  1.84e-11  1.43e-05  1.00e+00     1s
  65   4.99002195e+05  3.33e-06  1.18e-11  1.43e-05  1.00e+00     1s
  66   4.99002195e+05  3.33e-06  1.07e-11  1.43e-05  1.00e+00     1s
  67   4.99002195e+05  3.33e-06  1.18e-11  1.43e-05  1.00e+00     1s
  68   4.99002195e+05  3.33e-06  1.07e-11  1.43e-05  1.00e+00     1s
  69   4.99002195e+05  3.33e-06  1.19e-11  1.43e-05  1.00e+00     1s
  70   4.99002195e+05  3.33e-06  1.23e-11  1.43e-05  1.00e+00     1s
  71   4.99002195e+05  3.33e-06  1.25e-11  1.43e-05  1.00e+00     1s
  72   4.99002195e+05  3.33e-06  2.45e-11  1.43e-05  1.00e+00     1s
  73   4.99002195e+05  3.33e-06  1.18e-11  1.43e-05  1.00e+00     1s
  74   4.99002195e+05  3.33e-06  1.25e-11  1.43e-05  1.00e+00     1s
  75   4.99002195e+05  3.33e-06  1.92e-11  1.43e-05  1.00e+00     1s
  76   4.99002195e+05  3.33e-06  1.76e-11  1.43e-05  1.00e+00     1s
  77   4.99002195e+05  3.33e-06  3.37e-11  1.43e-05  1.00e+00     1s
  78   4.99002195e+05  3.33e-06  2.45e-11  1.43e-05  1.00e+00     1s
  79   4.99002195e+05  3.33e-06  1.18e-11  1.43e-05  1.00e+00     1s
  80   4.99002195e+05  3.33e-06  2.39e-11  1.43e-05  1.00e+00     1s
  81   4.99002195e+05  3.33e-06  1.40e-11  1.43e-05  1.00e+00     1s
  82   4.99002195e+05  3.33e-06  3.13e-11  1.43e-05  1.00e+00     1s
  83   4.99002195e+05  3.33e-06  1.92e-11  1.43e-05  1.00e+00     1s
  84   4.99002195e+05  3.33e-06  1.25e-11  1.43e-05  1.00e+00     1s
  85   4.99002195e+05  3.33e-06  1.97e-11  1.43e-05  1.00e+00     1s
  86   4.99002195e+05  3.33e-06  1.26e-11  1.43e-05  1.00e+00     1s
  87   4.99002196e+05  3.33e-06  2.53e-11  1.43e-05  1.00e+00     1s
  88   4.99002196e+05  3.33e-06  3.29e-11  1.43e-05  1.00e+00     1s
  89   4.99002196e+05  3.33e-06  2.53e-11  1.43e-05  1.00e+00     1s
  90   4.99002196e+05  3.33e-06  1.53e-11  1.43e-05  1.00e+00     1s
  91   4.99002196e+05  3.33e-06  4.67e-11  1.43e-05  1.00e+00     1s
  92   4.99002196e+05  3.33e-06  3.18e-11  1.43e-05  1.00e+00     1s
  93   4.99002196e+05  3.33e-06  2.64e-11  1.43e-05  1.00e+00     1s
  94   4.99002196e+05  3.33e-06  3.29e-11  1.43e-05  1.00e+00     1s
  95   4.99002196e+05  3.33e-06  1.97e-11  1.43e-05  1.00e+00     1s
  96   4.99002196e+05  3.33e-06  3.29e-11  1.43e-05  1.00e+00     1s
  97   4.99002196e+05  3.33e-06  2.53e-11  1.43e-05  1.00e+00     1s
  98   4.99002197e+05  3.33e-06  2.53e-11  1.43e-05  1.00e+00     1s
  99   4.99002197e+05  3.33e-06  2.07e-11  1.43e-05  1.00e+00     1s
 100   4.99002197e+05  3.33e-06  3.29e-11  1.43e-05  1.00e+00     1s
 101   4.99002198e+05  3.33e-06  2.64e-11  1.43e-05  1.00e+00     1s
 102   4.99002199e+05  3.33e-06  3.18e-11  1.43e-05  1.00e+00     1s
 103   4.99002200e+05  3.33e-06  2.53e-11  1.43e-05  1.00e+00     2s
 104   4.99002204e+05  3.33e-06  3.29e-11  1.43e-05  1.00e+00     2s
 105   4.99002220e+05  3.33e-06  2.51e-05  1.43e-05  1.00e+00     2s
 106   4.99016300e+05  6.05e-06  1.37e-01  1.43e-05  2.50e-01     2s
 107   4.99037753e+05  1.72e-05  2.25e-01  1.43e-05  5.00e-01     2s
 108   4.99064762e+05  2.27e-05  1.21e-04  1.43e-05  1.00e+00     2s
 109   4.99076393e+05  4.45e-06  4.37e-05  1.43e-05  1.00e+00     2s
 110   4.99079152e+05  2.48e-06  1.29e-06  1.43e-05  1.00e+00     2s
 111   4.99078608e+05  2.48e-06  5.45e-08  1.43e-05  1.00e+00     2s
 112   4.99079351e+05  2.48e-06  9.06e-08  1.43e-05  1.00e+00     2s
 113   4.99079205e+05  2.48e-06  3.54e-09  1.43e-05  1.00e+00     2s
 114   4.99079306e+05  2.48e-06  1.69e-09  1.43e-05  1.00e+00     2s
 115   4.99079316e+05  2.48e-06  2.47e-11  1.43e-05  1.00e+00     2s
 116   4.99079337e+05  2.48e-06  7.07e-11  1.43e-05  1.00e+00     2s
 117   4.99079350e+05  2.48e-06  3.74e-11  1.43e-05  1.00e+00     2s
 118   4.99079361e+05  2.48e-06  3.29e-11  1.43e-05  1.00e+00     2s
 119   4.99079370e+05  2.48e-06  2.33e-11  1.43e-05  1.00e+00     2s
 120   4.99079377e+05  2.48e-06  3.37e-11  1.43e-05  1.00e+00     2s
 121   4.99079383e+05  2.48e-06  3.36e-11  1.43e-05  1.00e+00     2s
 122   4.99079388e+05  2.48e-06  3.49e-11  1.43e-05  1.00e+00     2s
 123   4.99079393e+05  2.48e-06  2.46e-11  1.43e-05  1.00e+00     2s
 124   4.99079397e+05  2.48e-06  3.37e-11  1.43e-05  1.00e+00     2s
 125   4.99079400e+05  2.48e-06  5.44e-11  1.43e-05  1.00e+00     2s
 126   4.99079403e+05  2.48e-06  3.37e-11  1.43e-05  1.00e+00     2s
 127   4.99079406e+05  2.48e-06  3.18e-11  1.43e-05  1.00e+00     2s
 128   4.99079409e+05  2.48e-06  3.93e-11  1.43e-05  1.00e+00     2s
 129   4.99079411e+05  2.48e-06  4.07e-11  1.43e-05  1.00e+00     2s
 130   4.99079413e+05  2.48e-06  3.43e-11  1.43e-05  1.00e+00     2s
 131   4.99079415e+05  2.48e-06  5.36e-11  1.43e-05  1.00e+00     2s
 132   4.99079416e+05  2.48e-06  2.98e-11  1.43e-05  1.00e+00     2s
 133   4.99079418e+05  2.48e-06  3.36e-11  1.43e-05  1.00e+00     2s
 134   4.99079419e+05  2.48e-06  3.29e-11  1.43e-05  1.00e+00     2s
 135   4.99079421e+05  2.48e-06  3.36e-11  1.43e-05  1.00e+00     2s
 136   4.99079422e+05  2.48e-06  4.07e-11  1.43e-05  1.00e+00     2s
 137   4.99079423e+05  2.48e-06  3.40e-11  1.43e-05  1.00e+00     2s
 138   4.99079424e+05  2.48e-06  6.28e-11  1.43e-05  1.00e+00     2s
 139   4.99079425e+05  2.48e-06  5.44e-11  1.43e-05  1.00e+00     2s
 140   4.99079426e+05  2.48e-06  6.28e-11  1.43e-05  1.00e+00     2s
 141   4.99079427e+05  2.48e-06  3.93e-11  1.43e-05  1.00e+00     2s
 142   4.99079428e+05  2.48e-06  2.98e-11  1.43e-05  1.00e+00     2s
 143   4.99079429e+05  2.48e-06  5.44e-11  1.43e-05  1.00e+00     2s
 144   4.99079429e+05  2.48e-06  6.28e-11  1.43e-05  1.00e+00     2s
 145   4.99079430e+05  2.48e-06  3.93e-11  1.43e-05  1.00e+00     2s
 146   4.99079431e+05  2.48e-06  5.44e-11  1.43e-05  1.00e+00     2s
 147   4.99079431e+05  2.48e-06  4.66e-11  1.43e-05  1.00e+00     2s
 148   4.99079432e+05  2.48e-06  6.98e-11  1.43e-05  1.00e+00     2s
 149   4.99079433e+05  2.48e-06  5.44e-11  1.43e-05  1.00e+00     2s
 150   4.99079433e+05  2.48e-06  3.74e-11  1.43e-05  1.00e+00     2s
 151   4.99079434e+05  2.48e-06  4.66e-11  1.43e-05  1.00e+00     2s
 152   4.99079434e+05  2.48e-06  3.43e-11  1.43e-05  1.00e+00     2s
 153   4.99079435e+05  2.48e-06  5.44e-11  1.43e-05  1.00e+00     2s
 154   4.99079435e+05  2.48e-06  5.44e-11  1.43e-05  1.00e+00     2s
 155   4.99079436e+05  2.48e-06  6.98e-11  1.43e-05  1.00e+00     2s
 156   4.99079436e+05  2.48e-06  4.66e-11  1.43e-05  1.00e+00     2s
 157   4.99079437e+05  2.48e-06  5.44e-11  1.43e-05  1.00e+00     2s
 158   4.99079437e+05  2.48e-06  3.43e-11  1.43e-05  1.00e+00     2s
 159   4.99079437e+05  2.48e-06  6.20e-11  1.43e-05  1.00e+00     2s
 160   4.99079438e+05  2.48e-06  9.00e-11  1.43e-05  1.00e+00     2s
 161   4.99079438e+05  2.48e-06  6.20e-11  1.43e-05  1.00e+00     2s
 162   4.99079438e+05  2.48e-06  1.05e-10  1.43e-05  1.00e+00     2s
 163   4.99079439e+05  2.48e-06  5.44e-11  1.43e-05  1.00e+00     2s
 164   4.99079439e+05  2.48e-06  5.36e-11  1.43e-05  1.00e+00     2s
 165   4.99079439e+05  2.48e-06  6.20e-11  1.43e-05  1.00e+00     2s
 166   4.99079440e+05  2.48e-06  5.44e-11  1.43e-05  1.00e+00     2s
 167   4.99079440e+05  2.48e-06  6.31e-11  1.43e-05  1.00e+00     2s
 168   4.99079440e+05  2.48e-06  5.44e-11  1.43e-05  1.00e+00     2s
 169   4.99079441e+05  2.48e-06  6.20e-11  1.43e-05  1.00e+00     2s
 170   4.99079441e+05  2.48e-06  5.44e-11  1.43e-05  1.00e+00     3s
 171   4.99079441e+05  2.48e-06  3.18e-11  1.43e-05  1.00e+00     3s
 172   4.99079442e+05  2.48e-06  6.98e-11  1.43e-05  1.00e+00     3s
 173   4.99079442e+05  2.48e-06  1.05e-10  1.43e-05  1.00e+00     3s
 174   4.99079442e+05  2.48e-06  3.32e-11  1.43e-05  1.00e+00     3s
 175   4.99079442e+05  2.48e-06  8.46e-11  1.43e-05  1.00e+00     3s
 176   4.99079443e+05  2.48e-06  3.19e-11  1.43e-05  1.00e+00     3s
 177   4.99079443e+05  2.48e-06  3.37e-11  1.43e-05  1.00e+00     3s
 178   4.99079443e+05  2.48e-06  6.20e-11  1.43e-05  1.00e+00     3s
 179   4.99079443e+05  2.48e-06  5.44e-11  1.43e-05  1.00e+00     3s
 180   4.99079443e+05  2.48e-06  4.13e-11  1.43e-05  1.00e+00     3s
 181   4.99079444e+05  2.48e-06  6.20e-11  1.43e-05  1.00e+00     3s
 182   4.99079444e+05  2.48e-06  6.28e-11  1.43e-05  1.00e+00     3s
 183   4.99079444e+05  2.48e-06  5.44e-11  1.43e-05  1.00e+00     3s
 184   4.99079444e+05  2.48e-06  6.34e-11  1.43e-05  1.00e+00     3s
 185   4.99079445e+05  2.48e-06  5.44e-11  1.43e-05  1.00e+00     3s
 186   4.99079445e+05  2.48e-06  3.37e-11  1.43e-05  1.00e+00     3s
 187   4.99079445e+05  2.48e-06  6.34e-11  1.43e-05  1.00e+00     3s
 188   4.99079445e+05  2.48e-06  5.36e-11  1.43e-05  1.00e+00     3s
 189   4.99079445e+05  2.48e-06  4.80e-11  1.43e-05  1.00e+00     3s
 190   4.99079446e+05  2.48e-06  4.66e-11  1.43e-05  1.00e+00     3s
 191   4.99079446e+05  2.48e-06  8.46e-11  1.43e-05  1.00e+00     3s
 192   4.99079446e+05  2.48e-06  9.00e-11  1.43e-05  1.00e+00     3s
 193   4.99079446e+05  2.48e-06  5.30e-11  1.43e-05  1.00e+00     3s
 194   4.99079446e+05  2.48e-06  3.36e-11  1.43e-05  1.00e+00     3s
 195   4.99079447e+05  2.48e-06  6.20e-11  1.43e-05  1.00e+00     3s
 196   4.99079447e+05  2.48e-06  5.30e-11  1.43e-05  1.00e+00     3s
 197   4.99079447e+05  2.48e-06  3.47e-11  1.43e-05  1.00e+00     3s
 198   4.99079447e+05  2.48e-06  5.44e-11  1.43e-05  1.00e+00     3s
 199   4.99079447e+05  2.48e-06  6.20e-11  1.43e-05  1.00e+00     3s
 200   4.99079448e+05  2.48e-06  3.28e-11  1.43e-05  1.00e+00     3s
 201   4.99079448e+05  2.48e-06  5.44e-11  1.43e-05  1.00e+00     3s
 202   4.99079448e+05  2.48e-06  5.44e-11  1.43e-05  1.00e+00     3s
 203   4.99079448e+05  2.48e-06  5.30e-11  1.43e-05  1.00e+00     3s
 204   4.99079448e+05  2.48e-06  6.98e-11  1.43e-05  1.00e+00     3s
 205   4.99079449e+05  2.48e-06  6.04e-11  1.43e-05  1.00e+00     3s
 206   4.99079449e+05  2.48e-06  6.98e-11  1.43e-05  1.00e+00     3s
 207   4.99079449e+05  2.48e-06  7.04e-11  1.43e-05  1.00e+00     3s
 208   4.99079449e+05  2.48e-06  6.04e-11  1.43e-05  1.00e+00     3s
 209   4.99079449e+05  2.48e-06  5.61e-11  1.43e-05  1.00e+00     3s
 210   4.99079450e+05  2.48e-06  6.98e-11  1.43e-05  1.00e+00     3s
 211   4.99079450e+05  2.48e-06  5.37e-11  1.43e-05  1.00e+00     3s
 212   4.99079450e+05  2.48e-06  9.56e-11  1.43e-05  1.00e+00     3s
 213   4.99079450e+05  2.48e-06  7.90e-11  1.43e-05  1.00e+00     3s
 214   4.99079451e+05  2.48e-06  6.27e-11  1.43e-05  1.00e+00     3s
 215   4.99079451e+05  2.48e-06  1.11e-10  1.43e-05  1.00e+00     3s
 216   4.99079451e+05  2.48e-06  6.98e-11  1.43e-05  1.00e+00     3s
 217   4.99079451e+05  2.48e-06  6.27e-11  1.43e-05  1.00e+00     3s
 218   4.99079452e+05  2.48e-06  6.98e-11  1.43e-05  1.00e+00     3s
 219   4.99079452e+05  2.48e-06  6.04e-11  1.43e-05  1.00e+00     3s
 220   4.99079452e+05  2.48e-06  8.28e-11  1.43e-05  1.00e+00     3s
 221   4.99079453e+05  2.48e-06  9.19e-11  1.43e-05  1.00e+00     3s
 222   4.99079453e+05  2.48e-06  8.27e-11  1.43e-05  1.00e+00     3s
 223   4.99079453e+05  2.48e-06  9.75e-11  1.43e-05  1.00e+00     3s
 224   4.99079454e+05  2.48e-06  8.27e-11  1.43e-05  1.00e+00     3s
 225   4.99079454e+05  2.48e-06  6.98e-11  1.43e-05  1.00e+00     3s
 226   4.99079455e+05  2.48e-06  9.22e-11  1.43e-05  1.00e+00     3s
 227   4.99079456e+05  2.48e-06  7.71e-11  1.43e-05  1.00e+00     3s
 228   4.99079456e+05  2.48e-06  6.20e-11  1.43e-05  1.00e+00     3s
 229   4.99079457e+05  2.48e-06  6.27e-11  1.43e-05  1.00e+00     3s
 230   4.99079458e+05  2.48e-06  7.71e-11  1.43e-05  1.00e+00     3s
 231   4.99079460e+05  2.48e-06  5.61e-11  1.43e-05  1.00e+00     3s
 232   4.99079462e+05  2.48e-06  8.46e-11  1.43e-05  1.00e+00     3s
 233   4.99079464e+05  2.48e-06  6.04e-11  1.43e-05  1.00e+00     3s
 234   4.99079467e+05  2.48e-06  4.66e-11  1.43e-05  1.00e+00     3s
 235   4.99079472e+05  2.48e-06  8.46e-11  1.43e-05  1.00e+00     3s
 236   4.99079481e+05  2.48e-06  9.00e-11  1.43e-05  1.00e+00     3s
 237   4.99079499e+05  2.48e-06  6.40e-11  1.43e-05  1.00e+00     4s
 238   4.99079556e+05  2.48e-06  5.20e-10  1.43e-05  1.00e+00     4s
 239   4.99080363e+05  2.47e-06  5.47e-03  1.43e-05  1.00e+00     4s
 240   4.99092768e+05  2.37e-06  3.16e-01  1.43e-05  2.50e-01     4s
 241   4.99105539e+05  3.05e-06  2.32e-01  1.43e-05  2.50e-01     4s
 242   4.99120437e+05  4.72e-06  3.80e-01  1.43e-05  2.50e-01     4s
 243   4.99137543e+05  6.80e-06  3.34e-01  1.43e-05  2.50e-01     4s
 244   4.99152663e+05  7.65e-06  3.86e-01  1.43e-05  2.50e-01     4s
 245   4.99167946e+05  8.35e-06  3.84e-01  1.43e-05  2.50e-01     4s
 246   4.99182282e+05  8.57e-06  3.65e-01  1.43e-05  2.50e-01     4s
 247   4.99208282e+05  1.19e-05  2.10e-01  1.43e-05  5.00e-01     4s
 248   4.99201368e+05  1.37e-04  2.10e-02  1.48e-05  1.00e+00     4s
 249   4.99239479e+05  4.41e-06  6.63e-05  1.44e-05  1.00e+00     4s
 250   4.99248411e+05  1.34e-06  2.21e-03  1.43e-05  1.00e+00     4s
 251   4.99246629e+05  7.43e-06  4.01e-05  1.43e-05  1.00e+00     4s
 252   4.99252833e+05  3.10e-06  2.71e-05  1.43e-05  1.00e+00     4s
 253   4.99259395e+05  1.94e-06  1.91e-05  1.43e-05  1.00e+00     4s
 254   4.99265197e+05  1.34e-06  1.36e-05  1.43e-05  1.00e+00     4s
 255   4.99270153e+05  9.56e-07  9.74e-06  1.43e-05  1.00e+00     4s
 256   4.99274358e+05  6.84e-07  6.97e-06  1.43e-05  1.00e+00     4s
 257   4.99277919e+05  4.89e-07  4.99e-06  1.43e-05  1.00e+00     4s
 258   4.99280933e+05  3.50e-07  3.57e-06  1.43e-05  1.00e+00     4s
 259   4.99283486e+05  2.51e-07  2.56e-06  1.43e-05  1.00e+00     4s
 260   4.99285646e+05  1.80e-07  1.83e-06  1.43e-05  1.00e+00     4s
 261   4.99287474e+05  1.61e-07  1.31e-06  1.43e-05  1.00e+00     4s
 262   4.99291290e+05  5.59e-07  2.61e-04  3.37e-07  9.93e-01     4s
 263   4.99293711e+05  1.05e-06  2.06e-06  1.65e-07  1.00e+00     4s
 264   4.99294701e+05  9.50e-06  8.09e-06  1.65e-07  1.00e+00     4s
 265   4.99297940e+05  2.91e-06  7.37e-07  1.65e-07  1.00e+00     4s
 266   4.99297676e+05  9.79e-07  8.96e-09  1.65e-07  1.00e+00     4s
 267   4.99294656e+05  2.22e-05  3.51e-06  1.65e-07  1.00e+00     4s
 268   4.99295922e+05  3.09e-06  6.36e-07  1.65e-07  1.00e+00     4s
 269   4.99293419e+05  2.41e-05  8.86e-06  1.65e-07  1.00e+00     4s
 270   4.99296558e+05  5.23e-06  4.63e-06  1.65e-07  1.00e+00     4s
 271   4.99295503e+05  3.07e-06  2.11e-07  1.65e-07  1.00e+00     4s
 272   4.99296007e+05  2.66e-06  6.17e-07  1.65e-07  1.00e+00     4s
 273   4.99295623e+05  4.39e-06  2.34e-07  1.65e-07  1.00e+00     4s
 274   4.99297519e+05  4.91e-06  8.33e-07  1.65e-07  1.00e+00     4s
 275   4.99298540e+05  6.41e-06  7.40e-07  1.65e-07  1.00e+00     4s
 276   4.99293757e+05  7.46e-06  5.84e-06  1.65e-07  1.00e+00     4s
 277   4.99295932e+05  1.85e-06  3.98e-07  1.65e-07  1.00e+00     4s
 278   4.99296785e+05  4.51e-06  2.74e-07  1.65e-07  1.00e+00     4s
 279   4.99302952e+05  2.59e-05  3.80e-06  1.65e-07  1.00e+00     4s
 280   4.99302105e+05  3.44e-06  2.04e-06  1.65e-07  1.00e+00     4s
 281   4.99299995e+05  2.73e-06  3.86e-07  1.65e-07  1.00e+00     4s
 282   4.99298544e+05  1.14e-06  5.28e-07  1.65e-07  1.00e+00     4s
 283   4.99301536e+05  9.61e-06  2.84e-06  1.65e-07  1.00e+00     4s
 284   4.99296399e+05  5.74e-06  7.28e-06  1.65e-07  1.00e+00     4s
 285   4.99298138e+05  8.66e-06  2.21e-07  1.65e-07  1.00e+00     4s
 286   4.99301366e+05  8.82e-06  2.19e-06  1.65e-07  1.00e+00     4s
 287   4.99295677e+05  9.30e-06  5.66e-06  1.65e-07  1.00e+00     4s
 288   4.99297967e+05  8.67e-06  1.90e-06  1.65e-07  1.00e+00     4s
 289   4.99298878e+05  5.15e-06  4.41e-07  1.65e-07  1.00e+00     4s
 290   4.99251403e+05  2.05e-04  5.90e-04  1.65e-07  1.00e+00     4s
 291   4.99273229e+05  7.10e-06  7.74e-05  1.65e-07  1.00e+00     4s
 292   4.99259608e+05  5.47e-05  2.60e-05  1.65e-07  1.00e+00     4s
 293   4.99276309e+05  3.21e-06  4.29e-05  1.65e-07  1.00e+00     4s
 294   4.99284219e+05  2.75e-06  2.11e-05  1.65e-07  1.00e+00     4s
 295   4.99288866e+05  1.48e-06  8.46e-06  1.65e-07  1.00e+00     4s
 296   4.99293074e+05  2.75e-06  6.03e-06  1.65e-07  1.00e+00     4s
 297   4.99296231e+05  1.16e-05  3.01e-06  1.65e-07  1.00e+00     4s
 298   4.99301503e+05  3.06e-05  9.41e-06  1.65e-07  1.00e+00     4s
 299   4.99301644e+05  3.99e-06  2.58e-08  1.65e-07  1.00e+00     4s
 300   4.99298297e+05  4.58e-06  1.94e-06  1.65e-07  1.00e+00     4s
 301   4.99299588e+05  1.62e-05  9.56e-07  1.65e-07  1.00e+00     4s
 302   4.99297426e+05  1.24e-06  2.47e-07  1.65e-07  1.00e+00     4s
 303   4.99297118e+05  3.17e-06  4.62e-08  1.65e-07  1.00e+00     4s
 304   4.99299705e+05  7.25e-06  7.09e-07  1.65e-07  1.00e+00     4s
 305   4.99297155e+05  1.23e-05  6.53e-07  1.65e-07  1.00e+00     4s
 306   4.99294925e+05  2.77e-05  1.29e-05  1.65e-07  1.00e+00     4s
 307   4.99294647e+05  4.18e-06  1.72e-06  1.65e-07  1.00e+00     4s
 308   4.99295322e+05  1.66e-06  6.17e-07  1.65e-07  1.00e+00     4s
 309   4.99296591e+05  2.37e-06  4.21e-07  1.65e-07  1.00e+00     4s
 310   4.99273672e+05  3.01e-05  8.07e-05  1.65e-07  1.00e+00     4s
 311   4.99285181e+05  8.38e-06  1.05e-05  1.65e-07  1.00e+00     4s
 312   4.99292067e+05  3.29e-06  1.45e-05  1.65e-07  1.00e+00     4s
 313   4.99294379e+05  2.30e-06  3.32e-06  1.65e-07  1.00e+00     4s
 314   4.99295961e+05  1.74e-06  1.11e-06  1.65e-07  1.00e+00     4s
 315   4.99298560e+05  6.88e-06  1.14e-06  1.65e-07  1.00e+00     4s
 316   4.99301139e+05  9.06e-06  1.16e-06  1.65e-07  1.00e+00     4s
 317   4.99297101e+05  8.05e-06  1.50e-06  1.65e-07  1.00e+00     4s
 318   4.99297174e+05  1.78e-06  1.81e-07  1.65e-07  1.00e+00     4s
 319   4.99296940e+05  3.28e-06  3.98e-09  1.65e-07  1.00e+00     4s
 320   4.99296800e+05  2.19e-06  4.16e-08  1.65e-07  1.00e+00     5s
 321   4.99302408e+05  2.45e-05  3.60e-06  1.65e-07  1.00e+00     5s
 322   4.99298061e+05  3.07e-06  1.72e-06  1.65e-07  1.00e+00     5s
 323   4.99052204e+05  1.26e-03  1.06e+00  1.65e-07  9.04e-01     5s
 324   4.99224057e+05  4.59e-04  5.05e-01  1.65e-07  1.00e+00     5s
 325   4.99227055e+05  3.62e-05  2.27e-04  1.65e-07  1.00e+00     5s
 326   4.99256762e+05  1.26e-05  1.49e-04  1.65e-07  1.00e+00     5s
 327   4.99270977e+05  6.97e-06  7.26e-05  1.65e-07  1.00e+00     5s
 328   4.99280221e+05  3.34e-06  3.44e-05  1.65e-07  1.00e+00     5s
 329   4.99289155e+05  2.50e-05  2.73e-05  1.65e-07  1.00e+00     5s
 330   4.99291538e+05  1.65e-06  3.68e-06  1.65e-07  1.00e+00     5s
 331   4.99291890e+05  5.90e-06  5.36e-08  1.65e-07  1.00e+00     5s
 332   4.99295520e+05  1.21e-05  1.02e-05  1.65e-07  1.00e+00     5s
 333   4.99297626e+05  2.33e-06  5.66e-07  1.65e-07  1.00e+00     5s
 334   4.99295516e+05  6.77e-06  1.05e-06  1.65e-07  1.00e+00     5s
 335   4.99295269e+05  2.79e-06  4.24e-08  1.65e-07  1.00e+00     5s
 336   4.99296106e+05  2.08e-06  7.03e-08  1.65e-07  1.00e+00     5s
 337   4.99262409e+05  1.32e-04  2.26e-04  1.65e-07  1.00e+00     5s
 338   4.99279697e+05  2.93e-06  2.68e-05  1.65e-07  1.00e+00     5s
 339   4.99287592e+05  2.68e-06  1.57e-05  1.65e-07  1.00e+00     5s
 340   4.99291143e+05  1.72e-06  7.06e-06  1.65e-07  1.00e+00     5s
 341   4.99298075e+05  2.74e-05  1.06e-05  1.65e-07  1.00e+00     5s
 342   4.99296454e+05  1.73e-06  1.59e-07  1.65e-07  1.00e+00     5s
 343   4.99299249e+05  3.29e-06  1.63e-06  1.65e-07  1.00e+00     5s
 344   4.99298185e+05  2.06e-06  1.36e-07  1.65e-07  1.00e+00     5s
 345   4.99299944e+05  3.75e-06  8.44e-07  1.65e-07  1.00e+00     5s
 346   4.99296887e+05  4.14e-06  1.45e-06  1.65e-07  1.00e+00     5s
 347   4.99299376e+05  6.51e-06  6.33e-07  1.65e-07  1.00e+00     5s
 348   4.99299335e+05  2.83e-06  2.38e-09  1.65e-07  1.00e+00     5s
 349   4.99298383e+05  2.28e-07  9.36e-08  1.65e-07  1.00e+00     5s
 350   4.99297925e+05  1.32e-06  2.12e-07  1.65e-07  1.00e+00     5s
 351   4.99298771e+05  1.95e-06  4.95e-07  1.65e-07  1.00e+00     5s
 352   4.99298957e+05  3.99e-06  9.96e-08  1.65e-07  1.00e+00     5s
 353   4.99299516e+05  4.92e-06  3.97e-08  1.65e-07  1.00e+00     5s
 354   4.99298567e+05  2.36e-06  3.72e-07  1.65e-07  1.00e+00     5s
 355   4.99298426e+05  1.59e-06  3.06e-08  1.65e-07  1.00e+00     5s
 356   4.99298357e+05  1.39e-06  3.27e-08  1.65e-07  1.00e+00     5s
 357   4.99295142e+05  1.34e-05  1.20e-06  1.65e-07  1.00e+00     5s
 358   4.99298267e+05  5.06e-06  1.64e-06  1.65e-07  1.00e+00     5s
 359   4.99297345e+05  3.48e-06  6.21e-08  1.65e-07  1.00e+00     5s
 360   4.99297963e+05  2.16e-06  6.75e-08  1.65e-07  1.00e+00     5s
 361   4.99297212e+05  6.75e-06  2.82e-07  1.65e-07  1.00e+00     5s
 362   4.99296938e+05  1.17e-06  6.52e-08  1.65e-07  1.00e+00     5s
 363   4.99298113e+05  6.00e-06  7.65e-08  1.65e-07  1.00e+00     5s
 364   4.99297342e+05  2.12e-07  2.27e-08  1.65e-07  1.00e+00     5s
 365   4.99267414e+05  7.78e-05  2.37e-04  1.65e-07  1.00e+00     5s
 366   4.99318271e+05  1.22e-04  1.59e+00  1.65e-07  1.84e-01     5s
 367   4.99366349e+05  1.16e-04  3.49e-01  1.65e-07  6.06e-01     5s
 368   4.99368965e+05  1.04e-05  5.42e-05  1.86e-07  1.00e+00     5s
 369   4.99342184e+05  7.91e-06  1.19e-04  1.65e-07  1.00e+00     5s
 370   4.99327964e+05  1.22e-05  1.28e-01  1.65e-07  1.00e+00     5s
 371   4.99324145e+05  6.58e-06  2.20e-05  1.65e-07  1.00e+00     5s
 372   4.99314003e+05  5.23e-06  3.68e-05  1.65e-07  1.00e+00     5s
 373   4.99309117e+05  4.43e-06  1.38e-05  1.65e-07  1.00e+00     5s
 374   4.99305844e+05  9.82e-06  2.52e-06  1.65e-07  1.00e+00     5s
 375   4.99304646e+05  5.23e-06  1.43e-06  1.65e-07  1.00e+00     5s
 376   4.99302960e+05  3.40e-06  9.67e-07  1.65e-07  1.00e+00     5s
 377   4.99300433e+05  4.81e-06  1.23e-06  1.65e-07  1.00e+00     5s
 378   4.99296518e+05  6.42e-06  5.30e-06  1.65e-07  1.00e+00     5s
 379   4.99297390e+05  2.47e-06  2.28e-08  1.65e-07  1.00e+00     5s
 380   4.99296888e+05  1.12e-06  1.73e-08  1.65e-07  1.00e+00     5s
 381   4.99298931e+05  5.88e-06  4.80e-07  1.65e-07  1.00e+00     5s
 382   4.99297879e+05  2.27e-06  1.76e-07  1.65e-07  1.00e+00     5s
 383   4.99306579e+05  1.85e-05  8.47e-02  1.65e-07  5.00e-01     5s
 384   4.99306530e+05  1.76e-06  3.67e-06  1.65e-07  1.00e+00     5s
 385   4.99303097e+05  4.71e-06  4.04e-06  1.65e-07  1.00e+00     5s
 386   4.99300585e+05  1.56e-06  2.10e-06  1.65e-07  1.00e+00     5s
 387   4.99299243e+05  7.49e-07  8.23e-07  1.65e-07  1.00e+00     5s
 388   4.99297909e+05  5.33e-06  1.88e-07  1.65e-07  1.00e+00     5s
 389   4.99299029e+05  1.61e-06  8.47e-08  1.65e-07  1.00e+00     5s
 390   4.99300026e+05  3.05e-06  1.08e-07  1.65e-07  1.00e+00     5s
 391   4.99298977e+05  3.99e-06  9.23e-08  1.65e-07  1.00e+00     5s
 392   4.99299162e+05  2.12e-06  4.52e-09  1.65e-07  1.00e+00     5s
 393   4.99297970e+05  2.70e-06  1.63e-07  1.65e-07  1.00e+00     5s
 394   4.99297997e+05  2.22e-07  5.10e-08  1.65e-07  1.00e+00     5s
 395   4.99297619e+05  2.21e-06  1.26e-08  1.65e-07  1.00e+00     5s
 396   4.99297333e+05  1.29e-05  7.70e-09  1.65e-07  1.00e+00     5s
 397   4.99297434e+05  1.82e-06  8.33e-09  1.65e-07  1.00e+00     5s
 398   4.99301027e+05  6.83e-06  3.08e-06  1.65e-07  1.00e+00     5s
 399   4.99299447e+05  2.41e-07  4.20e-07  1.65e-07  1.00e+00     5s
 400   4.99298878e+05  1.72e-06  1.42e-07  1.65e-07  1.00e+00     5s
 401   4.99298196e+05  4.05e-07  1.02e-07  1.65e-07  1.00e+00     5s
 402   4.99290674e+05  2.25e-05  6.45e-06  1.65e-07  1.00e+00     5s
 403   4.99293272e+05  4.02e-06  4.00e-07  1.65e-07  1.00e+00     5s
 404   4.99294951e+05  6.97e-06  2.48e-06  1.65e-07  1.00e+00     5s
 405   4.99298413e+05  4.06e-06  1.19e-06  1.65e-07  1.00e+00     5s
 406   4.99297975e+05  3.55e-07  7.63e-09  1.65e-07  1.00e+00     5s
 407   4.99298400e+05  2.71e-06  1.11e-08  1.65e-07  1.00e+00     6s
 408   4.99297843e+05  3.22e-07  2.80e-08  1.65e-07  1.00e+00     6s
 409   4.99298425e+05  3.07e-06  2.33e-08  1.65e-07  1.00e+00     6s
 410   4.99299168e+05  3.37e-06  5.53e-07  1.65e-07  1.00e+00     6s
 411   4.99298312e+05  1.45e-06  1.70e-07  1.65e-07  1.00e+00     6s
 412   4.99308206e+05  3.33e-05  9.67e-02  1.65e-07  5.00e-01     6s
 413   4.99308504e+05  3.59e-07  4.45e-06  1.65e-07  1.00e+00     6s
 414   4.99304383e+05  2.20e-06  5.46e-06  1.65e-07  1.00e+00     6s
 415   4.99302444e+05  2.00e-06  2.09e-06  1.65e-07  1.00e+00     6s
 416   4.99300726e+05  3.95e-06  7.38e-07  1.65e-07  1.00e+00     6s
 417   4.99299424e+05  4.39e-07  6.49e-07  1.65e-07  1.00e+00     6s
 418   4.99297253e+05  3.15e-06  1.88e-06  1.65e-07  1.00e+00     6s
 419   4.99298274e+05  4.98e-06  7.61e-08  1.65e-07  1.00e+00     6s
 420   4.99297392e+05  4.11e-06  8.14e-08  1.65e-07  1.00e+00     6s
 421   4.99297973e+05  6.59e-06  5.26e-08  1.65e-07  1.00e+00     6s
 422   4.99297505e+05  2.16e-07  1.22e-08  1.65e-07  1.00e+00     6s
 423   4.99297533e+05  3.51e-07  9.06e-09  1.65e-07  1.00e+00     6s
 424   4.99297471e+05  1.51e-06  8.23e-09  1.65e-07  1.00e+00     6s
 425   4.99296609e+05  5.21e-06  7.29e-08  1.65e-07  1.00e+00     6s
 426   4.99297173e+05  2.11e-07  2.15e-08  1.65e-07  1.00e+00     6s
 427   4.99305525e+05  9.44e-06  1.32e-05  1.65e-07  1.00e+00     6s
 428   4.99302534e+05  1.97e-06  6.61e-07  1.65e-07  1.00e+00     6s
 429   4.99300988e+05  3.03e-06  5.07e-07  1.65e-07  1.00e+00     6s
 430   4.99301303e+05  2.97e-06  1.76e-08  1.65e-07  1.00e+00     6s
 431   4.99299363e+05  3.65e-07  5.80e-07  1.65e-07  1.00e+00     6s
 432   4.99296515e+05  5.78e-06  2.20e-06  1.65e-07  1.00e+00     6s
 433   4.99297671e+05  5.19e-06  4.05e-08  1.65e-07  1.00e+00     6s
 434   4.99296690e+05  4.26e-06  1.33e-07  1.65e-07  1.00e+00     6s
 435   4.99297402e+05  5.94e-06  1.07e-07  1.65e-07  1.00e+00     6s
 436   4.99292176e+05  2.02e-05  9.75e-06  1.65e-07  1.00e+00     6s
 437   4.99294615e+05  7.37e-07  1.04e-06  1.65e-07  1.00e+00     6s
 438   4.99296839e+05  2.26e-06  7.77e-07  1.65e-07  1.00e+00     6s
 439   4.99292023e+05  1.75e-05  2.22e-06  1.65e-07  1.00e+00     6s
 440   4.99274010e+05  7.42e-05  3.43e-05  1.65e-07  1.00e+00     6s
 441   4.99325005e+05  8.06e-05  3.76e-04  1.65e-07  1.00e+00     6s
 442   4.99309609e+05  2.76e-06  1.91e-05  1.65e-07  1.00e+00     6s
 443   4.99298717e+05  7.55e-04  1.49e-04  1.65e-07  1.00e+00     6s
 444   4.99299674e+05  5.32e-05  2.35e-06  1.65e-07  1.00e+00     6s
 445   4.99292856e+05  1.47e-06  8.28e-06  1.65e-07  1.00e+00     6s
 446   4.99295515e+05  1.24e-05  3.48e-06  1.65e-07  1.00e+00     6s
 447   4.99292524e+05  1.45e-05  2.13e-06  1.65e-07  1.00e+00     6s
 448   4.99294493e+05  1.75e-07  1.15e-06  1.65e-07  1.00e+00     6s
 449   4.99295321e+05  1.49e-06  3.72e-07  1.65e-07  1.00e+00     6s
 450   4.99293020e+05  1.34e-05  1.06e-06  1.65e-07  1.00e+00     6s
 451   4.99295063e+05  1.94e-07  6.31e-07  1.65e-07  1.00e+00     6s
 452   4.99299338e+05  6.05e-06  4.15e-06  1.65e-07  1.00e+00     6s
 453   4.99299568e+05  5.42e-06  1.34e-07  1.65e-07  1.00e+00     6s
 454   4.99295495e+05  6.31e-06  2.72e-06  1.65e-07  1.00e+00     6s
 455   4.99296560e+05  6.38e-07  7.17e-08  1.65e-07  1.00e+00     6s
 456   4.99296334e+05  1.35e-06  4.98e-09  1.65e-07  1.00e+00     6s
 457   4.99297162e+05  4.16e-06  4.02e-07  1.65e-07  1.00e+00     6s
 458   4.99297357e+05  3.34e-07  7.21e-09  1.65e-07  1.00e+00     6s
 459   4.99297348e+05  2.56e-07  9.84e-10  1.65e-07  1.00e+00     6s
 460   4.99297103e+05  1.39e-06  1.43e-08  1.65e-07  1.00e+00     6s
 461   4.99294667e+05  7.40e-06  8.08e-07  1.65e-07  1.00e+00     6s
 462   4.99297976e+05  2.59e-06  1.14e-06  1.65e-07  1.00e+00     6s
 463   4.99298172e+05  3.90e-06  4.30e-08  1.65e-07  1.00e+00     6s
 464   4.99295055e+05  4.36e-05  1.65e-05  1.65e-07  1.00e+00     6s
 465   4.99296723e+05  8.26e-06  1.37e-05  1.65e-07  1.00e+00     6s
 466   4.99297064e+05  6.21e-07  4.55e-08  1.65e-07  1.00e+00     6s
 467   4.99297112e+05  3.75e-07  5.00e-09  1.65e-07  1.00e+00     6s
 468   4.99296347e+05  1.94e-06  1.16e-07  1.65e-07  1.00e+00     6s
 469   4.99294570e+05  7.63e-06  1.10e-06  1.65e-07  1.00e+00     6s
 470   4.99297133e+05  5.26e-06  1.50e-06  1.65e-07  1.00e+00     6s
 471   4.99277469e+05  3.44e-05  6.24e-05  1.65e-07  1.00e+00     6s
 472   4.99286876e+05  3.63e-06  7.62e-06  1.65e-07  1.00e+00     6s
 473   4.99293597e+05  3.89e-06  1.00e-05  1.65e-07  1.00e+00     6s
 474   4.99294524e+05  5.00e-07  1.15e-06  1.65e-07  1.00e+00     6s
 475   4.99300064e+05  3.21e-05  5.30e-06  1.65e-07  1.00e+00     6s
 476   4.99298188e+05  2.82e-06  1.29e-07  1.65e-07  1.00e+00     6s
 477   4.99297306e+05  6.37e-07  2.28e-07  1.65e-07  1.00e+00     6s
 478   4.99302566e+05  7.08e-06  4.80e-06  1.65e-07  1.00e+00     6s
 479   4.99301554e+05  2.74e-06  8.17e-08  1.65e-07  1.00e+00     6s
 480   4.99300194e+05  8.71e-06  1.99e-07  1.65e-07  1.00e+00     6s
 481   4.99299403e+05  5.26e-06  1.49e-07  1.65e-07  1.00e+00     6s
 482   4.99299674e+05  1.62e-05  3.53e-08  1.65e-07  1.00e+00     6s
 483   4.99302082e+05  8.11e-06  1.78e-06  1.65e-07  1.00e+00     6s
 484   4.99299974e+05  3.01e-06  8.52e-07  1.65e-07  1.00e+00     6s
 485   4.99298988e+05  2.51e-06  2.15e-07  1.65e-07  1.00e+00     6s
 486   4.99298349e+05  9.91e-07  3.04e-07  1.65e-07  1.00e+00     6s
 487   4.99298311e+05  4.65e-06  8.92e-09  1.65e-07  1.00e+00     6s
 488   4.99298209e+05  1.96e-06  2.91e-08  1.65e-07  1.00e+00     6s
 489   4.99295932e+05  2.60e-05  2.71e-06  1.65e-07  1.00e+00     6s
 490   4.99296954e+05  3.02e-06  4.46e-07  1.65e-07  1.00e+00     6s
 491   4.99297497e+05  3.26e-06  4.02e-07  1.65e-07  1.00e+00     6s
 492   4.99298371e+05  3.44e-06  1.00e-07  1.65e-07  1.00e+00     6s
 493   4.99297680e+05  4.57e-06  2.01e-07  1.65e-07  1.00e+00     7s
 494   4.99297583e+05  3.61e-06  1.00e-07  1.65e-07  1.00e+00     7s
 495   4.99261594e+05  3.14e-05  1.52e-04  1.65e-07  1.00e+00     7s
 496   4.99280723e+05  5.54e-06  3.01e-05  1.65e-07  1.00e+00     7s
 497   4.99288190e+05  3.03e-06  1.27e-05  1.65e-07  1.00e+00     7s
 498   4.99292597e+05  2.68e-06  6.24e-06  1.65e-07  1.00e+00     7s
 499   4.99294222e+05  8.46e-07  1.85e-06  1.65e-07  1.00e+00     7s
 500   4.99296158e+05  3.48e-06  1.27e-06  1.65e-07  1.00e+00     7s
 501   4.99296977e+05  2.22e-06  6.65e-07  1.65e-07  1.00e+00     7s
 502   4.99296716e+05  7.22e-06  8.34e-08  1.65e-07  1.00e+00     7s
 503   4.99298024e+05  4.19e-06  3.76e-07  1.65e-07  1.00e+00     7s
 504   4.99299808e+05  2.00e-06  4.89e-07  1.65e-07  1.00e+00     7s
 505   4.99297996e+05  5.76e-07  3.21e-07  1.65e-07  1.00e+00     7s
 506   4.99280777e+05  2.31e-05  3.75e-05  1.65e-07  1.00e+00     7s
 507   4.99289988e+05  1.97e-06  7.86e-06  1.65e-07  1.00e+00     7s
 508   4.99298526e+05  1.83e-05  1.66e-05  1.65e-07  1.00e+00     7s
 509   4.99297152e+05  2.78e-06  1.30e-07  1.65e-07  1.00e+00     7s
 510   4.99304095e+05  2.46e-05  1.86e-05  1.65e-07  1.00e+00     7s
 511   4.99301524e+05  1.34e-06  1.85e-06  1.65e-07  1.00e+00     7s
 512   4.99299885e+05  2.99e-06  9.79e-07  1.65e-07  1.00e+00     7s
 513   4.99280672e+05  7.10e-05  8.11e-05  1.65e-07  1.00e+00     7s
 514   4.99290099e+05  3.73e-06  7.14e-06  1.65e-07  1.00e+00     7s
 515   4.99290932e+05  3.12e-06  6.48e-07  1.65e-07  1.00e+00     7s
 516   4.99265880e+05  1.11e-04  1.91e-04  1.65e-07  1.00e+00     7s
 517   4.99279672e+05  3.23e-06  4.41e-05  1.65e-07  1.00e+00     7s
 518   4.99285709e+05  1.43e-06  1.41e-05  1.65e-07  1.00e+00     7s
 519   4.99289953e+05  6.88e-07  7.05e-06  1.65e-07  1.00e+00     7s
 520   4.99292163e+05  2.12e-06  2.08e-06  1.65e-07  1.00e+00     7s
 521   4.99294981e+05  4.02e-06  1.68e-06  1.65e-07  1.00e+00     7s
 522   4.99291306e+05  7.15e-06  1.18e-06  1.65e-07  1.00e+00     7s
 523   4.99294046e+05  1.61e-06  7.78e-07  1.65e-07  1.00e+00     7s
 524   4.99296904e+05  5.54e-06  2.35e-06  1.65e-07  1.00e+00     7s
 525   4.99287741e+05  1.38e-05  1.59e-05  1.65e-07  1.00e+00     7s
 526   4.99293105e+05  5.43e-06  5.60e-06  1.65e-07  1.00e+00     7s
 527   4.99293409e+05  4.43e-06  4.15e-08  1.65e-07  1.00e+00     7s
 528   4.99296753e+05  7.33e-06  3.24e-06  1.65e-07  1.00e+00     7s
 529   4.99296773e+05  4.24e-06  2.26e-09  1.65e-07  1.00e+00     7s
 530   4.99297042e+05  3.67e-06  1.53e-07  1.65e-07  1.00e+00     7s
 531   4.99297247e+05  9.10e-07  1.16e-08  1.65e-07  1.00e+00     7s
 532   4.99297054e+05  1.64e-06  1.73e-08  1.65e-07  1.00e+00     7s
 533   4.99298246e+05  3.66e-06  8.64e-07  1.65e-07  1.00e+00     7s
 534   4.99298679e+05  2.76e-06  4.16e-08  1.65e-07  1.00e+00     7s
 535   4.99298262e+05  2.58e-06  1.39e-08  1.65e-07  1.00e+00     7s
 536   4.99296729e+05  3.89e-06  4.51e-07  1.65e-07  1.00e+00     7s
 537   4.99298893e+05  5.08e-06  4.40e-07  1.65e-07  1.00e+00     7s
 538   4.99298256e+05  1.40e-06  1.03e-07  1.65e-07  1.00e+00     7s
 539   4.99298757e+05  1.22e-06  2.41e-08  1.65e-07  1.00e+00     7s
 540   4.99298349e+05  5.23e-06  2.19e-08  1.65e-07  1.00e+00     7s
 541   4.99296478e+05  4.21e-06  7.95e-07  1.65e-07  1.00e+00     7s
 542   4.99298606e+05  3.58e-06  1.12e-06  1.65e-07  1.00e+00     7s
 543   4.99301919e+05  1.54e-05  1.30e-06  1.65e-07  1.00e+00     7s
 544   4.99299241e+05  3.41e-07  7.14e-07  1.65e-07  1.00e+00     7s
 545   4.99298377e+05  1.92e-06  2.96e-07  1.65e-07  1.00e+00     7s
 546   4.99296859e+05  2.47e-06  4.80e-07  1.65e-07  1.00e+00     7s
 547   4.99293693e+05  4.38e-06  2.47e-06  1.65e-07  1.00e+00     7s
 548   4.99298316e+05  4.05e-06  3.48e-06  1.65e-07  1.00e+00     7s
 549   4.99297632e+05  9.99e-07  3.23e-08  1.65e-07  1.00e+00     7s
 550   4.99298484e+05  3.96e-06  2.08e-07  1.65e-07  1.00e+00     7s
 551   4.99286807e+05  2.81e-05  8.95e-06  1.65e-07  1.00e+00     7s
 552   4.99297408e+05  2.46e-06  7.07e-06  1.65e-07  1.00e+00     7s
 553   4.99306141e+05  2.62e-05  1.92e-05  1.65e-07  1.00e+00     7s
 554   4.99301666e+05  3.00e-06  3.25e-06  1.65e-07  1.00e+00     7s
 555   4.99301976e+05  6.20e-06  4.62e-09  1.65e-07  1.00e+00     7s
 556   4.99301597e+05  1.09e-05  4.22e-08  1.65e-07  1.00e+00     7s
 557   4.99294659e+05  2.36e-05  6.56e-06  1.65e-07  1.00e+00     7s
 558   4.99297722e+05  5.29e-06  8.17e-07  1.65e-07  1.00e+00     7s
 559   4.99297549e+05  1.09e-06  3.13e-08  1.65e-07  1.00e+00     7s
 560   4.99297440e+05  1.02e-06  1.08e-08  1.65e-07  1.00e+00     7s
 561   4.99300211e+05  4.21e-06  1.08e-06  1.65e-07  1.00e+00     7s
 562   4.99297913e+05  4.76e-06  4.94e-07  1.65e-07  1.00e+00     7s
 563   4.99297937e+05  5.58e-07  5.68e-08  1.65e-07  1.00e+00     7s
 564   4.99297835e+05  2.74e-06  3.28e-08  1.65e-07  1.00e+00     7s
 565   4.99293228e+05  1.53e-05  4.65e-06  1.65e-07  1.00e+00     7s
 566   4.99299974e+05  7.33e-05  3.58e-05  1.65e-07  1.00e+00     7s
 567   4.99296052e+05  7.74e-06  1.30e-05  1.65e-07  1.00e+00     7s
 568   4.99296662e+05  1.18e-06  2.02e-07  1.65e-07  1.00e+00     7s
 569   4.99299608e+05  3.91e-06  8.41e-07  1.65e-07  1.00e+00     7s
 570   4.99298653e+05  2.53e-06  5.12e-08  1.65e-07  1.00e+00     7s
 571   4.99298130e+05  5.29e-07  1.12e-07  1.65e-07  1.00e+00     7s
 572   4.99305657e+05  1.24e-05  6.76e-02  1.65e-07  5.00e-01     7s
 573   4.99297020e+05  2.52e-05  1.45e-05  1.65e-07  1.00e+00     7s
 574   4.99298184e+05  3.74e-06  5.43e-08  1.65e-07  1.00e+00     7s
 575   4.99292219e+05  6.85e-06  8.99e-06  1.65e-07  1.00e+00     7s
 576   4.99294780e+05  1.93e-06  5.32e-07  1.65e-07  1.00e+00     7s
 577   4.99303546e+05  2.60e-05  2.00e-05  1.65e-07  1.00e+00     7s
 578   4.99300533e+05  2.76e-06  6.09e-07  1.65e-07  1.00e+00     7s
 579   4.99299485e+05  2.41e-07  4.95e-07  1.65e-07  1.00e+00     7s
 580   4.99299174e+05  1.35e-06  7.65e-08  1.65e-07  1.00e+00     7s
 581   4.99297636e+05  1.30e-06  5.34e-07  1.65e-07  1.00e+00     8s
 582   4.99295923e+05  2.50e-05  1.26e-06  1.65e-07  1.00e+00     8s
 583   4.99296324e+05  9.16e-07  5.21e-08  1.65e-07  1.00e+00     8s
 584   4.99298812e+05  7.51e-06  7.33e-07  1.65e-07  1.00e+00     8s
 585   4.99297897e+05  1.51e-06  5.68e-08  1.65e-07  1.00e+00     8s
 586   4.99287566e+05  1.58e-05  2.71e-05  1.65e-07  1.00e+00     8s
 587   4.99293460e+05  6.05e-06  4.86e-06  1.65e-07  1.00e+00     8s
 588   4.99294305e+05  1.34e-06  9.35e-07  1.65e-07  1.00e+00     8s
 589   4.99292430e+05  1.07e-05  3.38e-07  1.65e-07  1.00e+00     8s
 590   4.99295120e+05  1.76e-06  7.68e-07  1.65e-07  1.00e+00     8s
 591   4.99292272e+05  2.02e-05  1.16e-06  1.65e-07  1.00e+00     8s
 592   4.99298726e+05  5.40e-06  6.34e-06  1.65e-07  1.00e+00     8s
 593   4.99299022e+05  4.78e-06  2.60e-07  1.65e-07  1.00e+00     8s
 594   4.99299473e+05  5.75e-06  7.13e-07  1.65e-07  1.00e+00     8s
 595   4.99298700e+05  1.81e-06  1.99e-07  1.65e-07  1.00e+00     8s
 596   4.99297986e+05  5.22e-07  1.18e-07  1.65e-07  1.00e+00     8s
 597   4.99299104e+05  3.49e-06  2.31e-07  1.65e-07  1.00e+00     8s
 598   4.99298135e+05  2.23e-06  2.02e-07  1.65e-07  1.00e+00     8s
 599   4.99300717e+05  7.19e-06  1.73e-06  1.65e-07  1.00e+00     8s
 600   4.99298630e+05  2.28e-06  7.84e-07  1.65e-07  1.00e+00     8s
 601   4.99298508e+05  2.93e-06  5.20e-09  1.65e-07  1.00e+00     8s
 602   4.99298111e+05  2.25e-07  8.55e-08  1.65e-07  1.00e+00     8s
 603   4.99299338e+05  2.39e-06  1.46e-07  1.65e-07  1.00e+00     8s
 604   4.99299554e+05  4.20e-06  2.84e-07  1.65e-07  1.00e+00     8s
 605   4.99296416e+05  3.63e-06  1.90e-06  1.65e-07  1.00e+00     8s
 606   4.99297245e+05  2.27e-06  4.07e-08  1.65e-07  1.00e+00     8s
 607   4.99297409e+05  4.74e-06  6.37e-09  1.65e-07  1.00e+00     8s
 608   4.99275199e+05  2.82e-05  8.14e-05  1.65e-07  1.00e+00     8s
 609   4.99297207e+05  4.00e-05  4.94e-05  1.65e-07  1.00e+00     8s
 610   4.99296395e+05  3.36e-06  2.26e-06  1.65e-07  1.00e+00     8s
 611   4.99296697e+05  4.42e-07  1.04e-07  1.65e-07  1.00e+00     8s
 612   4.99297519e+05  7.05e-06  1.80e-07  1.65e-07  1.00e+00     8s
 613   4.99297330e+05  3.08e-06  9.12e-09  1.65e-07  1.00e+00     8s
 614   4.99297127e+05  4.35e-07  1.31e-08  1.65e-07  1.00e+00     8s
 615   4.99297787e+05  2.89e-06  8.55e-08  1.65e-07  1.00e+00     8s
 616   4.99300131e+05  7.94e-06  8.28e-07  1.65e-07  1.00e+00     8s
 617   4.99298795e+05  6.25e-06  1.15e-07  1.65e-07  1.00e+00     8s
 618   4.99296654e+05  4.95e-06  1.08e-06  1.65e-07  1.00e+00     8s
 619   4.99298027e+05  2.60e-06  1.85e-07  1.65e-07  1.00e+00     8s
 620   4.99297501e+05  4.10e-06  1.81e-08  1.65e-07  1.00e+00     8s
 621   4.99295482e+05  5.60e-06  6.25e-07  1.65e-07  1.00e+00     8s
 622   4.99297432e+05  2.02e-06  3.04e-07  1.65e-07  1.00e+00     8s
 623   4.99296335e+05  3.92e-06  1.10e-07  1.65e-07  1.00e+00     8s
 624   4.99296476e+05  1.68e-06  3.81e-08  1.65e-07  1.00e+00     8s
 625   4.99296783e+05  1.26e-06  1.71e-07  1.65e-07  1.00e+00     8s
 626   4.99302873e+05  7.84e-06  8.09e-06  1.65e-07  1.00e+00     8s
 627   4.99300179e+05  2.71e-07  7.67e-07  1.65e-07  1.00e+00     8s
 628   4.99299716e+05  2.53e-06  1.38e-07  1.65e-07  1.00e+00     8s
 629   4.99298471e+05  1.07e-05  6.90e-07  1.65e-07  1.00e+00     8s
 630   4.99301536e+05  1.18e-05  5.46e-06  1.65e-07  1.00e+00     8s
 631   4.99301029e+05  4.80e-06  6.65e-07  1.65e-07  1.00e+00     8s
 632   4.99299504e+05  9.87e-07  5.40e-07  1.65e-07  1.00e+00     8s
 633   4.99297672e+05  2.89e-06  9.20e-07  1.65e-07  1.00e+00     8s
 634   4.99297931e+05  2.51e-06  2.30e-08  1.65e-07  1.00e+00     8s
 635   4.99297639e+05  2.17e-07  5.68e-09  1.65e-07  1.00e+00     8s
 636   4.99279290e+05  3.46e-05  6.20e-05  1.65e-07  1.00e+00     8s
 637   4.99289070e+05  4.56e-07  8.63e-06  1.65e-07  1.00e+00     8s
 638   4.99292230e+05  3.18e-07  3.40e-06  1.65e-07  1.00e+00     8s
 639   4.99292530e+05  7.23e-06  2.12e-07  1.65e-07  1.00e+00     8s
 640   4.99295111e+05  2.40e-06  1.62e-06  1.65e-07  1.00e+00     8s
 641   4.99295884e+05  2.07e-07  3.16e-07  1.65e-07  1.00e+00     8s
 642   4.99296113e+05  6.21e-07  6.07e-08  1.65e-07  1.00e+00     8s
 643   4.99295618e+05  9.44e-06  1.95e-08  1.65e-07  1.00e+00     8s
 644   4.99297105e+05  3.22e-06  2.38e-07  1.65e-07  1.00e+00     8s
 645   4.99295359e+05  1.02e-05  8.92e-07  1.65e-07  1.00e+00     8s
 646   4.99296170e+05  4.14e-06  5.70e-07  1.65e-07  1.00e+00     8s
 647   4.99042079e+05  6.90e-04  6.97e-01  1.64e-07  2.94e-01     8s
 648   4.99178509e+05  5.43e-05  2.39e-03  7.41e-07  1.00e+00     8s
 649   4.99206019e+05  4.17e-05  9.99e-02  1.65e-07  1.00e+00     8s
 650   4.99234522e+05  3.33e-05  4.40e-04  1.65e-07  1.00e+00     8s
 651   4.99266336e+05  6.17e-05  6.05e-04  1.65e-07  1.00e+00     8s
 652   4.99281243e+05  4.09e-06  2.92e-05  1.65e-07  1.00e+00     8s
 653   4.99287035e+05  1.28e-06  1.04e-05  1.65e-07  1.00e+00     8s
 654   4.99290750e+05  9.74e-06  7.56e-06  1.65e-07  1.00e+00     8s
 655   4.99294328e+05  1.33e-06  2.18e-06  1.65e-07  1.00e+00     8s
 656   4.99295657e+05  3.31e-06  1.32e-06  1.65e-07  1.00e+00     8s
 657   4.99298418e+05  6.81e-06  1.25e-06  1.65e-07  1.00e+00     8s
 658   4.99296438e+05  3.23e-06  3.60e-07  1.65e-07  1.00e+00     8s
 659   4.99298074e+05  3.26e-06  2.85e-07  1.65e-07  1.00e+00     8s
 660   4.99297682e+05  8.22e-07  1.14e-08  1.65e-07  1.00e+00     8s
 661   4.99294082e+05  5.92e-06  1.58e-06  1.65e-07  1.00e+00     8s
 662   4.99297469e+05  8.67e-06  2.07e-06  1.65e-07  1.00e+00     8s
 663   4.99297739e+05  1.22e-05  2.98e-07  1.65e-07  1.00e+00     8s
 664   4.99298119e+05  5.68e-07  1.76e-07  1.65e-07  1.00e+00     8s
 665   4.99298391e+05  4.10e-06  1.16e-08  1.65e-07  1.00e+00     8s
 666   4.99296067e+05  1.73e-05  4.81e-07  1.65e-07  1.00e+00     8s
 667   4.99298508e+05  2.34e-06  4.76e-07  1.65e-07  1.00e+00     8s
 668   4.99297366e+05  1.26e-06  1.26e-07  1.65e-07  1.00e+00     9s
 669   4.99297279e+05  2.72e-06  8.00e-09  1.65e-07  1.00e+00     9s
 670   4.99298260e+05  4.16e-06  8.26e-08  1.65e-07  1.00e+00     9s
 671   4.99297462e+05  8.14e-07  4.67e-08  1.65e-07  1.00e+00     9s
 672   4.99297364e+05  1.08e-06  1.52e-08  1.65e-07  1.00e+00     9s
 673   4.99299124e+05  6.56e-06  5.45e-07  1.65e-07  1.00e+00     9s
 674   4.99293274e+05  1.56e-05  5.29e-06  1.65e-07  1.00e+00     9s
 675   4.99300987e+05  8.07e-06  8.52e-06  1.65e-07  1.00e+00     9s
 676   4.99298685e+05  2.23e-06  3.80e-07  1.65e-07  1.00e+00     9s
 677   4.99297962e+05  1.08e-06  1.20e-07  1.65e-07  1.00e+00     9s
 678   4.99299452e+05  4.07e-06  3.23e-07  1.65e-07  1.00e+00     9s
 679   4.99294569e+05  9.93e-06  5.41e-06  1.65e-07  1.00e+00     9s
 680   4.99277186e+05  6.12e-05  4.24e-05  1.65e-07  1.00e+00     9s
 681   4.99286615e+05  3.42e-06  7.25e-06  1.65e-07  1.00e+00     9s
 682   4.99291866e+05  4.41e-06  9.08e-06  1.65e-07  1.00e+00     9s
 683   4.99297761e+05  6.92e-06  8.98e-06  1.65e-07  1.00e+00     9s
 684   4.99298209e+05  4.29e-06  7.97e-07  1.65e-07  1.00e+00     9s
 685   4.99298308e+05  7.95e-06  1.11e-07  1.65e-07  1.00e+00     9s
 686   4.99301150e+05  7.50e-06  1.35e-06  1.65e-07  1.00e+00     9s
 687   4.99295964e+05  5.36e-06  4.11e-06  1.65e-07  1.00e+00     9s
 688   4.99300302e+05  9.51e-06  2.01e-06  1.65e-07  1.00e+00     9s
 689   4.99294602e+05  1.46e-05  4.33e-06  1.65e-07  1.00e+00     9s
 690   4.99296618e+05  7.69e-07  3.55e-07  1.65e-07  1.00e+00     9s
 691   4.99295607e+05  3.68e-06  9.12e-08  1.65e-07  1.00e+00     9s
 692   4.99294408e+05  5.59e-06  5.07e-07  1.65e-07  1.00e+00     9s
 693   4.99296341e+05  1.42e-06  4.19e-07  1.65e-07  1.00e+00     9s
 694   4.99293986e+05  6.87e-06  5.31e-07  1.65e-07  1.00e+00     9s
 695   4.99296456e+05  3.82e-06  8.38e-07  1.65e-07  1.00e+00     9s
 696   4.99296706e+05  8.15e-07  1.78e-08  1.65e-07  1.00e+00     9s
 697   4.99302771e+05  1.59e-05  1.33e-05  1.65e-07  1.00e+00     9s
 698   4.99301134e+05  5.33e-07  1.11e-06  1.65e-07  1.00e+00     9s
 699   4.99302067e+05  4.22e-06  6.70e-08  1.65e-07  1.00e+00     9s
 700   4.99301450e+05  2.34e-06  1.66e-07  1.65e-07  1.00e+00     9s
 701   4.99299850e+05  9.83e-06  2.77e-07  1.65e-07  1.00e+00     9s
 702   4.99304118e+05  1.09e-05  1.75e-06  1.65e-07  1.00e+00     9s
 703   4.99299535e+05  4.45e-06  1.98e-06  1.65e-07  1.00e+00     9s
 704   4.99297402e+05  2.81e-06  1.02e-06  1.65e-07  1.00e+00     9s
 705   4.99297946e+05  6.66e-07  4.17e-08  1.65e-07  1.00e+00     9s
 706   4.99294755e+05  4.52e-06  1.27e-06  1.65e-07  1.00e+00     9s
 707   4.99297619e+05  6.29e-06  8.33e-07  1.65e-07  1.00e+00     9s
 708   4.99297902e+05  2.10e-06  1.04e-07  1.65e-07  1.00e+00     9s
 709   4.99297649e+05  1.60e-06  1.88e-08  1.65e-07  1.00e+00     9s
 710   4.99298571e+05  8.48e-06  5.66e-07  1.65e-07  1.00e+00     9s
 711   4.99297035e+05  6.75e-06  6.05e-07  1.65e-07  1.00e+00     9s
 712   4.99290335e+05  4.44e-05  5.33e-06  1.65e-07  1.00e+00     9s
 713   4.99294523e+05  4.55e-06  1.54e-06  1.65e-07  1.00e+00     9s
 714   4.99295883e+05  2.44e-06  1.72e-07  1.65e-07  1.00e+00     9s
 715   4.99295889e+05  6.88e-06  4.15e-08  1.65e-07  1.00e+00     9s
 716   4.99296014e+05  2.00e-06  2.25e-08  1.65e-07  1.00e+00     9s
 717   4.99296638e+05  1.59e-06  1.22e-07  1.65e-07  1.00e+00     9s
 718   4.99296802e+05  9.61e-07  1.26e-08  1.65e-07  1.00e+00     9s
 719   4.99297983e+05  2.34e-06  3.54e-07  1.65e-07  1.00e+00     9s
 720   4.99290768e+05  4.66e-05  6.07e-05  1.65e-07  1.00e+00     9s
 721   4.99303387e+05  3.08e-06  1.61e-05  1.65e-07  1.00e+00     9s
 722   4.99301313e+05  1.64e-06  3.22e-06  1.65e-07  1.00e+00     9s
 723   4.99307527e+05  1.35e-05  7.93e-06  1.65e-07  1.00e+00     9s
 724   4.99302758e+05  3.17e-07  2.96e-06  1.65e-07  1.00e+00     9s
 725   4.99300195e+05  2.88e-06  1.86e-06  1.65e-07  1.00e+00     9s
 726   4.99299505e+05  1.64e-06  2.77e-07  1.65e-07  1.00e+00     9s
 727   4.99298801e+05  3.33e-07  2.64e-07  1.65e-07  1.00e+00     9s
 728   4.99300046e+05  1.30e-05  5.92e-06  1.65e-07  1.00e+00     9s
 729   4.99296538e+05  3.17e-07  7.61e-07  1.65e-07  1.00e+00     9s
 730   4.99297083e+05  2.10e-06  2.99e-07  1.65e-07  1.00e+00     9s
 731   4.99296723e+05  3.21e-06  1.85e-07  1.65e-07  1.00e+00     9s
 732   4.99297285e+05  2.47e-06  4.94e-08  1.65e-07  1.00e+00     9s
 733   4.99295971e+05  2.98e-06  1.74e-07  1.65e-07  1.00e+00     9s
 734   4.99297344e+05  3.73e-06  8.48e-07  1.65e-07  1.00e+00     9s
 735   4.99302363e+05  5.98e-06  4.17e-06  1.65e-07  1.00e+00     9s
 736   4.99299806e+05  3.24e-07  6.59e-07  1.65e-07  1.00e+00     9s
 737   4.99299306e+05  2.25e-06  1.75e-07  1.65e-07  1.00e+00     9s
 738   4.99298716e+05  1.97e-06  2.02e-07  1.65e-07  1.00e+00     9s
 739   4.99298562e+05  2.70e-06  2.58e-08  1.65e-07  1.00e+00     9s
 740   4.99299314e+05  6.47e-06  3.58e-08  1.65e-07  1.00e+00     9s
 741   4.99296294e+05  2.81e-05  1.20e-06  1.65e-07  1.00e+00     9s
 742   4.99297244e+05  1.79e-06  7.64e-08  1.65e-07  1.00e+00     9s
 743   4.99297538e+05  2.85e-06  7.03e-09  1.65e-07  1.00e+00     9s
 744   4.99296800e+05  1.25e-05  1.13e-07  1.65e-07  1.00e+00     9s
 745   4.99297435e+05  3.73e-06  9.43e-08  1.65e-07  1.00e+00     9s
 746   4.99298389e+05  1.86e-06  1.14e-07  1.65e-07  1.00e+00     9s
 747   4.99292362e+05  6.58e-06  7.02e-06  1.65e-07  1.00e+00     9s
 748   4.99298334e+05  6.12e-06  4.24e-06  1.65e-07  1.00e+00     9s
 749   4.99298050e+05  4.78e-06  2.64e-07  1.65e-07  1.00e+00     9s
 750   4.99297649e+05  1.97e-06  2.24e-08  1.65e-07  1.00e+00     9s
 751   4.99296337e+05  7.58e-06  1.45e-07  1.65e-07  1.00e+00     9s
 752   4.99298039e+05  3.87e-06  1.36e-07  1.65e-07  1.00e+00     9s
 753   4.99296519e+05  2.49e-06  2.78e-07  1.65e-07  1.00e+00     9s
 754   4.99296524e+05  3.02e-06  5.01e-08  1.65e-07  1.00e+00    10s
 755   4.99297239e+05  2.73e-06  2.48e-08  1.65e-07  1.00e+00    10s
 756   4.99296909e+05  2.58e-06  9.22e-09  1.65e-07  1.00e+00    10s
 757   4.99298267e+05  1.71e-06  4.63e-07  1.65e-07  1.00e+00    10s
 758   4.99296880e+05  5.37e-06  2.92e-07  1.65e-07  1.00e+00    10s
 759   4.99294600e+05  8.03e-06  1.45e-06  1.65e-07  1.00e+00    10s
 760   4.99296019e+05  3.35e-06  2.62e-07  1.65e-07  1.00e+00    10s
 761   4.99298048e+05  6.49e-06  4.97e-07  1.65e-07  1.00e+00    10s
 762   4.99297182e+05  1.41e-06  4.49e-08  1.65e-07  1.00e+00    10s
 763   4.99298269e+05  5.03e-06  2.31e-07  1.65e-07  1.00e+00    10s
 764   4.99298044e+05  6.66e-06  6.63e-09  1.65e-07  1.00e+00    10s
 765   4.99298034e+05  8.13e-06  7.12e-07  1.65e-07  1.00e+00    10s
 766   4.99298455e+05  3.31e-06  4.27e-08  1.65e-07  1.00e+00    10s
 767   4.99297325e+05  6.91e-06  8.65e-07  1.65e-07  1.00e+00    10s
 768   4.99297310e+05  1.05e-06  2.59e-09  1.65e-07  1.00e+00    10s
 769   4.99297686e+05  3.66e-06  1.26e-08  1.65e-07  1.00e+00    10s
 770   4.99297130e+05  1.11e-06  3.24e-08  1.65e-07  1.00e+00    10s
 771   4.99301840e+05  1.05e-05  2.59e-06  1.65e-07  1.00e+00    10s
 772   4.99299513e+05  1.34e-06  5.07e-07  1.65e-07  1.00e+00    10s
 773   4.99299158e+05  5.67e-06  3.14e-08  1.65e-07  1.00e+00    10s
 774   4.99292686e+05  2.79e-05  1.34e-05  1.65e-07  1.00e+00    10s
 775   4.99294857e+05  9.46e-06  3.76e-07  1.65e-07  1.00e+00    10s
 776   4.99294456e+05  7.44e-06  1.54e-07  1.65e-07  1.00e+00    10s
 777   4.99096584e+05  5.50e-04  6.13e-03  1.65e-07  1.00e+00    10s
 778   4.99201397e+05  3.52e-05  9.08e-04  1.65e-07  1.00e+00    10s
 779   4.99246365e+05  5.54e-05  6.21e-04  1.65e-07  1.00e+00    10s
 780   4.99261474e+05  1.42e-05  1.36e-04  1.65e-07  1.00e+00    10s
 781   4.99275317e+05  7.05e-06  7.25e-05  1.65e-07  1.00e+00    10s
 782   4.99285214e+05  2.69e-05  1.38e+00  1.65e-07  6.25e-02    10s
 783   4.99293961e+05  2.36e-05  7.64e-01  1.65e-07  1.25e-01    10s
 784   4.99314972e+05  2.46e-05  2.75e-01  1.65e-07  5.00e-01    10s
 785   4.99322742e+05  3.88e-06  4.80e-05  1.65e-07  1.00e+00    10s
 786   4.99312820e+05  3.34e-06  3.28e-05  1.65e-07  1.00e+00    10s
 787   4.99307240e+05  1.19e-06  1.23e-05  1.65e-07  1.00e+00    10s
 788   4.99306887e+05  8.27e-06  1.09e-06  1.65e-07  1.00e+00    10s
 789   4.99273682e+05  1.01e-04  3.11e-04  1.65e-07  1.00e+00    10s
 790   4.99307820e+05  3.41e-05  1.69e-04  1.65e-07  1.00e+00    10s
 791   4.99310501e+05  2.04e-05  2.35e-05  1.65e-07  1.00e+00    10s
 792   4.99303678e+05  6.01e-06  4.38e-06  1.65e-07  1.00e+00    10s
 793   4.99301124e+05  2.27e-06  1.46e-06  1.65e-07  1.00e+00    10s
 794   4.99299827e+05  3.42e-07  8.37e-07  1.65e-07  1.00e+00    10s
 795   4.99291748e+05  1.43e-05  1.42e-05  1.65e-07  1.00e+00    10s
 796   4.99294815e+05  3.55e-06  1.03e-06  1.65e-07  1.00e+00    10s
 797   4.99297428e+05  7.72e-06  5.58e-07  1.65e-07  1.00e+00    10s
 798   4.99297233e+05  2.33e-06  4.04e-07  1.65e-07  1.00e+00    10s
 799   4.99296835e+05  2.99e-06  2.41e-07  1.65e-07  1.00e+00    10s
 800   4.99296900e+05  2.64e-07  8.10e-08  1.65e-07  1.00e+00    10s
 801   4.99300915e+05  1.44e-05  2.73e-01  1.65e-07  1.25e-01    10s
 802   4.99311669e+05  5.52e-06  4.75e-05  1.65e-07  1.00e+00    10s
 803   4.99306915e+05  9.90e-07  9.97e-06  1.65e-07  1.00e+00    10s
 804   4.99303362e+05  2.33e-06  4.53e-06  1.65e-07  1.00e+00    10s
 805   4.99312709e+05  3.71e-05  5.67e-01  1.65e-07  1.25e-01    10s
 806   4.99328805e+05  1.49e-05  1.05e-04  1.65e-07  1.00e+00    10s
 807   4.99316474e+05  3.64e-05  5.69e-05  1.65e-07  1.00e+00    10s
 808   4.99307465e+05  3.71e-06  2.47e-05  1.65e-07  1.00e+00    10s
 809   4.99303951e+05  4.99e-06  2.49e-06  1.65e-07  1.00e+00    10s
 810   4.99302141e+05  1.77e-06  2.61e-06  1.65e-07  1.00e+00    10s
 811   4.99300337e+05  4.05e-07  1.09e-06  1.65e-07  1.00e+00    10s
 812   4.99300101e+05  2.95e-06  1.51e-07  1.65e-07  1.00e+00    10s
 813   4.99305895e+05  2.21e-05  3.69e-06  1.65e-07  1.00e+00    10s
 814   4.99300542e+05  4.41e-06  2.67e-06  1.65e-07  1.00e+00    10s
 815   4.99299049e+05  1.21e-06  8.16e-07  1.65e-07  1.00e+00    10s
 816   4.99298409e+05  2.88e-06  6.36e-08  1.65e-07  1.00e+00    10s
 817   4.99298021e+05  2.08e-06  2.57e-07  1.65e-07  1.00e+00    10s
 818   4.99297989e+05  2.22e-06  5.39e-09  1.65e-07  1.00e+00    10s
 819   4.99298772e+05  2.58e-06  1.04e-07  1.65e-07  1.00e+00    10s
 820   4.99299567e+05  3.61e-06  1.54e-07  1.65e-07  1.00e+00    10s
 821   4.99298559e+05  1.64e-06  1.73e-07  1.65e-07  1.00e+00    10s
 822   4.99298132e+05  4.06e-06  4.79e-08  1.65e-07  1.00e+00    10s
 823   4.99297670e+05  2.99e-06  4.28e-07  1.65e-07  1.00e+00    10s
 824   4.99297070e+05  3.24e-06  3.88e-08  1.65e-07  1.00e+00    10s
 825   4.99305861e+05  1.91e-05  1.11e-05  1.65e-07  1.00e+00    10s
 826   4.99303365e+05  9.16e-06  3.25e-07  1.65e-07  1.00e+00    10s
 827   4.99312630e+05  2.96e-05  9.76e-06  1.65e-07  1.00e+00    10s
 828   4.99304791e+05  2.62e-06  5.82e-06  1.65e-07  1.00e+00    10s
 829   4.99301916e+05  2.73e-07  2.23e-06  1.65e-07  1.00e+00    10s
 830   4.99300144e+05  2.41e-06  1.11e-06  1.65e-07  1.00e+00    10s
 831   4.99298880e+05  1.58e-06  5.62e-07  1.65e-07  1.00e+00    10s
 832   4.99298717e+05  1.33e-06  1.19e-08  1.65e-07  1.00e+00    10s
 833   4.99299293e+05  1.89e-06  3.62e-08  1.65e-07  1.00e+00    10s
 834   4.99298625e+05  5.70e-07  1.53e-07  1.65e-07  1.00e+00    10s
 835   4.99298066e+05  4.07e-07  8.00e-08  1.65e-07  1.00e+00    10s
 836   4.99298157e+05  2.28e-06  8.28e-10  1.65e-07  1.00e+00    10s
 837   4.99297864e+05  7.86e-07  3.04e-08  1.65e-07  1.00e+00    10s
 838   4.99302549e+05  1.12e-05  7.00e-06  1.65e-07  1.00e+00    10s
 839   4.99300923e+05  3.98e-06  4.43e-07  1.65e-07  1.00e+00    10s
 840   4.99299383e+05  5.96e-07  8.24e-07  1.65e-07  1.00e+00    10s
 841   4.99296764e+05  3.55e-06  2.01e-06  1.65e-07  1.00e+00    11s
 842   4.99297969e+05  1.77e-06  5.95e-08  1.65e-07  1.00e+00    11s
 843   4.99297354e+05  3.88e-06  4.41e-08  1.65e-07  1.00e+00    11s
 844   4.99297744e+05  3.02e-06  5.70e-08  1.65e-07  1.00e+00    11s
 845   4.99297776e+05  4.77e-06  1.46e-08  1.65e-07  1.00e+00    11s
 846   4.99297606e+05  4.54e-07  5.27e-09  1.65e-07  1.00e+00    11s
 847   4.99297491e+05  7.21e-07  7.76e-09  1.65e-07  1.00e+00    11s
 848   4.99297562e+05  2.17e-06  2.22e-09  1.65e-07  1.00e+00    11s
 849   4.99305757e+05  1.98e-05  7.76e-02  1.65e-07  5.00e-01    11s
 850   4.99305352e+05  4.07e-06  3.05e-06  1.65e-07  1.00e+00    11s
 851   4.99302288e+05  2.72e-06  3.85e-06  1.65e-07  1.00e+00    11s
 852   4.99300914e+05  1.97e-06  1.20e-06  1.65e-07  1.00e+00    11s
 853   4.99299482e+05  1.35e-06  4.87e-07  1.65e-07  1.00e+00    11s
 854   4.99299039e+05  1.63e-06  1.03e-07  1.65e-07  1.00e+00    11s
 855   4.99298298e+05  1.56e-05  6.26e-08  1.65e-07  1.00e+00    11s
 856   4.99299180e+05  2.40e-06  9.36e-08  1.65e-07  1.00e+00    11s
 857   4.99298042e+05  2.36e-06  1.10e-07  1.65e-07  1.00e+00    11s
 858   4.99292329e+05  3.37e-05  1.93e-06  1.65e-07  1.00e+00    11s
 859   4.99297344e+05  2.12e-06  1.47e-06  1.65e-07  1.00e+00    11s
 860   4.99297612e+05  5.98e-07  4.49e-09  1.65e-07  1.00e+00    11s
 861   4.99299037e+05  5.67e-06  3.35e-07  1.65e-07  1.00e+00    11s
 862   4.99299169e+05  1.75e-06  3.29e-09  1.65e-07  1.00e+00    11s
 863   4.99297874e+05  2.45e-06  1.55e-07  1.65e-07  1.00e+00    11s
 864   4.99298379e+05  1.91e-06  1.79e-08  1.65e-07  1.00e+00    11s
 865   4.99296409e+05  2.38e-06  4.05e-07  1.65e-07  1.00e+00    11s
 866   4.99302151e+05  2.09e-05  6.08e-06  1.65e-07  1.00e+00    11s
 867   4.99299576e+05  2.97e-06  8.04e-07  1.65e-07  1.00e+00    11s
 868   4.99293044e+05  7.71e-06  7.22e-06  1.65e-07  1.00e+00    11s
 869   4.99297858e+05  2.49e-06  2.10e-06  1.65e-07  1.00e+00    11s
 870   4.99295324e+05  2.18e-06  6.02e-07  1.65e-07  1.00e+00    11s
 871   4.99297146e+05  3.30e-06  2.56e-07  1.65e-07  1.00e+00    11s
 872   4.99296341e+05  1.10e-06  3.02e-08  1.65e-07  1.00e+00    11s
 873   4.99298701e+05  1.64e-05  5.08e-06  1.65e-07  1.00e+00    11s
 874   4.99299845e+05  4.63e-06  1.44e-07  1.65e-07  1.00e+00    11s
 875   4.99299596e+05  3.79e-06  1.14e-08  1.65e-07  1.00e+00    11s
 876   4.99297490e+05  1.92e-06  1.26e-06  1.65e-07  1.00e+00    11s
 877   4.99297722e+05  1.56e-06  1.37e-08  1.65e-07  1.00e+00    11s
 878   4.99297917e+05  3.53e-06  5.84e-09  1.65e-07  1.00e+00    11s
 879   4.99298991e+05  1.33e-05  2.22e-07  1.65e-07  1.00e+00    11s
 880   4.99298069e+05  6.22e-06  8.82e-07  1.65e-07  1.00e+00    11s
 881   4.99298513e+05  6.87e-06  7.00e-07  1.65e-07  1.00e+00    11s
 882   4.99299812e+05  6.35e-06  1.54e-07  1.65e-07  1.00e+00    11s
 883   4.99298160e+05  2.07e-06  3.08e-07  1.65e-07  1.00e+00    11s
 884   4.99297747e+05  3.54e-06  2.93e-08  1.65e-07  1.00e+00    11s
 885   4.99298167e+05  2.06e-06  5.63e-08  1.65e-07  1.00e+00    11s
 886   4.99298027e+05  7.56e-06  3.62e-07  1.65e-07  1.00e+00    11s
 887   4.99278832e+05  1.26e-05  5.63e-05  1.65e-07  1.00e+00    11s
 888   4.99290887e+05  8.23e-06  1.59e-05  1.65e-07  1.00e+00    11s
 889   4.99293593e+05  3.19e-06  2.96e-06  1.65e-07  1.00e+00    11s
 890   4.99298516e+05  9.25e-06  2.96e-06  1.65e-07  1.00e+00    11s
 891   4.99298590e+05  1.74e-06  5.14e-07  1.65e-07  1.00e+00    11s
 892   4.99297933e+05  6.91e-07  5.42e-08  1.65e-07  1.00e+00    11s
 893   4.99297852e+05  2.16e-06  4.39e-09  1.65e-07  1.00e+00    11s
 894   4.99297812e+05  2.32e-07  8.81e-09  1.65e-07  1.00e+00    11s
 895   4.99294566e+05  8.85e-06  1.64e-06  1.65e-07  1.00e+00    11s
 896   4.99299979e+05  2.91e-05  1.20e-01  1.65e-07  5.00e-01    11s
 897   4.99306079e+05  4.39e-06  7.12e-06  1.65e-07  1.00e+00    11s
 898   4.99304371e+05  4.48e-06  4.92e-06  1.65e-07  1.00e+00    11s
 899   4.99302685e+05  8.69e-06  1.16e-06  1.65e-07  1.00e+00    11s
 900   4.99300646e+05  1.39e-06  1.51e-06  1.65e-07  1.00e+00    11s
 901   4.99301018e+05  3.49e-05  1.23e-05  1.65e-07  1.00e+00    11s
 902   4.99296709e+05  1.05e-06  1.19e-06  1.65e-07  1.00e+00    11s
 903   4.99296908e+05  2.27e-07  5.74e-08  1.65e-07  1.00e+00    11s
 904   4.99299288e+05  7.86e-06  1.54e-06  1.65e-07  1.00e+00    11s
 905   4.99300431e+05  5.65e-06  3.14e-07  1.65e-07  1.00e+00    11s
 906   4.99297196e+05  4.62e-06  1.39e-06  1.65e-07  1.00e+00    11s
 907   4.99298460e+05  4.46e-06  1.49e-07  1.65e-07  1.00e+00    11s
 908   4.99299308e+05  8.36e-06  2.25e-07  1.65e-07  1.00e+00    11s
 909   4.99300602e+05  4.04e-06  1.30e-07  1.65e-07  1.00e+00    11s
 910   4.99297844e+05  3.82e-06  9.60e-07  1.65e-07  1.00e+00    11s
 911   4.99302459e+05  1.08e-05  2.19e-06  1.65e-07  1.00e+00    11s
 912   4.99299000e+05  1.44e-06  1.09e-06  1.65e-07  1.00e+00    11s
 913   4.99302879e+05  8.49e-06  2.38e-06  1.65e-07  1.00e+00    11s
 914   4.99300564e+05  2.88e-06  7.34e-07  1.65e-07  1.00e+00    11s
 915   4.99297997e+05  2.00e-05  2.49e-06  1.65e-07  1.00e+00    11s
 916   4.99296480e+05  2.15e-06  2.71e-07  1.65e-07  1.00e+00    11s
 917   4.99296865e+05  1.85e-06  1.72e-08  1.65e-07  1.00e+00    11s
 918   4.99297510e+05  4.89e-06  1.11e-07  1.65e-07  1.00e+00    11s
 919   4.99296642e+05  1.43e-06  1.24e-07  1.65e-07  1.00e+00    11s
 920   4.99297940e+05  9.73e-07  2.02e-07  1.65e-07  1.00e+00    11s
 921   4.99293364e+05  2.09e-05  8.18e-06  1.65e-07  1.00e+00    11s
 922   4.99296574e+05  4.29e-06  4.94e-06  1.65e-07  1.00e+00    11s
 923   4.99297544e+05  3.19e-06  1.87e-07  1.65e-07  1.00e+00    11s
 924   4.99297145e+05  8.32e-07  1.07e-08  1.65e-07  1.00e+00    11s
 925   4.99299173e+05  7.51e-06  1.77e-07  1.65e-07  1.00e+00    11s
 926   4.99297000e+05  1.48e-05  2.43e-07  1.65e-07  1.00e+00    11s
 927   4.99296286e+05  3.96e-06  5.09e-07  1.65e-07  1.00e+00    11s
 928   4.99292533e+05  2.97e-05  2.26e-06  1.65e-07  1.00e+00    11s
 929   4.99295611e+05  2.24e-05  1.16e-06  1.65e-07  1.00e+00    12s
 930   4.99292934e+05  7.54e-06  1.10e-06  1.65e-07  1.00e+00    12s
 931   4.99296127e+05  2.63e-06  1.43e-06  1.65e-07  1.00e+00    12s
 932   4.99311343e+05  4.89e-05  1.39e-01  1.65e-07  5.00e-01    12s
 933   4.99309282e+05  7.00e-06  7.25e-06  1.65e-07  1.00e+00    12s
 934   4.99302962e+05  2.79e-05  4.53e-05  1.65e-07  1.00e+00    12s
 935   4.99297047e+05  9.58e-06  2.68e-06  1.65e-07  1.00e+00    12s
 936   4.99297393e+05  2.12e-06  2.05e-08  1.65e-07  1.00e+00    12s
 937   4.99297291e+05  4.36e-06  7.39e-08  1.65e-07  1.00e+00    12s
 938   4.99298961e+05  1.00e-05  8.73e-07  1.65e-07  1.00e+00    12s
 939   4.99298460e+05  1.45e-06  5.99e-08  1.65e-07  1.00e+00    12s
 940   4.99297772e+05  1.49e-06  1.45e-07  1.65e-07  1.00e+00    12s
 941   4.99297377e+05  5.89e-06  2.80e-07  1.65e-07  1.00e+00    12s
 942   4.99296754e+05  2.32e-06  4.30e-08  1.65e-07  1.00e+00    12s
 943   4.99296973e+05  4.93e-06  1.12e-08  1.65e-07  1.00e+00    12s
 944   4.99288107e+05  1.18e-05  2.37e-05  1.65e-07  1.00e+00    12s
 945   4.99293822e+05  3.12e-06  6.73e-06  1.65e-07  1.00e+00    12s
 946   4.99294437e+05  1.75e-06  6.08e-07  1.65e-07  1.00e+00    12s
 947   4.99304435e+05  3.33e-05  3.24e-01  1.65e-07  2.50e-01    12s
 948   4.99320708e+05  1.19e-05  6.37e-05  1.65e-07  1.00e+00    12s
 949   4.99311745e+05  2.15e-06  2.35e-05  1.65e-07  1.00e+00    12s
 950   4.99307167e+05  2.30e-06  8.44e-06  1.65e-07  1.00e+00    12s
 951   4.99300897e+05  3.23e-06  1.04e-05  1.65e-07  1.00e+00    12s
 952   4.99297280e+05  3.13e-05  5.70e-06  1.65e-07  1.00e+00    12s
 953   4.99299323e+05  3.01e-06  2.89e-07  1.65e-07  1.00e+00    12s
 954   4.99300418e+05  8.29e-06  6.10e-07  1.65e-07  1.00e+00    12s
 955   4.99298899e+05  1.65e-06  6.06e-07  1.65e-07  1.00e+00    12s
 956   4.99299906e+05  7.13e-06  8.02e-07  1.65e-07  1.00e+00    12s
 957   4.99298652e+05  1.72e-06  7.61e-07  1.65e-07  1.00e+00    12s
 958   4.99289699e+05  1.44e-05  1.42e-05  1.65e-07  1.00e+00    12s
 959   4.99294481e+05  1.89e-06  1.69e-06  1.65e-07  1.00e+00    12s
 960   4.99296118e+05  3.75e-06  2.11e-06  1.65e-07  1.00e+00    12s
 961   4.99296621e+05  6.24e-07  5.18e-08  1.65e-07  1.00e+00    12s
 962   4.99297322e+05  1.67e-06  3.34e-08  1.65e-07  1.00e+00    12s
 963   4.99294689e+05  7.81e-06  7.17e-07  1.65e-07  1.00e+00    12s
 964   4.99296268e+05  1.49e-06  2.09e-07  1.65e-07  1.00e+00    12s
 965   4.99296503e+05  1.91e-06  2.31e-08  1.65e-07  1.00e+00    12s
 966   4.99297588e+05  3.88e-06  2.52e-07  1.65e-07  1.00e+00    12s
 967   4.99297725e+05  2.31e-06  4.04e-08  1.65e-07  1.00e+00    12s
 968   4.99288912e+05  1.91e-05  1.67e-05  1.65e-07  1.00e+00    12s
 969   4.99294271e+05  3.38e-06  3.41e-06  1.65e-07  1.00e+00    12s
 970   4.99295914e+05  5.15e-06  1.62e-06  1.65e-07  1.00e+00    12s
 971   4.99295715e+05  2.79e-06  1.37e-08  1.65e-07  1.00e+00    12s
 972   4.99298579e+05  5.99e-06  1.11e-06  1.65e-07  1.00e+00    12s
 973   4.99298139e+05  3.77e-06  1.29e-08  1.65e-07  1.00e+00    12s
 974   4.99299457e+05  4.29e-06  3.73e-07  1.65e-07  1.00e+00    12s
 975   4.99300099e+05  5.83e-06  4.49e-07  1.65e-07  1.00e+00    12s
 976   4.99300726e+05  1.14e-05  3.31e-08  1.65e-07  1.00e+00    12s
 977   4.99301360e+05  5.29e-06  8.01e-08  1.65e-07  1.00e+00    12s
 978   4.99300558e+05  5.33e-06  4.76e-08  1.65e-07  1.00e+00    12s
 979   4.99293243e+05  8.19e-06  8.04e-06  1.65e-07  1.00e+00    12s
 980   4.99295250e+05  1.90e-06  2.19e-07  1.65e-07  1.00e+00    12s
 981   4.99296281e+05  2.86e-06  1.20e-07  1.65e-07  1.00e+00    12s
 982   4.99283010e+05  3.16e-05  3.22e-05  1.65e-07  1.00e+00    12s
 983   4.99290318e+05  6.24e-06  4.83e-06  1.65e-07  1.00e+00    12s
 984   4.99295846e+05  2.07e-05  1.06e-05  1.65e-07  1.00e+00    12s
 985   4.99296465e+05  1.78e-06  6.49e-07  1.65e-07  1.00e+00    12s
 986   4.99294172e+05  4.66e-06  6.15e-07  1.65e-07  1.00e+00    12s
 987   4.99296558e+05  1.60e-06  5.15e-07  1.65e-07  1.00e+00    12s
 988   4.99296694e+05  2.04e-07  1.02e-07  1.65e-07  1.00e+00    12s
 989   4.99296792e+05  1.45e-06  2.49e-08  1.65e-07  1.00e+00    12s
 990   4.99294346e+05  5.68e-06  9.12e-07  1.65e-07  1.00e+00    12s
 991   4.99295026e+05  1.49e-05  4.63e-08  1.65e-07  1.00e+00    12s
 992   4.99298103e+05  1.74e-05  1.58e-06  1.65e-07  1.00e+00    12s
 993   4.99297388e+05  8.48e-07  2.83e-08  1.65e-07  1.00e+00    12s
 994   4.99297358e+05  4.19e-06  5.36e-09  1.65e-07  1.00e+00    12s
 995   4.99297804e+05  8.67e-07  2.01e-08  1.65e-07  1.00e+00    12s
 996   4.99299422e+05  8.36e-06  7.80e-07  1.65e-07  1.00e+00    12s
 997   4.99298617e+05  7.60e-06  3.84e-08  1.65e-07  1.00e+00    12s
 998   4.99298359e+05  2.27e-07  1.24e-07  1.65e-07  1.00e+00    12s
 999   4.99298017e+05  7.99e-07  5.24e-08  1.65e-07  1.00e+00    12s
1000   4.99295194e+05  3.40e-06  1.35e-06  1.65e-07  1.00e+00    12s

NL barrier performed 1000 iterations in 12.33 seconds (18.68 work units)
Iteration limit reached

User-callback calls 6592, time in user-callback 0.02 sec
