iteration,objective,primal,dual,complementarity
0,504111.1853306247,10.01000000000063,100.0,5329.2189799005655
1,505407.00628619053,2.24988019864254,49.36072124312008,1315.1472207485501
2,505645.76460960915,0.4130828496151935,21.802190822232717,167.130955373557
3,504071.5725108219,1.4610869530963555,21.040756166700806,25.384341070533747
4,501653.97477153165,3.5144454780590877,55.45136073323877,6.468576279497221
5,500357.2528809555,3.2531030434539616,71.01387977694465,1.8817376096906075
6,497914.7814785671,3.9146028404896924,37.21523274200489,1.594667855101554
7,497321.9956126525,2.7161629657264257,5.197254784134025,1.0415201070116833
8,497425.6653438622,0.32452719369861427,0.402163054072193,1.0006941338859496
9,497407.1668535026,0.012023301187440438,0.021701281093389202,0.9999986938191977
10,497406.664605108,0.010237163268016047,0.010850412464744386,0.9999993514622368
11,495770.1594168933,1.867789302738288,10.264033067170844,0.48878661383847655
12,495415.8728703734,1.4262792386341516,35.87382424155622,0.1750732273702426
13,494735.48569414514,2.74478961373984,3.4709390773546787,0.1510485825199514
14,494316.5787106043,1.5841762519767144,0.5071555773924459,0.15000060622522499
15,494332.2489890641,0.09125326421691682,0.044249224227865425,0.1499983684308587
16,494335.4275085655,0.020953048522010503,0.01539444335297846,0.1499994381629574
17,494337.46638800815,0.010557255572762244,0.0075929184096714675,0.14999974839380148
18,494064.5609338897,0.756098803195755,2.477499830671637,0.0505830556033611
19,493591.0949635718,9.130710262934144,1.9806600986378073,0.029963139432694526
20,493131.63087042887,12.196260392457361,0.8894352612808967,0.023168035464358836
21,492851.156824987,6.829200563053746,0.264141594266879,0.02249820371164259
22,492865.98351592635,0.07696621295463046,0.017575050515210563,0.022499656446301433
23,492866.36250612594,0.047886708133262346,0.009788618450289381,0.022499821557900396
24,492867.234452391,0.030692329869566493,0.005564922768554248,0.022499877731880943
25,492868.00350462977,0.01944274156727488,0.002951417507721807,0.022499917854748162
26,492868.6272266068,0.010978909206784238,0.0013435131632494463,0.022499949729068974
27,492869.10984869255,0.008933043422757692,0.0006132783650841622,0.02249997205778231
28,492869.46905370726,0.006439877066611643,0.00031967112661176154,0.02249998518987355
29,492869.731808109,0.004253615044575554,0.00017354690165584385,0.022499992130486906
30,492869.9234802616,0.0026462227218075896,0.00010728303139024425,0.022499995734811207
31,492870.06366636005,0.001582351957850392,6.525565838640113e-5,0.02249999765089824
32,492711.81273932697,2.0199154082399673,0.4725452259052545,0.012604767876246377
33,492547.1400031462,6.4256284865896305,0.3996463427507692,0.007704177181035089
34,492474.07497566676,6.591281964099835,0.9273984738648762,0.00479227991137136
35,492408.73444332357,5.91487959909864,0.6615458758072317,0.003723094574840977
36,492367.6965034659,0.9333578043822399,0.023125960530066117,0.0033926524250683047
37,492349.9275313095,0.4000539073589948,0.006243921177788655,0.003370772766492966
38,492341.4185320803,0.2975078880602382,0.004898388253918852,0.0033721526817993863
39,492337.692236835,0.5755686608274786,0.0016191879212143784,0.0033738288163198123
40,492335.7023838845,0.20324663798675857,0.005469302918270677,0.0033742025627711814
41,492335.85292727605,0.04808301391089742,0.00021303337650094636,0.003374973271561234
42,492335.855528679,0.0009484214332076135,4.957514957827126e-6,0.003374999438712269
43,492335.8566874211,2.126787441644849e-6,4.225321744104728e-7,0.003374999994178707
44,492316.36856929125,0.28734952704759564,0.38818437921656357,0.0018514578160745841
45,492293.66875686706,0.23210268270145207,0.14563463535094678,0.0006445974373940742
46,492281.3924904121,0.4094350778329954,0.5030188771353503,0.00037447602547425844
47,492268.7432241133,0.2802509601646648,0.04201975526822167,0.0003494646160702355
48,492264.53708343394,0.5742523145314067,0.056403543461378824,0.0003474708097389464
49,492264.39941994345,0.5682772112563157,0.15932880749174427,0.00034749238630338856
50,492261.8864979756,0.642720732541008,0.07074654115390082,0.00034702194685242604
51,492260.32572613686,0.19997435993590784,0.000502921598348598,0.0003462382517528337
52,492258.63480454753,0.5067338308769322,0.06342987497491694,0.0003463731555704984
53,492257.63790368836,0.6852126268953498,0.3753361851024297,0.00034774760028963726
54,492257.5736238414,1.659035366583801,0.37376107878911674,0.0003476887269406079
55,492255.93553113716,1.0324330657364413,0.16643744604852292,0.00034698502042685163
56,492255.1944451708,0.15936502489745408,0.0001799410761379786,0.0003463836521506542
57,492253.95746094943,0.7510599855676503,0.05132925418564976,0.00034597060714546186
58,492253.8914139894,0.7255649608544914,1.1035449216672313,0.00034747769596219484
59,492252.38315131806,1.4384926915742113,0.3230623503730688,0.0003466309618312835
60,492251.67527713435,1.3243762397477212,0.5141327199658327,0.00034652946626608996
61,492251.42349304684,3.439864099195546,0.0008035395109340878,0.00034630454828782874
62,492251.4687792262,0.1321457613642849,5.844836574273493e-5,0.00034640422979438174
63,492251.46930158406,0.005446395261799353,8.79194169999052e-7,0.00034640428101826175
64,492251.4694346855,1.2235525588266682e-6,1.660175352117925e-9,0.00034640431088947456
65,492248.1461894893,2.9357993935985505,0.06861899762514434,0.00022837457074069434
66,492247.38130170904,3.213167415728925,0.05391715580820517,0.00018155552752573367
67,492246.217475185,2.214200771264767,0.10648616185240457,8.95728196615385e-5
68,492245.25319282594,1.3093305774714636,0.11993553890714817,4.452276166319136e-5
69,492244.7721861238,0.779221274704607,0.1640417979383864,1.636808867824212e-5
70,492244.4502463337,0.37183321358552407,0.07720852379851295,1.5251517868500028e-5
71,492244.2067923605,0.06299287007446859,0.015127777849986309,1.4463210596868659e-5
72,492244.1944123063,0.02013425267499258,1.8545664451379764e-5,1.4302828713242624e-5
73,492244.1949756522,0.0004199567708269569,1.7769836132514746e-6,1.430265724370356e-5
74,492244.19491409085,4.395258827116777e-6,1.833962618823175e-8,1.4302653051442218e-5
75,492244.1949054268,4.354205884737894e-10,1.110445715431517e-11,1.4302653032918932e-5
76,492244.08831267676,0.011321070183690551,0.00038715886928835747,7.137134656463028e-6
77,492244.0201690239,0.024496577221519544,0.00016611172881373165,2.4349163332363498e-6
78,492243.9982401716,0.013654717216354584,0.005439409624588466,2.746780317692436e-7
79,492243.9889552201,0.002631156296587278,6.120925868214208e-7,1.6508916407951388e-7
80,492243.98904991656,5.179968304247495e-5,7.458158934387305e-8,1.6504029420495255e-7
81,492243.98906628176,9.722700937686568e-7,1.8457361333116807e-9,1.6503778143900262e-7
82,492243.98906622233,3.488480615487788e-10,7.2330180008657554e-12,1.6503773117371852e-7
83,492243.9869827908,5.897816073741069e-5,5.1644998949050557e-5,5.677797784865851e-9
84,492243.9867513958,2.3511271010079327e-6,2.7056565886576097e-8,1.0005189687179329e-9
85,492243.98675400764,2.017522504615954e-7,2.2485751580284635e-9,1.0000394300701132e-9
86,492243.9867540228,1.9986785559922282e-9,2.2295957131876968e-11,1.0000003918977423e-9
87,492243.9867540224,2.5011104298755527e-12,6.096660547579524e-12,1.0000000021322535e-9
