
Gurobi 13.0.3 (win64) logging started Mon Sep 21 04:22:17 2026

Set parameter LogFile to value "<workspace>\tmp\r9-flow-probe-vf-vt-local-cost-v1\solver-local.log"

Gurobi 13.0.3 (win64) logging started Mon Sep 21 04:22:17 2026

Set parameter LogFile to value "<workspace>\tmp\r9-flow-probe-vf-vt-local-cost-v1\solver-local.log"
Set parameter TimeLimit to value 9.1864653699973132e+01
Gurobi Optimizer version 13.0.3 build v13.0.3rc0 (win64 - Windows 11+.0 (26200.2))

CPU model: 12th Gen Intel(R) Core(TM) i7-12700, instruction set [SSE2|AVX|AVX2]
Thread count: 12 physical cores, 20 logical processors, using up to 1 threads

Non-default parameters:
TimeLimit  9.1864653699973132e+01
FeasibilityTol  1e-09
OptimalityTol  1e-09
NLBarPFeasTol  1e-09
NLBarDFeasTol  1e-09
OptimalityTarget  1
LogToConsole  0
NonConvex  2
Threads  1

Optimize a model with 11727 rows, 23352 columns and 31263 nonzeros (Min)
Model fingerprint: 0x819fc096
Model has 120 linear objective coefficients
Model has 7056 quadratic constraints
Model has 1776 general nonlinear constraints (3552 nonlinear terms)
Variable types: 23352 continuous, 0 integer (0 binary)
Coefficient statistics:
  Matrix range     [1e-05, 1e+00]
  QMatrix range    [5e-02, 2e+02]
  QLMatrix range   [2e-01, 1e+00]
  Objective range  [4e-05, 1e-03]
  Bounds range     [1e-03, 5e+03]
  RHS range        [5e-03, 4e+02]
  QRHS range       [1e+00, 6e+01]
  NLCon coe range  [8e-04, 3e+02]

Presolve removed 9642 rows and 12034 columns
Presolve time: 0.07s
Presolved: 2085 rows, 11318 columns, 7166 nonzeros
Presolved model has 4593 quadratic constraint(s)
Presolved model has 1776 nonlinear constraint(s)

Solving NLP to local optimality

Loaded warm-start solution
Ordering time: 0.01s

NL barrier statistics:
  Hessian NZ  : 1.469e+04
  Jacobian NZ : 3.081e+04
  Factor NZ   : 3.720e+05
  Factor Ops  : 1.687e+07
  Threads     : 1

                           Residuals
Iter     Objective      Primal     Dual      Compl     Step     Time
   0   4.76264804e-01  1.00e+00  4.85e-02  1.05e+02  0.00e+00     0s
   1   4.76403450e-01  8.76e-01  9.06e-02  6.69e+01  1.24e-01     0s
   2   4.82231031e-01  2.75e-01  5.54e+00  5.00e+01  6.86e-01     0s
   3   4.94300017e-01  1.62e-02  4.17e+02  2.79e+01  9.41e-01     0s
   4   5.03284847e-01  4.68e-02  2.43e+02  2.18e+01  1.00e+00     0s
   5   5.06811449e-01  3.04e-02  3.13e+02  1.32e+01  1.00e+00     0s
   6   5.06991617e-01  1.43e-02  1.37e+02  4.76e+00  1.00e+00     0s
   7   5.06983163e-01  6.42e-02  8.69e+00  1.00e+00  1.00e+00     0s
   8   5.06813082e-01  1.44e+00  2.09e+00  1.00e+00  1.00e+00     0s
   9   5.06729188e-01  3.08e-02  2.82e-01  1.00e+00  1.00e+00     0s
  10   5.06674049e-01  6.15e-03  2.39e-02  1.00e+00  1.00e+00     0s
  11   5.06665852e-01  6.10e-03  1.85e+01  1.50e-01  3.13e-02     0s
  12   5.06619859e-01  5.96e-03  2.65e+00  1.51e-01  3.13e-02     0s
  13   5.06355675e-01  5.06e-03  1.20e+00  1.50e-01  2.50e-01     0s
  14   5.05673541e-01  3.11e-03  5.96e-02  1.50e-01  1.00e+00     0s
  15   5.05761713e-01  5.30e-04  7.36e-03  1.50e-01  1.00e+00     0s
  16   5.05730048e-01  4.97e-04  1.67e+00  3.33e-02  6.25e-02     0s
  17   5.05723791e-01  4.94e-04  1.18e+00  2.25e-02  7.81e-03     0s
  18   5.05723766e-01  4.93e-04  9.91e-01  2.25e-02  3.91e-03     0s
  19   5.05724977e-01  4.91e-04  8.46e-01  2.25e-02  7.81e-03     0s
  20   5.05726668e-01  4.88e-04  7.14e-01  2.25e-02  7.81e-03     0s
  21   5.05969046e-01  3.90e-02  1.91e-02  2.25e-02  1.00e+00     0s
  22   5.05991621e-01  3.21e-03  3.26e-03  2.25e-02  1.00e+00     0s
  23   5.06006603e-01  5.63e-04  2.89e-03  2.25e-02  1.00e+00     0s
  24   5.06016642e-01  2.75e-04  9.31e-04  2.25e-02  1.00e+00     0s
  25   5.06016898e-01  2.73e-04  3.00e-01  4.01e-03  7.81e-03     0s
  26   5.06017380e-01  2.73e-04  2.78e-01  3.38e-03  9.77e-04     0s
  27   5.06018243e-01  2.73e-04  2.33e-01  3.38e-03  1.95e-03     0s
  28   5.06020909e-01  2.71e-04  1.76e-01  3.38e-03  7.81e-03     0s
  29   5.06301806e-01  1.03e-02  6.67e-03  3.37e-03  1.00e+00     0s
  30   5.06266771e-01  1.58e-03  1.85e-03  3.38e-03  1.00e+00     0s
  31   5.06239469e-01  3.56e-04  4.02e-04  3.37e-03  1.00e+00     0s
  32   5.06219831e-01  7.27e-05  2.79e-04  3.37e-03  1.00e+00     0s
  33   5.06220752e-01  7.24e-05  8.63e-02  6.21e-04  7.81e-03     0s
  34   5.06219902e-01  7.22e-05  3.06e-01  3.50e-04  1.95e-03     0s
  35   5.06217921e-01  7.22e-05  2.90e-01  3.49e-04  9.77e-04     0s
  36   5.06212667e-01  7.20e-05  1.67e-01  3.48e-04  1.95e-03     1s
  37   5.03202819e-01  6.15e-03  2.60e-02  3.47e-04  1.00e+00     1s
  38   5.03081929e-01  4.44e-04  4.99e-03  3.46e-04  1.00e+00     1s
  39   5.03019542e-01  1.10e-04  1.76e-03  3.46e-04  1.00e+00     1s
  40   5.02994174e-01  3.67e-05  4.69e-04  3.46e-04  1.00e+00     1s
  41   5.02985083e-01  1.72e-05  1.14e-04  3.46e-04  1.00e+00     1s
  42   5.02984162e-01  7.80e-06  2.21e-05  3.46e-04  1.00e+00     1s
  43   4.99759041e-01  1.46e-02  7.31e-03  8.88e-05  1.00e+00     1s
  44   4.92106474e-01  2.23e-01  1.70e-02  3.85e-05  7.26e-01     1s
  45   4.84407543e-01  1.20e+00  2.60e-02  2.02e-05  6.77e-01     1s
  46   4.78030138e-01  4.04e+00  1.17e-02  1.49e-05  8.76e-01     1s
  47   4.76470158e-01  1.13e+00  7.79e-03  1.43e-05  1.00e+00     1s
  48   4.76372749e-01  3.73e-01  1.95e-02  1.43e-05  7.00e-01     1s
  49   4.76327165e-01  4.59e-03  1.12e-02  1.43e-05  1.00e+00     1s
  50   4.76303837e-01  3.54e-04  5.43e-03  1.43e-05  1.00e+00     1s
  51   4.76318202e-01  1.11e-04  7.99e-04  1.43e-05  1.00e+00     1s
  52   4.76330533e-01  3.01e-05  3.96e-05  1.43e-05  1.00e+00     1s
  53   4.76344249e-01  8.23e-06  3.66e-05  1.43e-05  1.00e+00     1s
  54   4.76358133e-01  8.00e-06  3.74e-05  1.43e-05  1.00e+00     1s
  55   4.76371849e-01  8.08e-06  3.72e-05  1.43e-05  1.00e+00     1s
  56   4.76385282e-01  8.39e-06  3.73e-05  1.43e-05  1.00e+00     1s
  57   4.76398375e-01  8.59e-06  3.79e-05  1.43e-05  1.00e+00     1s
  58   4.76404739e-01  6.46e-06  6.28e-04  1.43e-05  5.00e-01     1s
  59   4.76409422e-01  6.06e-06  1.41e-03  1.43e-05  2.50e-01     1s
  60   4.76412692e-01  5.91e-06  2.41e-03  1.43e-05  1.25e-01     1s
  61   4.76414876e-01  5.81e-06  3.70e-03  1.43e-05  6.25e-02     1s
  62   4.76416287e-01  5.74e-06  5.51e-03  1.43e-05  3.13e-02     1s
  63   4.76418100e-01  5.72e-06  8.52e-03  1.43e-05  3.13e-02     1s
  64   4.76419468e-01  5.69e-06  2.17e-02  1.43e-05  1.56e-02     1s
  65   4.76439280e-01  7.19e-08  2.98e-03  1.43e-05  1.00e+00     1s
  66   4.76439294e-01  7.19e-08  1.54e-03  1.43e-05  2.44e-04     1s
  67   4.76439311e-01  7.19e-08  4.70e-03  1.43e-05  2.44e-04     1s
  68   4.76439333e-01  7.19e-08  1.32e-02  1.43e-05  2.44e-04     1s
  69   4.76458087e-01  7.16e-08  6.90e-04  1.43e-05  1.00e+00     1s
  70   4.76458096e-01  7.16e-08  3.97e-03  1.43e-05  1.22e-04     1s
  71   4.76458111e-01  7.16e-08  2.19e-02  1.43e-05  1.22e-04     1s
  72   4.76475863e-01  7.13e-08  9.60e-04  1.43e-05  1.00e+00     1s
  73   4.76475872e-01  7.13e-08  2.18e-03  1.43e-05  1.22e-04     1s
  74   4.76475883e-01  7.13e-08  8.25e-03  1.43e-05  1.22e-04     1s
  75   4.76491741e-01  7.09e-08  1.31e-04  1.43e-05  1.00e+00     1s
  76   4.76491746e-01  7.09e-08  4.49e-03  1.43e-05  6.10e-05     1s
  77   4.76519427e-01  7.08e-08  3.87e-03  1.43e-05  5.00e-01     1s
  78   4.76540285e-01  7.05e-08  6.01e-05  1.43e-05  1.00e+00     1s
  79   4.76540289e-01  7.05e-08  1.30e-02  1.43e-05  6.10e-05     1s
  80   4.76545604e-01  7.02e-08  3.37e-04  1.43e-05  1.00e+00     1s
  81   4.76545605e-01  7.02e-08  1.46e-02  1.43e-05  6.10e-05     1s
  82   4.76545609e-01  7.02e-08  1.29e-03  1.43e-05  6.10e-05     1s
  83   4.76562083e-01  6.99e-08  2.13e-03  1.43e-05  5.00e-01     1s
  84   4.76575622e-01  6.93e-08  2.46e-05  1.43e-05  1.00e+00     1s
  85   4.76583405e-01  6.92e-08  5.22e-04  1.43e-05  5.00e-01     1s
  86   4.76589947e-01  6.88e-08  3.05e-06  1.43e-05  1.00e+00     1s
  87   4.76592404e-01  6.88e-08  9.46e-04  1.43e-05  5.00e-01     1s
  88   4.76592405e-01  6.88e-08  8.12e-03  1.43e-05  6.10e-05     1s
  89   4.76592408e-01  6.88e-08  1.25e-03  1.43e-05  6.10e-05     1s
  90   4.76599670e-01  9.94e-08  8.23e-04  1.43e-05  5.00e-01     1s
  91   4.76605346e-01  6.69e-08  3.24e-06  1.43e-05  1.00e+00     1s
  92   4.76607439e-01  8.41e-08  7.21e-04  1.43e-05  5.00e-01     1s
  93   4.76607439e-01  8.41e-08  8.56e-03  1.43e-05  3.05e-05     1s
  94   4.76607440e-01  8.41e-08  1.50e-03  1.43e-05  3.05e-05     1s
  95   4.76614910e-01  1.18e-07  1.49e-03  1.43e-05  5.00e-01     1s
  96   4.76619505e-01  6.37e-08  6.54e-06  1.43e-05  1.00e+00     1s
  97   4.76619916e-01  6.34e-08  1.57e-03  1.43e-05  2.50e-01     1s
  98   4.76619916e-01  6.34e-08  7.11e-03  1.43e-05  3.05e-05     1s
  99   4.76619917e-01  6.34e-08  1.43e-03  1.43e-05  3.05e-05     1s
 100   4.76621950e-01  6.23e-08  1.94e-04  1.43e-05  2.50e-01     2s
 101   4.76622072e-01  6.21e-08  3.71e-03  1.43e-05  3.13e-02     2s
 102   4.76622074e-01  6.21e-08  1.51e-03  1.43e-05  3.05e-05     2s
 103   4.76624190e-01  6.66e-08  8.26e-04  1.43e-05  2.50e-01     2s
 104   4.76624191e-01  6.66e-08  7.30e-03  1.43e-05  3.05e-05     2s
 105   4.76624192e-01  6.66e-08  1.61e-03  1.43e-05  3.05e-05     2s
 106   4.76628272e-01  7.45e-08  1.61e-03  1.43e-05  2.50e-01     2s
 107   4.76634926e-01  4.88e-08  1.58e-05  1.43e-05  1.00e+00     2s
 108   4.76636851e-01  1.25e-07  8.06e-04  1.43e-05  5.00e-01     2s
 109   4.76636852e-01  1.25e-07  4.48e-03  1.43e-05  3.05e-05     2s
 110   4.76636853e-01  1.25e-07  1.62e-03  1.43e-05  3.05e-05     2s
 111   4.76638722e-01  1.20e-07  1.23e-04  1.43e-05  2.50e-01     2s
 112   4.76638724e-01  1.20e-07  8.41e-03  1.43e-05  6.10e-05     2s
 113   4.76638725e-01  1.20e-07  2.12e-03  1.43e-05  3.05e-05     2s
 114   4.76644643e-01  1.18e-07  5.91e-03  1.43e-05  2.50e-01     2s
 115   4.76647528e-01  5.53e-08  1.97e-04  1.43e-05  1.00e+00     2s
 116   4.76647563e-01  5.54e-08  2.31e-03  1.43e-05  1.25e-01     2s
 117   4.76647564e-01  5.54e-08  2.39e-03  1.43e-05  3.05e-05     2s
 118   4.76647565e-01  5.54e-08  1.74e-03  1.43e-05  3.05e-05     2s
 119   4.76647566e-01  5.54e-08  2.20e-03  1.43e-05  3.05e-05     2s
 120   4.76647567e-01  5.55e-08  1.75e-03  1.43e-05  3.05e-05     2s
 121   4.76636238e-01  2.60e-05  4.67e-03  1.43e-05  1.00e+00     2s
 122   4.76636284e-01  2.60e-05  9.64e-03  1.43e-05  9.77e-04     2s
 123   4.76636349e-01  2.59e-05  1.96e-02  1.43e-05  9.77e-04     2s
 124   4.76677578e-01  7.89e-07  1.75e-02  1.43e-05  1.00e+00     2s
 125   4.76699579e-01  4.77e-03  3.43e-03  1.43e-05  1.00e+00     2s
 126   4.76708065e-01  8.64e-06  8.10e-04  1.43e-05  1.00e+00     2s
 127   4.76709332e-01  7.29e-09  1.01e-05  1.43e-05  1.00e+00     2s
 128   4.76710335e-01  7.21e-09  2.54e-06  1.43e-05  1.00e+00     2s
 129   4.76690111e-01  2.12e-07  8.61e-03  1.43e-05  4.06e-01     2s
 130   4.76690330e-01  1.98e-07  2.79e-04  1.43e-05  6.25e-02     2s
 131   4.76690728e-01  1.92e-07  5.41e-03  1.43e-05  3.13e-02     2s
 132   4.76691765e-01  1.91e-07  2.03e-02  1.43e-05  7.81e-03     2s
 133   4.76711074e-01  1.65e-07  6.65e-03  1.43e-05  1.00e+00     2s
 134   4.76711340e-01  1.08e-05  5.70e-04  1.43e-05  1.00e+00     2s
 135   4.76704051e-01  3.02e-08  2.97e-04  1.43e-05  1.00e+00     2s
 136   4.76689082e-01  6.44e-05  2.36e-03  1.43e-05  1.00e+00     2s
 137   4.76699221e-01  1.09e-05  7.45e-04  1.43e-05  1.00e+00     2s
 138   4.76704504e-01  8.40e-06  3.41e-03  1.43e-05  5.00e-01     2s
 139   4.76719368e-01  1.02e-07  6.86e-04  1.43e-05  1.00e+00     2s
 140   4.76722113e-01  8.24e-09  2.16e-05  1.43e-05  1.00e+00     2s
 141   4.76722113e-01  7.73e-09  1.89e-06  1.43e-05  1.00e+00     2s
 142   4.76717823e-01  1.19e-08  9.65e-05  1.43e-05  1.00e+00     2s
 143   4.76687523e-01  4.84e-07  5.62e-03  1.43e-05  1.00e+00     2s
 144   4.76704568e-01  8.20e-06  7.58e-04  1.43e-05  1.00e+00     2s
 145   4.76708712e-01  1.16e-06  7.79e-05  1.43e-05  1.00e+00     2s
 146   4.76710206e-01  1.09e-06  2.41e-03  1.43e-05  2.50e-01     2s
 147   4.76713956e-01  4.85e-09  4.31e-05  1.43e-05  1.00e+00     2s
 148   4.76714095e-01  4.68e-09  4.25e-03  1.43e-05  1.56e-02     2s
 149   4.76714098e-01  3.54e-09  2.00e-05  1.43e-05  1.00e+00     2s
 150   4.76705043e-01  8.73e-06  1.06e-03  1.43e-05  1.00e+00     2s
 151   4.76713205e-01  7.16e-06  5.14e-04  1.43e-05  1.00e+00     2s
 152   4.76716363e-01  6.47e-06  5.53e-03  1.43e-05  2.50e-01     2s
 153   4.76716980e-01  3.41e-09  3.17e-05  1.43e-05  1.00e+00     2s
 154   4.76717012e-01  3.41e-09  3.80e-03  1.43e-05  3.91e-03     2s
 155   4.76707029e-01  6.08e-08  1.40e-03  1.43e-05  1.00e+00     2s
 156   4.76707210e-01  5.99e-08  6.07e-03  1.43e-05  1.56e-02     2s
 157   4.76707867e-01  5.95e-08  2.17e-02  1.43e-05  1.95e-03     2s
 158   4.76714907e-01  2.18e-08  2.58e-03  1.43e-05  1.00e+00     2s
 159   4.76714912e-01  2.17e-08  8.16e-04  1.43e-05  3.91e-03     2s
 160   4.76714923e-01  2.16e-08  1.19e-04  1.43e-05  3.91e-03     3s
 161   4.76714944e-01  2.15e-08  1.22e-03  1.43e-05  3.91e-03     3s
 162   4.76714965e-01  2.15e-08  3.97e-03  1.43e-05  1.95e-03     3s
 163   4.76720128e-01  4.81e-09  1.21e-04  1.43e-05  1.00e+00     3s
 164   4.76720134e-01  4.80e-09  3.51e-04  1.43e-05  1.95e-03     3s
 165   4.76720139e-01  4.80e-09  1.03e-03  1.43e-05  9.77e-04     3s
 166   4.76720387e-01  7.14e-09  3.92e-04  1.43e-05  2.50e-01     3s
 167   4.76720393e-01  7.15e-09  1.10e-03  1.43e-05  9.77e-04     3s
 168   4.76721818e-01  1.29e-08  1.40e-03  1.43e-05  2.50e-01     3s
 169   4.76718689e-01  1.84e-08  2.81e-04  1.43e-05  1.00e+00     3s
 170   4.76718697e-01  1.84e-08  3.03e-03  1.43e-05  9.77e-04     3s
 171   4.76719625e-01  1.81e-08  2.05e-02  1.43e-05  1.56e-02     3s
 172   4.76719345e-01  4.20e-09  1.25e-04  1.43e-05  1.00e+00     3s
 173   4.76715302e-01  3.85e-05  6.71e-04  1.43e-05  1.00e+00     3s
 174   4.76720506e-01  3.03e-06  2.22e-04  1.43e-05  1.00e+00     3s
 175   4.76724975e-01  2.12e-06  1.58e-04  1.43e-05  1.00e+00     3s
 176   4.76727578e-01  1.77e-06  1.50e-03  1.43e-05  5.00e-01     3s
 177   4.76760334e-01  5.36e-07  1.14e-02  1.43e-05  5.00e-01     3s
 178   4.76762593e-01  2.17e-08  2.88e-04  1.43e-05  1.00e+00     3s
 179   4.76760616e-01  1.89e-08  5.55e-05  1.43e-05  1.00e+00     3s
 180   4.76737355e-01  2.74e-07  1.41e-03  1.43e-05  1.00e+00     3s
 181   4.76719718e-01  3.26e-05  4.09e-02  1.43e-05  1.19e-01     3s
 182   4.76713814e-01  2.14e-06  4.01e-03  1.43e-05  1.00e+00     3s
 183   4.76715389e-01  2.04e-06  9.53e-03  1.43e-05  1.25e-01     3s
 184   4.76723735e-01  3.31e-08  1.33e-03  1.43e-05  1.00e+00     3s
 185   4.76724045e-01  3.27e-08  1.36e-02  1.43e-05  1.56e-02     3s
 186   4.76728616e-01  2.62e-08  7.20e-04  1.43e-05  5.00e-01     3s
 187   4.76728779e-01  2.61e-08  1.95e-02  1.43e-05  3.91e-03     3s
 188   4.76736887e-01  3.04e-08  2.35e-03  1.43e-05  1.00e+00     3s
 189   4.76737176e-01  3.00e-08  1.03e-02  1.43e-05  1.56e-02     3s
 190   4.76738433e-01  3.37e-09  1.43e-04  1.43e-05  1.00e+00     3s
 191   4.76739039e-01  3.29e-09  1.20e-06  1.43e-05  1.00e+00     3s
 192   4.76209360e-01  4.89e-06  5.23e-02  3.42e-06  1.09e-01     3s
 193   4.73117309e-01  1.05e-03  3.14e-02  1.24e-06  4.21e-01     3s
 194   4.71761074e-01  5.09e-03  4.23e-02  4.68e-07  2.45e-01     3s
 195   4.71132919e-01  1.60e-02  3.77e-02  2.94e-07  1.64e-01     3s
 196   4.70543038e-01  5.06e-02  4.99e-02  2.58e-07  1.59e-01     3s
 197   4.70055171e-01  5.70e-02  6.24e-02  2.46e-07  1.18e-01     3s
 198   4.69631237e-01  6.06e-02  8.75e-02  2.44e-07  7.23e-02     3s
 199   4.68970630e-01  2.77e-01  8.13e-02  2.33e-07  1.38e-01     3s
 200   4.68575253e-01  3.24e-01  9.65e-02  2.30e-07  5.95e-02     3s
 201   4.68264089e-01  3.02e-01  1.47e-01  2.19e-07  1.23e-01     3s
 202   4.68245040e-01  2.97e-01  2.09e-02  2.15e-07  1.85e-02     3s
 203   4.68245222e-01  2.40e-01  9.87e-02  2.13e-07  1.92e-01     3s
 204   4.68243425e-01  1.96e-01  1.01e-01  2.01e-07  1.82e-01     3s
 205   4.68243413e-01  1.11e-01  1.22e-01  1.90e-07  4.35e-01     3s
 206   4.68229843e-01  3.85e-05  1.99e-01  1.70e-07  1.00e+00     3s
 207   4.68225385e-01  4.03e-07  1.30e-01  1.65e-07  1.00e+00     3s
 208   4.68216462e-01  7.94e-07  2.97e-01  1.65e-07  1.00e+00     3s
 209   4.68208700e-01  3.37e-06  1.66e-02  1.65e-07  1.00e+00     3s
 210   4.68159814e-01  4.07e-06  2.12e-01  1.76e-07  1.00e+00     3s
 211   4.68121482e-01  2.68e-06  8.49e-02  1.65e-07  3.81e-01     3s
 212   4.68061460e-01  2.31e-06  6.90e-03  1.65e-07  2.83e-01     3s
 213   4.67886362e-01  2.00e-06  1.54e-03  1.65e-07  3.71e-01     3s
 214   4.67354042e-01  6.95e-05  2.15e-01  1.65e-07  2.37e-01     3s
 215   4.67311973e-01  6.52e-05  2.15e-01  1.64e-07  6.21e-02     4s
 216   4.67213834e-01  6.18e-05  2.13e-01  1.64e-07  5.90e-02     4s
 217   4.67105328e-01  5.73e-05  1.55e-01  1.65e-07  7.43e-02     4s
 218   4.67039782e-01  7.16e-05  1.13e-01  1.66e-07  9.05e-02     4s
 219   4.66981640e-01  6.87e-04  6.90e-03  1.68e-07  1.27e-01     4s
 220   4.66929135e-01  1.04e-02  1.48e-01  1.68e-07  1.66e-01     4s
 221   4.66803565e-01  5.74e-03  1.07e-01  1.66e-07  4.93e-01     4s
 222   4.66772574e-01  8.93e-01  8.21e-02  1.70e-07  1.97e-01     4s
 223   4.66753566e-01  8.20e-01  9.43e-02  1.66e-07  8.16e-02     4s
 224   4.66735600e-01  7.84e-01  3.77e+01  1.66e-07  4.41e-02     4s
 225   4.66717601e-01  6.04e-01  3.05e+01  1.66e-07  2.29e-01     4s
 226   4.66713502e-01  2.56e-01  1.56e+01  1.66e-07  5.76e-01     4s
 227   4.66705823e-01  1.95e-01  1.62e+01  1.65e-07  2.38e-01     4s
 228   4.66705800e-01  1.81e-01  1.61e+01  1.65e-07  7.19e-02     4s
 229   4.66705843e-01  1.40e-01  7.20e+00  1.68e-07  2.27e-01     4s
 230   4.66706001e-01  1.20e-01  5.36e+00  1.67e-07  1.39e-01     4s
 231   4.66707141e-01  8.31e-02  4.99e+00  1.67e-07  3.10e-01     4s
 232   4.66706540e-01  2.98e-05  4.92e+00  1.72e-07  1.00e+00     4s
 233   4.66705554e-01  9.38e-09  3.73e-01  1.66e-07  1.00e+00     4s
 234   4.66703113e-01  9.14e-09  8.94e-04  1.65e-07  1.00e+00     4s
 235   4.66696952e-01  3.02e-07  8.90e-04  1.65e-07  1.00e+00     4s
 236   4.66685239e-01  7.81e-08  8.63e-04  1.65e-07  7.42e-01     4s
 237   4.66674772e-01  1.81e-07  7.86e-04  1.65e-07  1.00e+00     4s
 238   4.66641551e-01  1.13e-06  2.73e-03  1.65e-07  1.00e+00     4s
 239   4.66551534e-01  1.08e-05  4.08e-03  1.65e-07  8.49e-01     4s
 240   4.66557712e-01  9.52e-06  2.47e-03  1.65e-07  1.27e-01     4s
 241   4.66534145e-01  3.53e-05  2.35e-03  1.65e-07  5.32e-01     4s
 242   4.66530277e-01  8.73e-04  1.77e-03  1.65e-07  4.90e-01     4s
 243   4.66472096e-01  1.51e-02  1.70e-03  1.65e-07  7.43e-01     4s
 244   4.66473461e-01  1.51e-02  1.69e-03  1.65e-07  7.78e-04     4s
 245   4.66351278e-01  1.00e-01  1.30e-03  1.65e-07  2.99e-01     4s
 246   4.66253747e-01  9.58e-02  1.66e-03  1.66e-07  8.94e-02     4s
 247   4.66098421e-01  9.70e-01  1.54e-03  1.66e-07  7.40e-02     4s
 248   4.65891106e-01  8.71e-01  5.83e-03  1.67e-07  9.26e-02     4s
 249   4.65750024e-01  7.19e-01  7.72e-03  1.67e-07  1.81e-01     4s
 250   4.65614622e-01  6.73e-01  1.70e-02  1.69e-07  7.22e-02     4s
 251   4.65389601e-01  4.31e-01  1.57e-02  1.67e-07  3.95e-01     4s
 252   4.64999263e-01  4.60e-01  8.86e-03  1.66e-07  3.50e-01     4s
 253   4.64800679e-01  2.95e-01  4.02e-03  1.66e-07  3.92e-01     4s
 254   4.64800394e-01  2.80e-01  6.84e-03  1.66e-07  5.17e-02     4s
 255   4.64778561e-01  9.32e-05  8.58e-02  1.66e-07  1.00e+00     4s
 256   4.64799263e-01  2.25e-07  9.13e-02  1.65e-07  1.00e+00     4s
 257   4.64771418e-01  3.62e-07  3.00e-02  1.65e-07  1.00e+00     4s
 258   4.64767134e-01  2.26e-06  1.63e-02  1.65e-07  1.00e+00     4s
 259   4.64742812e-01  2.15e-06  9.76e-04  1.65e-07  1.18e-01     4s
 260   4.64741439e-01  5.80e-06  1.54e-05  1.65e-07  6.55e-01     4s
 261   4.64734841e-01  7.29e-05  7.23e-06  1.65e-07  1.00e+00     4s
 262   4.64732786e-01  5.40e-05  6.73e-06  1.65e-07  5.88e-01     4s
 263   4.64724570e-01  1.76e-04  6.51e-06  1.65e-07  1.00e+00     4s
 264   4.64701759e-01  7.05e-04  6.61e-06  1.65e-07  1.00e+00     4s
 265   4.64654624e-01  3.45e-03  7.76e-05  1.65e-07  7.70e-01     4s
 266   4.64595138e-01  8.14e-03  5.28e-04  1.65e-07  3.93e-01     4s
 267   4.64486909e-01  3.08e-02  1.53e-03  1.66e-07  2.79e-01     4s
 268   4.64322398e-01  9.87e-02  2.89e-03  1.67e-07  1.67e-01     5s
 269   4.64182706e-01  1.16e-01  3.36e-03  1.66e-07  4.50e-01     5s
 270   4.64168913e-01  4.55e-03  3.24e-03  1.65e-07  9.65e-01     5s
 271   4.64144090e-01  3.52e-03  1.21e-03  1.65e-07  6.69e-01     5s
 272   4.64109685e-01  7.96e-03  8.10e-03  1.65e-07  3.88e-01     5s
 273   4.63868246e-01  3.00e-01  5.80e-03  1.65e-07  1.00e+00     5s
 274   4.63788459e-01  2.93e-01  3.45e-03  1.65e-07  1.36e-01     5s
 275   4.63745172e-01  2.35e-01  6.67e-04  1.66e-07  2.32e-01     5s
 276   4.63719508e-01  2.17e-01  9.79e-04  1.66e-07  7.81e-02     5s
 277   4.63672588e-01  1.25e-01  5.36e-04  1.65e-07  4.23e-01     5s
 278   4.63628513e-01  8.86e-02  3.63e-04  1.65e-07  3.13e-01     5s
 279   4.63596454e-01  8.53e-02  3.70e-04  1.66e-07  1.02e-01     5s
 280   4.63538999e-01  4.70e-02  1.87e-04  1.65e-07  8.01e-01     5s
 281   4.63514692e-01  8.24e-03  1.33e-05  1.65e-07  1.00e+00     5s
 282   4.63452523e-01  7.63e-02  1.58e-05  1.65e-07  1.00e+00     5s
 283   4.63306444e-01  5.89e-01  4.67e-05  1.65e-07  9.33e-01     5s
 284   4.63282916e-01  3.23e-01  4.04e-05  1.65e-07  4.51e-01     5s
 285   4.63142763e-01  8.62e-01  2.88e-05  1.65e-07  8.11e-01     5s
 286   4.63098074e-01  3.99e-02  3.18e-05  1.65e-07  1.00e+00     5s
 287   4.63046570e-01  1.22e+00  2.05e-04  1.65e-07  3.56e-01     5s
 288   4.63008595e-01  1.83e-01  4.37e-03  1.67e-07  9.53e-01     5s
 289   4.63007628e-01  1.82e-01  3.81e-03  1.67e-07  5.64e-03     5s
 290   4.62983144e-01  7.37e-02  1.82e-03  1.66e-07  5.88e-01     5s
 291   4.62897267e-01  1.93e-01  2.53e-04  1.65e-07  7.68e-01     5s
 292   4.62866971e-01  3.59e-02  5.27e-05  1.65e-07  1.00e+00     5s
 293   4.62800883e-01  1.32e-01  1.16e-04  1.65e-07  7.36e-01     5s
 294   4.62777067e-01  3.68e-02  4.61e-05  1.65e-07  8.50e-01     5s
 295   4.62705684e-01  1.81e-01  1.27e-04  1.65e-07  1.00e+00     5s
 296   4.62680652e-01  2.15e-02  3.11e-05  1.65e-07  1.00e+00     5s
 297   4.62607651e-01  4.74e-01  1.96e-05  1.65e-07  1.00e+00     5s
 298   4.62586333e-01  1.37e-02  6.57e-06  1.65e-07  1.00e+00     5s
 299   4.62528398e-01  1.36e-01  1.51e-05  1.65e-07  1.00e+00     5s
 300   4.62511242e-01  9.04e-03  1.92e-06  1.65e-07  1.00e+00     5s
 301   4.62464503e-01  9.27e-02  1.11e-05  1.65e-07  1.00e+00     5s
 302   4.62456804e-01  9.37e-01  1.02e-04  1.65e-07  9.62e-03     5s
 303   4.62417833e-01  6.58e-02  1.79e-04  1.65e-07  1.00e+00     5s
 304   4.62404692e-01  7.21e-03  1.03e-05  1.65e-07  1.00e+00     5s
 305   4.62375903e-01  6.66e-02  4.28e-05  1.65e-07  7.13e-01     5s
 306   4.62365248e-01  2.66e-02  4.33e-06  1.65e-07  1.00e+00     5s
 307   4.62336089e-01  4.84e-02  9.82e-06  1.65e-07  1.00e+00     5s
 308   4.62325315e-01  5.21e-03  2.57e-06  1.65e-07  1.00e+00     5s
 309   4.62300831e-01  1.21e-01  4.08e-06  1.65e-07  1.00e+00     5s
 310   4.62290666e-01  4.20e-03  2.58e-06  1.65e-07  1.00e+00     5s
 311   4.62260552e-01  7.28e-02  2.94e-05  1.65e-07  1.00e+00     5s
 312   4.62251385e-01  3.03e-03  3.98e-06  1.65e-07  1.00e+00     5s
 313   4.62223310e-01  6.11e-02  7.15e-05  1.65e-07  1.00e+00     5s
 314   4.62215421e-01  3.06e-03  1.15e-05  1.65e-07  1.00e+00     5s
 315   4.62196845e-01  1.59e-02  2.75e-04  1.65e-07  8.54e-01     5s
 316   4.62192838e-01  1.28e-02  8.58e-04  1.65e-07  6.79e-01     5s
 317   4.62173010e-01  2.72e-02  1.63e-03  1.65e-07  1.00e+00     5s
 318   4.62167093e-01  3.90e-03  4.29e-04  1.65e-07  1.00e+00     5s
 319   4.62146548e-01  8.28e-02  1.95e-04  1.65e-07  1.00e+00     5s
 320   4.62140738e-01  4.32e-03  5.57e-06  1.65e-07  1.00e+00     6s
 321   4.62125108e-01  7.31e-02  2.12e-05  1.65e-07  1.00e+00     6s
 322   4.62119415e-01  2.99e-03  2.95e-06  1.65e-07  1.00e+00     6s
 323   4.62103516e-01  1.06e-01  1.62e-05  1.65e-07  1.00e+00     6s
 324   4.62098339e-01  3.04e-03  3.33e-06  1.65e-07  1.00e+00     6s
 325   4.62082743e-01  4.22e-02  2.53e-05  1.65e-07  1.00e+00     6s
 326   4.62077783e-01  2.61e-03  3.13e-06  1.65e-07  1.00e+00     6s
 327   4.62076068e-01  3.12e-04  4.17e-07  1.65e-07  1.00e+00     6s
 328   4.62071185e-01  2.50e-03  2.28e-06  1.65e-07  1.00e+00     6s
 329   4.62057782e-01  1.93e-02  1.39e-05  1.65e-07  1.00e+00     6s
 330   4.62053172e-01  2.14e-03  1.58e-06  1.65e-07  1.00e+00     6s
 331   4.62039430e-01  2.90e-02  1.18e-05  1.65e-07  1.00e+00     6s
 332   4.62035234e-01  1.95e-03  6.97e-07  1.65e-07  1.00e+00     6s
 333   4.62022391e-01  1.44e-02  6.56e-06  1.65e-07  1.00e+00     6s
 334   4.62018479e-01  1.72e-03  5.59e-07  1.65e-07  1.00e+00     6s
 335   4.62007208e-01  1.33e-02  2.42e-06  1.65e-07  1.00e+00     6s
 336   4.62003450e-01  1.47e-03  8.04e-07  1.65e-07  1.00e+00     6s
 337   4.61993022e-01  1.16e-02  3.82e-06  1.65e-07  1.00e+00     6s
 338   4.61989476e-01  1.29e-03  9.37e-07  1.65e-07  1.00e+00     6s
 339   4.61979429e-01  1.00e-02  6.16e-06  1.65e-07  1.00e+00     6s
 340   4.61976114e-01  1.12e-03  8.95e-07  1.65e-07  1.00e+00     6s
 341   4.61966959e-01  8.92e-03  6.10e-06  1.65e-07  1.00e+00     6s
 342   4.61936608e-01  1.07e-01  7.71e-05  1.65e-07  1.00e+00     6s
 343   4.61930382e-01  4.61e-02  4.07e-06  1.65e-07  1.00e+00     6s
 344   4.61928256e-01  3.39e-03  6.85e-07  1.65e-07  1.00e+00     6s
 345   4.61921314e-01  1.69e-02  3.44e-06  1.65e-07  1.00e+00     6s
 346   4.61901967e-01  1.24e-01  1.71e-05  1.65e-07  1.00e+00     6s
 347   4.61896348e-01  4.75e-03  3.24e-06  1.65e-07  1.00e+00     6s
 348   4.61879724e-01  2.84e-02  5.95e-05  1.65e-07  1.00e+00     6s
 349   4.61874723e-01  5.50e-03  1.27e-06  1.65e-07  1.00e+00     6s
 350   4.61873125e-01  6.03e-04  1.35e-06  1.65e-07  1.00e+00     6s
 351   4.61868340e-01  4.36e-03  5.58e-06  1.65e-07  1.00e+00     6s
 352   4.61866841e-01  4.99e-04  3.25e-07  1.65e-07  1.00e+00     6s
 353   4.61862485e-01  4.76e-03  6.20e-07  1.65e-07  1.00e+00     6s
 354   4.61852397e-01  2.20e-02  3.45e-06  1.65e-07  1.00e+00     6s
 355   4.61848636e-01  3.16e-03  4.78e-06  1.65e-07  1.00e+00     6s
 356   4.61838894e-01  1.68e-02  5.44e-06  1.65e-07  1.00e+00     6s
 357   4.61835807e-01  3.37e-03  2.07e-06  1.65e-07  1.00e+00     6s
 358   4.61834756e-01  3.99e-04  1.49e-07  1.65e-07  1.00e+00     6s
 359   4.61831854e-01  3.11e-03  1.32e-06  1.65e-07  1.00e+00     6s
 360   4.61830868e-01  3.58e-04  1.06e-07  1.65e-07  1.00e+00     6s
 361   4.61828156e-01  2.78e-03  8.24e-07  1.65e-07  1.00e+00     6s
 362   4.61827229e-01  3.24e-04  7.06e-08  1.65e-07  1.00e+00     6s
 363   4.61824667e-01  2.54e-03  5.63e-07  1.65e-07  1.00e+00     6s
 364   4.61816028e-01  2.32e-02  1.01e-05  1.65e-07  1.00e+00     6s
 365   4.61814135e-01  2.31e-03  1.51e-07  1.65e-07  1.00e+00     6s
 366   4.61808749e-01  1.42e-02  7.76e-07  1.65e-07  1.00e+00     6s
 367   4.61806931e-01  1.52e-03  1.32e-07  1.65e-07  1.00e+00     6s
 368   4.61802323e-01  2.58e-02  1.30e-06  1.65e-07  1.00e+00     6s
 369   4.61800617e-01  1.41e-03  1.75e-07  1.65e-07  1.00e+00     6s
 370   4.61796103e-01  1.10e-02  1.10e-06  1.65e-07  1.00e+00     6s
 371   4.61794616e-01  1.10e-03  1.54e-07  1.65e-07  1.00e+00     7s
 372   4.61790568e-01  9.02e-03  1.03e-06  1.65e-07  1.00e+00     7s
 373   4.61789214e-01  1.04e-03  1.57e-07  1.65e-07  1.00e+00     7s
 374   4.61785583e-01  7.67e-03  1.08e-06  1.65e-07  1.00e+00     7s
 375   4.61784354e-01  8.56e-04  1.55e-07  1.65e-07  1.00e+00     7s
 376   4.61780722e-01  6.96e-03  2.35e-06  1.65e-07  1.00e+00     7s
 377   4.61779668e-01  6.52e-04  2.13e-07  1.65e-07  1.00e+00     7s
 378   4.61776533e-01  1.04e-02  1.97e-05  1.65e-07  1.00e+00     7s
 379   4.61775566e-01  5.82e-04  1.61e-07  1.65e-07  1.00e+00     7s
 380   4.61772907e-01  3.36e-03  1.00e-06  1.65e-07  1.00e+00     7s
 381   4.61766605e-01  2.77e-02  1.46e-05  1.65e-07  1.00e+00     7s
 382   4.61764200e-01  4.65e-03  1.17e-05  1.65e-07  1.00e+00     7s
 383   4.61763463e-01  4.17e-04  2.23e-07  1.65e-07  1.00e+00     7s
 384   4.61761835e-01  3.38e-02  5.47e-05  1.65e-07  1.00e+00     7s
 385   4.61761153e-01  3.92e-04  1.12e-07  1.65e-07  1.00e+00     7s
 386   4.61760915e-01  5.12e-05  2.94e-08  1.65e-07  1.00e+00     7s
 387   4.61760243e-01  4.05e-04  1.23e-07  1.65e-07  1.00e+00     7s
 388   4.61758387e-01  4.24e-03  5.46e-07  1.65e-07  1.00e+00     7s
 389   4.61753383e-01  2.53e-02  5.36e-06  1.65e-07  1.00e+00     7s
 390   4.61751813e-01  1.99e-03  8.55e-07  1.65e-07  1.00e+00     7s
 391   4.61750245e-01  2.14e-02  1.69e-04  1.65e-07  3.19e-01     7s
 392   4.61750057e-01  5.95e-05  3.54e-06  1.65e-07  1.00e+00     7s
 393   4.61749563e-01  4.39e-04  7.20e-07  1.65e-07  1.00e+00     7s
 394   4.61748195e-01  1.70e-03  3.53e-06  1.65e-07  1.00e+00     7s
 395   4.61744843e-01  1.00e-02  9.23e-06  1.65e-07  1.00e+00     7s
 396   4.61743928e-01  1.22e-03  2.79e-07  1.65e-07  1.00e+00     7s
 397   4.61741411e-01  7.36e-03  1.86e-06  1.65e-07  1.00e+00     7s
 398   4.61740469e-01  6.61e-04  1.94e-07  1.65e-07  1.00e+00     7s
 399   4.61740149e-01  8.90e-05  2.11e-08  1.65e-07  1.00e+00     7s
 400   4.61739281e-01  5.12e-04  1.55e-07  1.65e-07  1.00e+00     7s
 401   4.61737172e-01  4.56e-03  1.09e-06  1.65e-07  1.00e+00     7s
 402   4.61736337e-01  1.00e-03  1.26e-07  1.65e-07  1.00e+00     7s
 403   4.61736077e-01  4.48e-05  1.05e-08  1.65e-07  1.00e+00     7s
 404   4.61735330e-01  3.48e-04  8.26e-08  1.65e-07  1.00e+00     7s
 405   4.61733359e-01  2.32e-03  4.78e-07  1.65e-07  1.00e+00     7s
 406   4.61732781e-01  2.99e-04  7.32e-08  1.65e-07  1.00e+00     7s
 407   4.61732586e-01  4.39e-05  1.41e-08  1.65e-07  1.00e+00     7s
 408   4.61732036e-01  4.00e-04  5.90e-08  1.65e-07  1.00e+00     7s
 409   4.61731856e-01  3.31e-05  8.58e-09  1.65e-07  1.00e+00     7s
 410   4.61731329e-01  2.61e-04  4.01e-08  1.65e-07  1.00e+00     7s
 411   4.61731160e-01  2.98e-05  8.24e-09  1.65e-07  1.00e+00     7s
 412   4.61730692e-01  4.12e-04  5.24e-08  1.65e-07  1.00e+00     7s
 413   4.61729180e-01  1.59e-03  1.31e-07  1.65e-07  1.00e+00     7s
 414   4.61728884e-01  3.39e-04  7.40e-08  1.65e-07  1.00e+00     7s
 415   4.61728750e-01  3.32e-05  7.14e-09  1.65e-07  1.00e+00     7s
 416   4.61728349e-01  1.95e-04  2.57e-08  1.65e-07  1.00e+00     7s
 417   4.61728217e-01  2.40e-05  6.84e-09  1.65e-07  1.00e+00     7s
 418   4.61727850e-01  1.61e-04  1.97e-08  1.65e-07  1.00e+00     7s
 419   4.61727724e-01  1.79e-05  6.57e-09  1.65e-07  1.00e+00     7s
 420   4.61727375e-01  1.20e-04  1.43e-08  1.65e-07  1.00e+00     7s
 421   4.61726433e-01  1.21e-03  1.01e-07  1.65e-07  1.00e+00     7s
 422   4.61726120e-01  9.15e-05  9.81e-09  1.65e-07  1.00e+00     7s
 423   4.61726010e-01  1.07e-05  5.65e-09  1.65e-07  1.00e+00     7s
 424   4.61725707e-01  8.42e-05  8.54e-09  1.65e-07  1.00e+00     8s
 425   4.61725604e-01  9.83e-06  5.43e-09  1.65e-07  1.00e+00     8s
 426   4.61725317e-01  7.71e-05  7.33e-09  1.65e-07  1.00e+00     8s
 427   4.61725219e-01  8.99e-06  5.22e-09  1.65e-07  1.00e+00     8s
 428   4.61724959e-01  7.21e-05  7.15e-09  1.65e-07  1.00e+00     8s
 429   4.61724866e-01  8.18e-06  5.03e-09  1.65e-07  1.00e+00     8s
 430   4.61724606e-01  6.43e-05  5.56e-09  1.65e-07  1.00e+00     8s
 431   4.61723863e-01  6.81e-04  8.64e-08  1.65e-07  1.00e+00     8s
 432   4.61723637e-01  5.16e-05  6.46e-09  1.65e-07  1.00e+00     8s
 433   4.61723562e-01  6.16e-06  4.48e-09  1.65e-07  1.00e+00     8s
 434   4.61723350e-01  4.79e-05  4.41e-09  1.65e-07  1.00e+00     8s
 435   4.61723277e-01  5.58e-06  4.38e-09  1.65e-07  1.00e+00     8s
 436   4.61723077e-01  4.40e-05  4.32e-09  1.65e-07  1.00e+00     8s
 437   4.61723006e-01  5.16e-06  4.29e-09  1.65e-07  1.00e+00     8s
 438   4.61722982e-01  6.10e-07  4.28e-09  1.65e-07  1.00e+00     8s
 439   4.61722913e-01  4.92e-06  4.26e-09  1.65e-07  1.00e+00     8s
 440   4.61722723e-01  3.88e-05  4.17e-09  1.65e-07  1.00e+00     8s
 441   4.61722657e-01  4.56e-06  4.15e-09  1.65e-07  1.00e+00     8s
 442   4.61722478e-01  3.60e-05  4.09e-09  1.65e-07  1.00e+00     8s
 443   4.61722415e-01  4.23e-06  4.06e-09  1.65e-07  1.00e+00     8s
 444   4.61722242e-01  3.34e-05  4.00e-09  1.65e-07  1.00e+00     8s
 445   4.61721801e-01  7.22e-04  2.84e-07  1.65e-07  1.00e+00     8s
 446   4.61721643e-01  2.83e-05  4.04e-08  1.65e-07  1.00e+00     8s
 447   4.61721223e-01  2.85e-04  5.88e-08  1.65e-07  1.00e+00     8s
 448   4.61721068e-01  2.33e-05  3.37e-09  1.65e-07  1.00e+00     8s
 449   4.61721017e-01  2.75e-06  3.39e-09  1.65e-07  1.00e+00     8s
 450   4.61720862e-01  2.22e-05  6.49e-09  1.65e-07  1.00e+00     8s
 451   4.61720814e-01  2.58e-06  3.36e-09  1.65e-07  1.00e+00     8s
 452   4.61720676e-01  2.02e-05  9.46e-09  1.65e-07  1.00e+00     8s
 453   4.61720630e-01  2.41e-06  3.30e-09  1.65e-07  1.00e+00     8s
 454   4.61720505e-01  1.91e-05  3.26e-09  1.65e-07  1.00e+00     8s
 455   4.61719914e-01  8.65e-04  3.40e-07  1.65e-07  1.00e+00     8s
 456   4.61719104e-01  1.47e-03  3.21e-07  1.65e-07  1.00e+00     8s
 457   4.61718835e-01  4.81e-04  1.03e-07  1.65e-07  1.00e+00     8s
 458   4.61718776e-01  4.61e-05  6.57e-09  1.65e-07  1.00e+00     8s
 459   4.61718754e-01  4.75e-06  2.82e-09  1.65e-07  1.00e+00     8s
 460   4.61718688e-01  2.50e-05  2.78e-09  1.65e-07  1.00e+00     8s
 461   4.61718493e-01  8.40e-05  6.10e-09  1.65e-07  1.00e+00     8s
 462   4.61718430e-01  2.39e-05  1.43e-08  1.65e-07  1.00e+00     8s
 463   4.61718405e-01  1.10e-06  2.49e-09  1.65e-07  1.00e+00     8s
 464   4.61718335e-01  8.46e-06  2.40e-09  1.65e-07  1.00e+00     8s
 465   4.61718311e-01  9.92e-07  2.38e-09  1.65e-07  1.00e+00     8s
 466   4.61718249e-01  7.80e-06  2.95e-09  1.65e-07  1.00e+00     8s
 467   4.61718225e-01  9.28e-07  2.34e-09  1.65e-07  1.00e+00     8s
 468   4.61718160e-01  7.28e-06  2.27e-09  1.65e-07  1.00e+00     8s
 469   4.61717960e-01  7.53e-05  2.86e-08  1.65e-07  1.00e+00     8s
 470   4.61717902e-01  6.16e-06  2.10e-09  1.65e-07  1.00e+00     8s
 471   4.61717883e-01  7.28e-07  2.10e-09  1.65e-07  1.00e+00     8s
 472   4.61717827e-01  5.76e-06  2.07e-09  1.65e-07  1.00e+00     8s
 473   4.61717660e-01  5.23e-05  1.18e-08  1.65e-07  1.00e+00     8s
 474   4.61717607e-01  4.94e-06  2.21e-09  1.65e-07  1.00e+00     8s
 475   4.61717448e-01  3.59e-05  4.04e-09  1.65e-07  1.00e+00     8s
 476   4.61717400e-01  4.36e-06  1.89e-09  1.65e-07  1.00e+00     9s
 477   4.61717384e-01  5.14e-07  1.89e-09  1.65e-07  1.00e+00     9s
 478   4.61717336e-01  4.09e-06  1.87e-09  1.65e-07  1.00e+00     9s
 479   4.61717190e-01  5.38e-05  1.16e-08  1.65e-07  1.00e+00     9s
 480   4.61717147e-01  3.54e-06  1.78e-09  1.65e-07  1.00e+00     9s
 481   4.61717002e-01  3.16e-05  1.03e-08  1.65e-07  1.00e+00     9s
 482   4.61716962e-01  3.15e-06  1.71e-09  1.65e-07  1.00e+00     9s
 483   4.61716854e-01  2.35e-05  3.60e-09  1.65e-07  1.00e+00     9s
 484   4.61716816e-01  2.71e-06  1.64e-09  1.65e-07  1.00e+00     9s
 485   4.61716803e-01  3.19e-07  1.63e-09  1.65e-07  1.00e+00     9s
 486   4.61716766e-01  2.54e-06  1.62e-09  1.65e-07  1.00e+00     9s
 487   4.61716753e-01  3.00e-07  1.61e-09  1.65e-07  1.00e+00     9s
 488   4.61716717e-01  2.39e-06  1.60e-09  1.65e-07  1.00e+00     9s
 489   4.61716626e-01  1.80e-05  8.41e-09  1.65e-07  1.00e+00     9s
 490   4.61716590e-01  2.09e-06  1.53e-09  1.65e-07  1.00e+00     9s
 491   4.61716480e-01  2.15e-05  9.07e-09  1.65e-07  1.00e+00     9s
 492   4.61716450e-01  1.86e-06  1.48e-09  1.65e-07  1.00e+00     9s
 493   4.61716353e-01  1.56e-05  6.46e-09  1.65e-07  1.00e+00     9s
 494   4.61716115e-01  1.11e-04  2.05e-08  1.65e-07  1.00e+00     9s
 495   4.61716107e-01  1.57e-07  1.33e-09  1.65e-07  1.00e+00     9s
 496   4.61716084e-01  1.25e-06  1.32e-09  1.65e-07  1.00e+00     9s
 497   4.61716020e-01  9.20e-06  5.03e-09  1.65e-07  1.00e+00     9s
 498   4.61715383e-01  2.93e-03  2.42e-06  1.65e-07  1.00e+00     9s
 499   4.61715402e-01  4.40e-06  2.53e-08  1.65e-07  1.00e+00     9s
 500   4.61715435e-01  1.41e-05  7.63e-08  1.65e-07  1.00e+00     9s
 501   4.61715530e-01  3.97e-04  1.11e-06  1.65e-07  1.00e+00     9s
 502   4.61715495e-01  1.14e-05  2.52e-08  1.65e-07  1.00e+00     9s
 503   4.61715531e-01  1.36e-04  1.72e-07  1.65e-07  1.00e+00     9s
 504   4.61715521e-01  1.25e-06  2.93e-09  1.65e-07  1.00e+00     9s
 505   4.61715484e-01  6.61e-06  4.51e-09  1.65e-07  1.00e+00     9s
 506   4.61715472e-01  6.50e-07  1.08e-09  1.65e-07  1.00e+00     9s
 507   4.61715448e-01  4.91e-06  1.25e-08  1.65e-07  1.00e+00     9s
 508   4.61715432e-01  5.50e-07  1.04e-09  1.65e-07  1.00e+00     9s
 509   4.61715394e-01  4.21e-06  4.16e-09  1.65e-07  1.00e+00     9s
 510   4.61715380e-01  4.96e-07  9.80e-10  1.65e-07  1.00e+00     9s
 511   4.61715340e-01  3.84e-06  9.60e-10  1.65e-07  1.00e+00     9s
 512   4.61715326e-01  4.51e-07  9.45e-10  1.65e-07  1.00e+00     9s
 513   4.61715290e-01  3.39e-06  3.51e-09  1.65e-07  1.00e+00     9s
 514   4.61715191e-01  2.47e-05  8.51e-09  1.65e-07  1.00e+00     9s
 515   4.61715185e-01  4.41e-08  9.03e-10  1.65e-07  1.00e+00     9s
 516   4.61715172e-01  3.36e-07  8.73e-10  1.65e-07  1.00e+00     9s
 517   4.61715168e-01  3.92e-08  8.70e-10  1.65e-07  1.00e+00     9s
 518   4.61715156e-01  3.10e-07  8.62e-10  1.65e-07  1.00e+00     9s
 519   4.61715116e-01  2.65e-06  5.75e-09  1.65e-07  1.00e+00     9s
 520   4.61715104e-01  2.81e-07  8.30e-10  1.65e-07  1.00e+00     9s
 521   4.61715074e-01  2.23e-06  8.14e-10  1.65e-07  1.00e+00     9s
 522   4.61715063e-01  2.61e-07  8.09e-10  1.65e-07  1.00e+00     9s
 523   4.61715027e-01  5.02e-06  7.89e-09  1.65e-07  1.00e+00     9s
 524   4.61715020e-01  2.41e-07  7.88e-10  1.65e-07  1.00e+00     9s
 525   4.61715017e-01  2.85e-08  7.86e-10  1.65e-07  1.00e+00     9s
 526   4.61715009e-01  2.29e-07  7.80e-10  1.65e-07  1.00e+00     9s
 527   4.61715006e-01  2.71e-08  7.78e-10  1.65e-07  1.00e+00    10s
 528   4.61714997e-01  2.19e-07  7.73e-10  1.65e-07  1.00e+00    10s
 529   4.61714974e-01  1.72e-06  1.06e-09  1.65e-07  1.00e+00    10s
 530   4.61714965e-01  2.02e-07  7.53e-10  1.65e-07  1.00e+00    10s
 531   4.61714941e-01  1.57e-06  4.05e-09  1.65e-07  1.00e+00    10s
 532   4.61714827e-01  6.62e-05  2.70e-08  1.65e-07  1.00e+00    10s
 533   4.61714817e-01  4.49e-06  3.61e-09  1.65e-07  1.00e+00    10s
 534   4.61714813e-01  1.95e-07  9.38e-10  1.65e-07  1.00e+00    10s
 535   4.61714799e-01  1.26e-06  1.67e-09  1.65e-07  1.00e+00    10s
 536   4.61714751e-01  9.91e-06  1.73e-09  1.65e-07  1.00e+00    10s
 537   4.61714737e-01  1.06e-06  2.01e-09  1.65e-07  1.00e+00    10s
 538   4.61714731e-01  1.24e-07  6.22e-10  1.65e-07  1.00e+00    10s
 539   4.61714715e-01  9.72e-07  6.10e-10  1.65e-07  1.00e+00    10s
 540   4.61714709e-01  1.14e-07  6.06e-10  1.65e-07  1.00e+00    10s
 541   4.61714693e-01  8.99e-07  5.95e-10  1.65e-07  1.00e+00    10s
 542   4.61714688e-01  1.06e-07  5.90e-10  1.65e-07  1.00e+00    10s
 543   4.61714672e-01  8.34e-07  5.81e-10  1.65e-07  1.00e+00    10s
 544   4.61714628e-01  8.31e-06  2.92e-09  1.65e-07  1.00e+00    10s
 545   4.61714615e-01  6.59e-07  9.52e-10  1.65e-07  1.00e+00    10s
 546   4.61714610e-01  8.07e-08  5.29e-10  1.65e-07  1.00e+00    10s
 547   4.61714596e-01  6.40e-07  8.18e-10  1.65e-07  1.00e+00    10s
 548   4.61714591e-01  7.58e-08  5.24e-10  1.65e-07  1.00e+00    10s
 549   4.61714579e-01  5.99e-07  5.15e-10  1.65e-07  1.00e+00    10s
 550   4.61714574e-01  7.04e-08  5.12e-10  1.65e-07  1.00e+00    10s
 551   4.61714558e-01  7.65e-07  2.96e-09  1.65e-07  1.00e+00    10s
 552   4.61714554e-01  6.56e-08  5.02e-10  1.65e-07  1.00e+00    10s
 553   4.61714552e-01  7.76e-09  5.00e-10  1.65e-07  1.00e+00    10s
 554   4.61677805e-01  6.72e-04  1.45e-04  1.78e-08  4.95e-01    10s
 555   4.61657127e-01  2.86e-03  6.77e-05  3.19e-09  4.46e-01    10s
 556   4.61648619e-01  1.81e-03  2.48e-05  1.61e-09  4.81e-01    10s
 557   4.61642933e-01  2.16e-03  2.17e-05  1.31e-09  3.18e-01    10s
 558   4.61637832e-01  1.21e-03  8.69e-06  1.12e-09  6.44e-01    10s
 559   4.61636461e-01  1.16e-03  2.04e-05  1.06e-09  1.10e-01    10s
 560   4.61632701e-01  7.71e-04  2.47e-06  1.01e-09  7.84e-01    10s
 561   4.61629089e-01  1.22e-03  9.97e-06  1.01e-09  3.42e-01    10s
 562   4.61627812e-01  8.77e-04  3.66e-07  1.01e-09  3.51e-01    10s
 563   4.61624935e-01  3.78e-03  2.57e-06  1.01e-09  2.82e-01    10s
 564   4.61623504e-01  2.04e-03  3.23e-07  1.00e-09  4.68e-01    10s
 565   4.61621710e-01  1.60e-03  1.24e-06  1.00e-09  2.42e-01    10s
 566   4.61620355e-01  6.14e-04  3.69e-07  1.00e-09  6.29e-01    10s
 567   4.61619367e-01  5.58e-04  1.28e-06  1.00e-09  1.96e-01    10s
 568   4.61617790e-01  1.87e-04  2.32e-07  1.00e-09  1.00e+00    10s
 569   4.61616863e-01  2.23e-04  3.34e-07  1.00e-09  2.08e-01    10s
 570   4.61615914e-01  1.58e-04  2.20e-07  1.00e-09  7.43e-01    10s
 571   4.61614467e-01  4.36e-04  7.61e-07  1.00e-09  3.64e-01    10s
 572   4.61613613e-01  1.64e-04  2.23e-07  1.00e-09  6.74e-01    10s
 573   4.61610040e-01  1.47e-03  2.20e-07  1.00e-09  1.00e+00    10s
 574   4.61609460e-01  8.10e-04  2.17e-07  1.00e-09  4.76e-01    10s
 575   4.61608182e-01  7.11e-04  3.82e-07  1.00e-09  3.79e-01    10s
 576   4.61606458e-01  1.12e-03  2.60e-06  1.00e-09  1.65e-01    10s
 577   4.61604408e-01  9.04e-04  4.26e-07  1.00e-09  6.62e-01    10s
 578   4.61603103e-01  1.42e-03  5.52e-06  1.00e-09  1.30e-01    11s
 579   4.61600918e-01  9.89e-04  2.41e-07  1.00e-09  7.57e-01    11s
 580   4.61599841e-01  1.81e-03  7.83e-06  1.01e-09  1.03e-01    11s
 581   4.61598834e-01  1.07e-03  1.91e-07  1.00e-09  4.09e-01    11s
 582   4.61598071e-01  1.53e-04  1.46e-07  1.00e-09  9.54e-01    11s
 583   4.61596729e-01  4.69e-04  1.45e-07  1.00e-09  5.95e-01    11s
 584   4.61595700e-01  7.54e-04  5.85e-07  1.00e-09  1.60e-01    11s
 585   4.61594463e-01  2.92e-02  3.02e-06  1.00e-09  5.09e-03    11s
 586   4.61594336e-01  2.14e-02  6.11e-07  1.01e-09  2.68e-01    11s
 587   4.61593290e-01  9.02e-03  1.44e-07  1.00e-09  5.79e-01    11s
 588   4.61592132e-01  7.19e-03  1.67e-06  1.00e-09  2.03e-01    11s
 589   4.61590982e-01  2.32e-03  1.28e-07  1.00e-09  6.78e-01    11s
 590   4.61588607e-01  7.09e-02  2.72e-06  1.00e-09  2.03e-01    11s
 591   4.61588419e-01  6.23e-02  7.29e-07  1.02e-09  1.23e-01    11s
 592   4.61585999e-01  2.89e-02  2.27e-07  1.00e-09  5.37e-01    11s
 593   4.61584689e-01  3.23e-03  4.41e-07  1.00e-09  8.90e-01    11s
 594   4.61582277e-01  2.27e-03  3.04e-07  1.00e-09  5.87e-01    11s
 595   4.61581672e-01  1.36e-03  1.20e-07  1.00e-09  4.22e-01    11s
 596   4.61581176e-01  4.84e-05  1.19e-07  1.00e-09  1.00e+00    11s
 597   4.61580137e-01  2.53e-04  1.19e-07  1.00e-09  7.36e-01    11s
 598   4.61578748e-01  6.49e-04  3.01e-07  1.00e-09  3.52e-01    11s
 599   4.61578023e-01  2.87e-03  1.56e-05  1.01e-09  2.09e-02    11s
 600   4.61575478e-01  2.38e-03  8.22e-07  1.00e-09  6.70e-01    11s
 601   4.61574756e-01  1.12e-03  1.09e-07  1.00e-09  5.89e-01    11s
 602   4.61573606e-01  1.08e-03  3.71e-07  1.00e-09  3.28e-01    11s
 603   4.61568359e-01  7.52e-03  2.26e-07  9.99e-10  5.39e-01    11s
 604   4.61566738e-01  4.54e-03  2.84e-07  1.00e-09  4.88e-01    11s
 605   4.61565596e-01  3.46e-04  9.58e-08  1.00e-09  1.00e+00    11s
 606   4.61563107e-01  2.22e-03  8.22e-07  1.00e-09  8.50e-01    11s
 607   4.61562007e-01  3.26e-04  1.06e-07  1.00e-09  1.00e+00    11s
 608   4.61561823e-01  3.27e-04  3.14e-07  1.00e-09  3.92e-02    11s
 609   4.61561532e-01  2.50e-04  1.69e-07  1.00e-09  2.82e-01    11s
 610   4.61560241e-01  9.22e-04  1.79e-07  1.00e-09  5.26e-01    11s
 611   4.61558607e-01  1.93e-03  7.65e-07  1.00e-09  2.42e-01    11s
 612   4.61557957e-01  1.18e-03  1.92e-07  1.00e-09  3.94e-01    11s
 613   4.61554782e-01  2.33e-03  1.71e-07  1.00e-09  6.71e-01    11s
 614   4.61551945e-01  1.40e-02  3.20e-06  1.01e-09  1.87e-01    11s
 615   4.61549772e-01  9.40e-03  6.43e-07  1.00e-09  4.69e-01    11s
 616   4.61548606e-01  2.38e-03  7.52e-08  1.00e-09  7.80e-01    11s
 617   4.61546610e-01  2.27e-03  4.72e-07  1.00e-09  4.74e-01    11s
 618   4.61545171e-01  5.85e-04  7.68e-08  1.00e-09  1.00e+00    11s
 619   4.61543010e-01  1.87e-03  4.05e-07  1.00e-09  5.26e-01    11s
 620   4.61540553e-01  4.14e-03  1.49e-06  1.01e-09  2.07e-01    11s
 621   4.61538510e-01  3.33e-03  3.59e-07  1.00e-09  5.34e-01    11s
 622   4.61535973e-01  1.28e-02  2.73e-06  1.01e-09  2.13e-01    11s
 623   4.61534550e-01  8.33e-03  1.41e-06  1.00e-09  3.96e-01    11s
 624   4.61533314e-01  5.83e-04  6.89e-08  1.00e-09  1.00e+00    11s
 625   4.61531606e-01  1.46e-03  7.46e-08  1.00e-09  4.91e-01    11s
 626   4.61530515e-01  6.06e-04  6.82e-08  1.00e-09  9.14e-01    11s
 627   4.61527771e-01  3.23e-03  1.30e-07  1.00e-09  8.19e-01    11s
 628   4.61526876e-01  1.03e-03  6.98e-08  1.00e-09  7.86e-01    11s
 629   4.61525933e-01  1.02e-03  3.89e-07  1.00e-09  2.95e-01    11s
 630   4.61524882e-01  4.61e-04  1.35e-07  1.00e-09  1.00e+00    12s
 631   4.61522489e-01  2.68e-03  3.30e-07  1.00e-09  7.79e-01    12s
 632   4.61521738e-01  8.95e-04  6.21e-08  1.00e-09  7.50e-01    12s
 633   4.61520376e-01  1.24e-03  6.19e-08  1.00e-09  4.86e-01    12s
 634   4.61519423e-01  4.29e-04  6.20e-08  1.00e-09  1.00e+00    12s
 635   4.61516977e-01  2.76e-03  6.15e-08  9.99e-10  8.95e-01    12s
 636   4.61516052e-01  3.94e-04  6.14e-08  1.00e-09  1.00e+00    12s
 637   4.61514544e-01  1.23e-03  2.18e-07  1.00e-09  5.76e-01    12s
 638   4.61513649e-01  4.22e-04  6.09e-08  1.00e-09  1.00e+00    12s
 639   4.61511113e-01  2.97e-03  6.03e-08  9.99e-10  1.00e+00    12s
 640   4.61510258e-01  3.37e-04  6.02e-08  1.00e-09  1.00e+00    12s
 641   4.61507842e-01  2.78e-03  9.09e-08  9.99e-10  1.00e+00    12s
 642   4.61507178e-01  6.97e-04  6.06e-08  1.00e-09  8.29e-01    12s
 643   4.61505606e-01  1.56e-03  5.94e-08  1.00e-09  7.16e-01    12s
 644   4.61504862e-01  3.13e-04  5.41e-08  1.00e-09  1.00e+00    12s
 645   4.61502940e-01  2.11e-03  5.87e-08  1.00e-09  9.02e-01    12s
 646   4.61502220e-01  2.98e-04  5.75e-08  1.00e-09  1.00e+00    12s
 647   4.61500177e-01  2.44e-03  5.79e-08  9.99e-10  1.00e+00    12s
 648   4.61499486e-01  2.84e-04  5.75e-08  1.00e-09  1.00e+00    12s
 649   4.61497966e-01  1.51e-03  6.24e-08  1.00e-09  7.86e-01    12s
 650   4.61496713e-01  3.00e-03  8.77e-07  1.00e-09  2.15e-01    12s
 651   4.61495177e-01  1.43e-03  5.38e-08  1.00e-09  8.52e-01    12s
 652   4.61494098e-01  2.46e-03  8.24e-07  1.00e-09  1.99e-01    12s
 653   4.61492929e-01  1.28e-03  8.82e-08  1.00e-09  6.75e-01    12s
 654   4.61490575e-01  1.82e-02  6.50e-07  9.99e-10  5.34e-01    12s
 655   4.61489004e-01  1.57e-03  3.82e-08  1.00e-09  1.00e+00    12s
 656   4.61487181e-01  1.00e-02  6.53e-07  1.00e-09  4.09e-01    12s
 657   4.61485696e-01  1.48e-03  3.64e-08  1.00e-09  1.00e+00    12s
 658   4.61485194e-01  1.73e-04  3.61e-08  1.00e-09  1.00e+00    12s
 659   4.61484048e-01  9.90e-04  4.27e-07  1.00e-09  8.36e-01    12s
 660   4.61483583e-01  1.69e-04  5.12e-08  1.00e-09  1.00e+00    12s
 661   4.61482235e-01  1.38e-03  3.61e-08  1.00e-09  1.00e+00    12s
 662   4.61480847e-01  2.65e-03  1.41e-06  1.00e-09  3.46e-01    12s
 663   4.61479602e-01  1.31e-03  3.41e-08  1.00e-09  1.00e+00    12s
 664   4.61477685e-01  4.04e-03  2.62e-07  9.99e-10  5.81e-01    12s
 665   4.61476528e-01  1.24e-03  3.67e-08  1.00e-09  1.00e+00    12s
 666   4.61476133e-01  1.38e-04  3.38e-08  1.00e-09  1.00e+00    12s
 667   4.61475015e-01  1.10e-03  3.41e-08  1.00e-09  1.00e+00    12s
 668   4.61474632e-01  1.30e-04  3.54e-08  1.00e-09  1.00e+00    12s
 669   4.61473557e-01  1.05e-03  3.52e-08  1.00e-09  9.92e-01    12s
 670   4.61471712e-01  4.57e-03  2.03e-07  9.98e-10  6.29e-01    12s
 671   4.61470698e-01  1.00e-03  3.58e-08  1.00e-09  1.00e+00    12s
 672   4.61469695e-01  7.40e-03  6.71e-07  1.00e-09  3.38e-01    12s
 673   4.61468715e-01  9.62e-04  3.32e-08  1.00e-09  1.00e+00    12s
 674   4.61468380e-01  1.13e-04  3.28e-08  1.00e-09  1.00e+00    12s
 675   4.61467450e-01  8.97e-04  3.25e-08  1.00e-09  9.88e-01    12s
 676   4.61465975e-01  2.68e-03  1.32e-07  9.99e-10  5.73e-01    12s
 677   4.61465090e-01  8.07e-04  3.28e-08  1.00e-09  1.00e+00    12s
 678   4.61463666e-01  4.19e-03  4.09e-07  1.00e-09  5.56e-01    12s
 679   4.61462819e-01  7.54e-04  3.30e-08  1.00e-09  1.00e+00    12s
 680   4.61461685e-01  2.78e-03  5.18e-07  1.00e-09  4.62e-01    12s
 681   4.61461514e-01  2.21e-03  1.47e-07  1.00e-09  2.10e-01    13s
 682   4.61459799e-01  3.15e-03  3.79e-07  1.00e-09  7.83e-01    13s
 683   4.61459027e-01  6.36e-04  3.48e-08  1.00e-09  1.00e+00    13s
 684   4.61457890e-01  1.71e-03  2.37e-07  1.00e-09  5.31e-01    13s
 685   4.61457224e-01  5.68e-04  3.43e-08  1.00e-09  9.33e-01    13s
 686   4.61456983e-01  6.66e-05  3.38e-08  1.00e-09  1.00e+00    13s
 687   4.61456291e-01  5.35e-04  3.31e-08  1.00e-09  1.00e+00    13s
 688   4.61455185e-01  1.63e-03  1.98e-07  1.00e-09  5.81e-01    13s
 689   4.61454546e-01  4.77e-04  3.26e-08  1.00e-09  1.00e+00    13s
 690   4.61452777e-01  3.56e-03  9.58e-08  9.99e-10  1.00e+00    13s
 691   4.61452180e-01  4.14e-04  3.93e-08  1.00e-09  1.00e+00    13s
 692   4.61451171e-01  1.27e-03  1.71e-07  1.00e-09  6.06e-01    13s
 693   4.61450598e-01  3.61e-04  3.57e-08  1.00e-09  1.00e+00    13s
 694   4.61449820e-01  8.80e-04  2.04e-07  1.00e-09  4.92e-01    13s
 695   4.61448509e-01  6.68e-03  4.55e-07  1.00e-09  3.09e-01    13s
 696   4.61447695e-01  3.22e-03  2.72e-07  1.00e-09  5.46e-01    13s
 697   4.61447205e-01  3.21e-04  3.52e-08  1.00e-09  1.00e+00    13s
 698   4.61446277e-01  1.25e-03  1.22e-07  1.00e-09  6.75e-01    13s
 699   4.61445813e-01  2.87e-04  3.49e-08  1.00e-09  1.00e+00    13s
 700   4.61444502e-01  2.35e-03  2.78e-07  9.99e-10  1.00e+00    13s
 701   4.61444067e-01  2.77e-04  3.44e-08  1.00e-09  1.00e+00    13s
 702   4.61443137e-01  1.32e-03  8.88e-08  1.00e-09  7.65e-01    13s
 703   4.61442726e-01  2.58e-04  3.25e-08  1.00e-09  1.00e+00    13s
 704   4.61442035e-01  8.11e-04  1.63e-07  1.00e-09  6.03e-01    13s
 705   4.61440989e-01  4.07e-03  7.96e-07  1.00e-09  3.28e-01    13s
 706   4.61439940e-01  1.43e-03  1.81e-07  1.00e-09  1.00e+00    13s
 707   4.61438802e-01  2.91e-03  7.60e-07  1.00e-09  3.93e-01    13s
 708   4.61437974e-01  1.27e-03  2.48e-07  1.00e-09  8.91e-01    13s
 709   4.61437652e-01  1.41e-04  3.28e-08  1.00e-09  1.00e+00    13s
 710   4.61436745e-01  1.45e-03  5.34e-08  1.00e-09  1.00e+00    13s
 711   4.61436438e-01  1.40e-04  3.24e-08  1.00e-09  1.00e+00    13s
 712   4.61435584e-01  1.10e-03  5.37e-08  1.00e-09  1.00e+00    13s
 713   4.61435297e-01  1.23e-04  3.16e-08  1.00e-09  1.00e+00    13s
 714   4.61434481e-01  1.01e-03  3.02e-08  1.00e-09  1.00e+00    13s
 715   4.61434204e-01  1.20e-04  2.95e-08  1.00e-09  1.00e+00    13s
 716   4.61433547e-01  7.35e-04  4.03e-08  1.00e-09  8.50e-01    13s
 717   4.61433286e-01  1.18e-04  3.02e-08  1.00e-09  1.00e+00    13s
 718   4.61432697e-01  6.44e-04  5.19e-08  1.00e-09  8.01e-01    13s
 719   4.61432458e-01  1.15e-04  3.17e-08  1.00e-09  1.00e+00    13s
 720   4.61431768e-01  9.49e-04  3.08e-08  1.00e-09  1.00e+00    13s
 721   4.61431535e-01  1.12e-04  3.13e-08  1.00e-09  1.00e+00    13s
 722   4.61430963e-01  6.60e-04  3.16e-08  1.00e-09  8.81e-01    13s
 723   4.61430751e-01  1.10e-04  3.22e-08  1.00e-09  1.00e+00    13s
 724   4.61430137e-01  9.12e-04  3.21e-08  1.00e-09  1.00e+00    13s
 725   4.61429933e-01  1.08e-04  3.25e-08  1.00e-09  1.00e+00    13s
 726   4.61429357e-01  7.92e-04  5.94e-08  1.00e-09  1.00e+00    13s
 727   4.61429162e-01  1.06e-04  3.32e-08  1.00e-09  1.00e+00    13s
 728   4.61428608e-01  9.76e-04  3.31e-08  1.00e-09  1.00e+00    13s
 729   4.61428419e-01  1.03e-04  3.33e-08  1.00e-09  1.00e+00    13s
 730   4.61427888e-01  8.45e-04  3.32e-08  1.00e-09  1.00e+00    13s
 731   4.61426680e-01  9.51e-02  8.65e-07  9.97e-10  7.75e-01    13s
 732   4.61426493e-01  6.54e-02  6.33e-07  1.00e-09  4.91e-01    14s
 733   4.61426402e-01  6.33e-02  5.39e-07  1.08e-09  7.23e-01    14s
 734   4.61426035e-01  1.11e-02  3.41e-08  1.00e-09  8.24e-01    14s
 735   4.61425325e-01  2.25e-02  5.49e-07  9.99e-10  5.78e-01    14s
 736   4.61424970e-01  7.41e-04  3.24e-08  1.00e-09  1.00e+00    14s
 737   4.61424846e-01  8.77e-05  3.18e-08  1.00e-09  1.00e+00    14s
 738   4.61424495e-01  7.15e-04  3.08e-08  1.00e-09  1.00e+00    14s
 739   4.61424376e-01  8.48e-05  3.05e-08  1.00e-09  1.00e+00    14s
 740   4.61424039e-01  6.91e-04  2.92e-08  1.00e-09  1.00e+00    14s
 741   4.61423202e-01  1.15e-02  1.85e-07  9.99e-10  8.81e-01    14s
 742   4.61422903e-01  6.53e-04  3.86e-08  1.00e-09  1.00e+00    14s
 743   4.61422064e-01  8.24e-03  3.04e-07  9.99e-10  1.00e+00    14s
 744   4.61421926e-01  3.78e-03  5.99e-08  1.00e-09  5.61e-01    14s
 745   4.61421847e-01  5.96e-05  2.10e-08  1.00e-09  1.00e+00    14s
 746   4.61421611e-01  5.08e-04  2.08e-08  1.00e-09  1.00e+00    14s
 747   4.61421531e-01  6.38e-05  2.08e-08  1.00e-09  1.00e+00    14s
 748   4.61421303e-01  6.18e-04  2.07e-08  1.00e-09  1.00e+00    14s
 749   4.61421226e-01  8.65e-05  2.07e-08  1.00e-09  1.00e+00    14s
 750   4.61421007e-01  7.35e-04  2.05e-08  1.00e-09  1.00e+00    14s
 751   4.61420932e-01  8.72e-05  2.05e-08  1.00e-09  1.00e+00    14s
 752   4.61420719e-01  7.16e-04  2.04e-08  1.00e-09  1.00e+00    14s
 753   4.61420145e-01  2.91e-03  2.11e-07  1.00e-09  1.00e+00    14s
 754   4.61419945e-01  6.83e-04  2.01e-08  1.00e-09  1.00e+00    14s
 755   4.61419877e-01  8.21e-05  2.01e-08  1.00e-09  1.00e+00    14s
 756   4.61419682e-01  6.13e-04  2.00e-08  1.00e-09  1.00e+00    14s
 757   4.61419145e-01  4.59e-03  1.37e-07  1.00e-09  1.00e+00    14s
 758   4.61418957e-01  1.08e-03  5.18e-08  1.00e-09  1.00e+00    14s
 759   4.61418429e-01  8.45e-03  1.43e-07  1.00e-09  1.00e+00    14s
 760   4.61418251e-01  3.77e-04  1.93e-08  1.00e-09  1.00e+00    14s
 761   4.61418191e-01  6.06e-05  1.92e-08  1.00e-09  1.00e+00    14s
 762   4.61418019e-01  5.22e-04  1.91e-08  1.00e-09  1.00e+00    14s
 763   4.61417960e-01  6.13e-05  1.91e-08  1.00e-09  1.00e+00    14s
 764   4.61417793e-01  4.90e-04  1.90e-08  1.00e-09  1.00e+00    14s
 765   4.61417312e-01  6.87e-03  1.32e-07  1.00e-09  1.00e+00    14s
 766   4.61417153e-01  3.91e-04  1.87e-08  1.00e-09  1.00e+00    14s
 767   4.61417099e-01  4.01e-05  1.86e-08  1.00e-09  1.00e+00    14s
 768   4.61416944e-01  2.83e-04  1.85e-08  1.00e-09  1.00e+00    14s
 769   4.61416522e-01  2.33e-03  6.15e-08  1.00e-09  1.00e+00    14s
 770   4.61416379e-01  2.70e-04  1.81e-08  1.00e-09  1.00e+00    14s
 771   4.61415947e-01  6.08e-03  1.32e-07  1.00e-09  1.00e+00    14s
 772   4.61415806e-01  2.67e-04  1.74e-08  1.00e-09  1.00e+00    14s
 773   4.61415407e-01  2.09e-03  3.53e-07  1.00e-09  1.00e+00    14s
 774   4.61415274e-01  2.54e-04  1.69e-08  1.00e-09  1.00e+00    14s
 775   4.61414894e-01  1.94e-03  9.17e-08  1.00e-09  1.00e+00    14s
 776   4.61414766e-01  2.44e-04  1.64e-08  1.00e-09  1.00e+00    14s
 777   4.61414404e-01  2.03e-03  3.62e-08  1.00e-09  1.00e+00    14s
 778   4.61414281e-01  2.37e-04  1.53e-08  1.00e-09  1.00e+00    14s
 779   4.61414239e-01  2.83e-05  1.50e-08  1.00e-09  1.00e+00    14s
 780   4.61414118e-01  2.32e-04  1.43e-08  1.00e-09  1.00e+00    14s
 781   4.61414076e-01  2.74e-05  1.38e-08  1.00e-09  1.00e+00    14s
 782   4.61413957e-01  2.25e-04  1.35e-08  1.00e-09  1.00e+00    14s
 783   4.61413651e-01  1.51e-02  3.99e-07  1.00e-09  1.00e+00    15s
 784   4.61413537e-01  2.15e-04  1.37e-08  1.00e-09  1.00e+00    15s
 785   4.61413499e-01  2.56e-05  1.36e-08  1.00e-09  1.00e+00    15s
 786   4.61413387e-01  2.10e-04  1.36e-08  1.00e-09  1.00e+00    15s
 787   4.61413076e-01  1.64e-03  8.58e-08  1.00e-09  1.00e+00    15s
 788   4.61412970e-01  1.99e-04  1.34e-08  1.00e-09  1.00e+00    15s
 789   4.61412670e-01  1.65e-03  4.03e-08  1.00e-09  1.00e+00    15s
 790   4.61412567e-01  1.91e-04  1.32e-08  1.00e-09  1.00e+00    15s
 791   4.61412273e-01  1.58e-03  5.81e-08  1.00e-09  1.00e+00    15s
 792   4.61412173e-01  1.84e-04  1.30e-08  1.00e-09  1.00e+00    15s
 793   4.61411880e-01  2.63e-03  9.80e-08  1.00e-09  1.00e+00    15s
 794   4.61411782e-01  1.76e-04  1.28e-08  1.00e-09  1.00e+00    15s
 795   4.61411510e-01  1.45e-03  6.19e-08  1.00e-09  1.00e+00    15s
 796   4.61410672e-01  1.55e-01  1.55e-06  9.99e-10  1.00e+00    15s
 797   4.61410420e-01  1.27e-03  9.25e-08  1.00e-09  1.00e+00    15s
 798   4.61410331e-01  1.55e-04  1.25e-08  1.00e-09  1.00e+00    15s
 799   4.61410069e-01  7.79e-03  1.69e-07  1.00e-09  1.00e+00    15s
 800   4.61409983e-01  1.47e-04  1.24e-08  1.00e-09  1.00e+00    15s
 801   4.61409745e-01  2.03e-01  1.13e-06  1.00e-09  8.20e-01    15s
 802   4.61409132e-01  4.20e-02  2.12e-07  1.00e-09  1.00e+00    15s
 803   4.61408918e-01  9.17e-04  3.63e-08  1.00e-09  1.00e+00    15s
 804   4.61408844e-01  1.16e-04  1.31e-08  1.00e-09  1.00e+00    15s
 805   4.61408632e-01  9.83e-04  1.61e-08  1.00e-09  1.00e+00    15s
 806   4.61408560e-01  1.08e-04  1.32e-08  1.00e-09  1.00e+00    15s
 807   4.61408356e-01  1.17e-03  6.95e-08  1.00e-09  1.00e+00    15s
 808   4.61408286e-01  1.06e-04  1.32e-08  1.00e-09  1.00e+00    15s
 809   4.61408090e-01  8.55e-04  1.31e-08  1.00e-09  1.00e+00    15s
 810   4.61408024e-01  1.02e-04  1.31e-08  1.00e-09  1.00e+00    15s
 811   4.61407836e-01  8.30e-04  1.31e-08  1.00e-09  1.00e+00    15s
 812   4.61407772e-01  9.79e-05  1.31e-08  1.00e-09  1.00e+00    15s
 813   4.61407591e-01  8.94e-04  6.35e-08  1.00e-09  1.00e+00    15s
 814   4.61407152e-01  5.36e-03  1.81e-07  1.00e-09  8.68e-01    15s
 815   4.61406984e-01  1.83e-03  3.94e-08  1.00e-09  1.00e+00    15s
 816   4.61406512e-01  1.49e-02  1.79e-07  9.99e-10  1.00e+00    15s
 817   4.61406353e-01  5.88e-04  3.89e-08  1.00e-09  1.00e+00    15s
 818   4.61406299e-01  8.61e-05  1.41e-08  1.00e-09  1.00e+00    15s
 819   4.61406146e-01  7.54e-04  1.41e-08  1.00e-09  1.00e+00    15s
 820   4.61405815e-01  3.46e-03  3.01e-07  1.00e-09  7.41e-01    15s
 821   4.61405670e-01  8.09e-04  1.44e-08  1.00e-09  1.00e+00    15s
 822   4.61405621e-01  6.97e-05  1.43e-08  1.00e-09  1.00e+00    15s
 823   4.61405483e-01  5.50e-04  6.99e-08  1.00e-09  1.00e+00    15s
 824   4.61405437e-01  6.51e-05  1.40e-08  1.00e-09  1.00e+00    15s
 825   4.61405305e-01  5.41e-04  4.79e-08  1.00e-09  1.00e+00    15s
 826   4.61405261e-01  6.15e-05  1.38e-08  1.00e-09  1.00e+00    15s
 827   4.61405135e-01  5.06e-04  1.36e-08  1.00e-09  1.00e+00    15s
 828   4.61405092e-01  5.95e-05  1.37e-08  1.00e-09  1.00e+00    15s
 829   4.61404969e-01  5.00e-04  4.94e-08  1.00e-09  1.00e+00    15s
 830   4.61404620e-01  7.10e-03  1.39e-07  1.00e-09  1.00e+00    15s
 831   4.61404507e-01  4.39e-04  2.91e-08  1.00e-09  1.00e+00    15s
 832   4.61404468e-01  5.57e-05  1.24e-08  1.00e-09  1.00e+00    15s
 833   4.61404358e-01  4.41e-04  1.20e-08  1.00e-09  1.00e+00    15s
 834   4.61404320e-01  5.13e-05  1.18e-08  1.00e-09  1.00e+00    15s
 835   4.61404212e-01  3.68e-04  1.20e-08  1.00e-09  1.00e+00    16s
 836   4.61403942e-01  1.36e-02  1.78e-07  9.99e-10  8.86e-01    16s
 837   4.61403885e-01  6.11e-03  5.60e-08  1.00e-09  5.51e-01    16s
 838   4.61403854e-01  1.58e-04  1.73e-08  1.00e-09  1.00e+00    16s
 839   4.61403756e-01  2.96e-04  1.19e-08  1.00e-09  1.00e+00    16s
 840   4.61403723e-01  3.11e-05  1.20e-08  1.00e-09  1.00e+00    16s
 841   4.61403629e-01  2.99e-04  1.19e-08  1.00e-09  1.00e+00    16s
 842   4.61403330e-01  2.45e-01  1.69e-06  9.99e-10  1.00e+00    16s
 843   4.61403236e-01  3.15e-04  6.97e-08  1.00e-09  1.00e+00    16s
 844   4.61402977e-01  2.44e-03  1.23e-07  1.00e-09  1.00e+00    16s
 845   4.61402892e-01  2.47e-04  2.18e-08  1.00e-09  1.00e+00    16s
 846   4.61402649e-01  2.44e-03  1.67e-07  1.00e-09  1.00e+00    16s
 847   4.61402568e-01  2.65e-04  1.54e-08  1.00e-09  1.00e+00    16s
 848   4.61402540e-01  3.20e-05  1.54e-08  1.00e-09  1.00e+00    16s
 849   4.61402461e-01  2.66e-04  1.55e-08  1.00e-09  1.00e+00    16s
 850   4.61402241e-01  1.31e-02  3.85e-07  9.99e-10  1.00e+00    16s
 851   4.61402163e-01  2.50e-04  1.55e-08  1.00e-09  1.00e+00    16s
 852   4.61401948e-01  2.20e-03  1.22e-07  1.00e-09  1.00e+00    16s
 853   4.61401875e-01  2.60e-04  1.62e-08  1.00e-09  1.00e+00    16s
 854   4.61401850e-01  3.09e-05  1.62e-08  1.00e-09  1.00e+00    16s
 855   4.61401779e-01  2.50e-04  1.60e-08  1.00e-09  1.00e+00    16s
 856   4.61401755e-01  2.93e-05  1.60e-08  1.00e-09  1.00e+00    16s
 857   4.61401686e-01  2.38e-04  1.59e-08  1.00e-09  1.00e+00    16s
 858   4.61401662e-01  2.80e-05  1.59e-08  1.00e-09  1.00e+00    16s
 859   4.61401595e-01  2.26e-04  1.58e-08  1.00e-09  1.00e+00    16s
 860   4.61401572e-01  2.66e-05  1.58e-08  1.00e-09  1.00e+00    16s
 861   4.61401506e-01  2.16e-04  1.57e-08  1.00e-09  1.00e+00    16s
 862   4.61401315e-01  1.93e-03  1.43e-07  1.00e-09  1.00e+00    16s
 863   4.61401252e-01  2.04e-04  1.56e-08  1.00e-09  1.00e+00    16s
 864   4.61401072e-01  2.08e-03  1.35e-07  1.00e-09  1.00e+00    16s
 865   4.61401011e-01  2.00e-04  1.54e-08  1.00e-09  1.00e+00    16s
 866   4.61400832e-01  3.67e-03  1.79e-07  1.00e-09  1.00e+00    16s
 867   4.61400773e-01  1.92e-04  1.47e-08  1.00e-09  1.00e+00    16s
 868   4.61400614e-01  1.69e-03  1.28e-07  1.00e-09  1.00e+00    16s
 869   4.61400558e-01  1.95e-04  1.46e-08  1.00e-09  1.00e+00    16s
 870   4.61400469e-01  1.71e-02  6.18e-07  1.00e-09  5.30e-01    16s
 871   4.61400415e-01  1.93e-04  1.48e-08  1.00e-09  1.00e+00    16s
 872   4.61400262e-01  1.49e-03  8.58e-08  1.00e-09  1.00e+00    16s
 873   4.61400210e-01  1.96e-04  1.54e-08  1.00e-09  1.00e+00    16s
 874   4.61400065e-01  1.58e-03  8.10e-08  1.00e-09  1.00e+00    16s
 875   4.61400015e-01  2.05e-04  1.61e-08  1.00e-09  1.00e+00    16s
 876   4.61399874e-01  2.02e-03  3.08e-07  1.00e-09  1.00e+00    16s
 877   4.61399829e-01  2.52e-04  1.82e-08  1.00e-09  1.00e+00    16s
 878   4.61399704e-01  2.15e-03  7.56e-08  1.00e-09  1.00e+00    16s
 879   4.61399661e-01  2.55e-04  1.88e-08  1.00e-09  1.00e+00    16s
 880   4.61399535e-01  2.10e-03  9.39e-08  1.00e-09  1.00e+00    16s
 881   4.61399493e-01  2.48e-04  1.90e-08  1.00e-09  1.00e+00    16s
 882   4.61399370e-01  2.12e-03  1.94e-07  1.00e-09  1.00e+00    16s
 883   4.61399315e-01  8.95e-03  3.22e-07  1.00e-09  1.49e-01    16s
 884   4.61399205e-01  2.22e-03  1.25e-07  1.00e-09  1.00e+00    16s
 885   4.61399169e-01  2.33e-04  1.93e-08  1.00e-09  1.00e+00    16s
 886   4.61399157e-01  2.76e-05  1.92e-08  1.00e-09  1.00e+00    16s
 887   4.61399121e-01  2.23e-04  1.90e-08  1.00e-09  1.00e+00    16s
 888   4.61399022e-01  1.74e-03  1.86e-08  1.00e-09  1.00e+00    17s
 889   4.61398987e-01  1.96e-04  1.84e-08  1.00e-09  1.00e+00    17s
 890   4.61398963e-01  3.71e-04  1.74e-07  1.00e-09  2.26e-01    17s
 891   4.61398929e-01  1.73e-04  1.75e-08  1.00e-09  1.00e+00    17s
 892   4.61398918e-01  1.94e-05  1.70e-08  1.00e-09  1.00e+00    17s
 893   4.61398886e-01  1.39e-04  1.59e-08  1.00e-09  1.00e+00    17s
 894   4.61398799e-01  8.79e-04  8.56e-08  1.00e-09  9.55e-01    17s
 895   4.61398596e-01  5.39e-03  1.91e-07  1.00e-09  1.00e+00    17s
 896   4.61398518e-01  7.48e-04  2.51e-08  1.00e-09  1.00e+00    17s
 897   4.61398491e-01  9.11e-05  9.10e-09  1.00e-09  1.00e+00    17s
 898   4.61398482e-01  1.08e-05  9.12e-09  1.00e-09  1.00e+00    17s
 899   4.61398456e-01  8.85e-05  9.14e-09  1.00e-09  1.00e+00    17s
 900   4.61398447e-01  1.06e-05  9.13e-09  1.00e-09  1.00e+00    17s
 901   4.61398422e-01  8.66e-05  9.15e-09  1.00e-09  1.00e+00    17s
 902   4.61398348e-01  8.94e-04  8.24e-08  1.00e-09  1.00e+00    17s
 903   4.61398323e-01  8.59e-05  9.13e-09  1.00e-09  1.00e+00    17s
 904   4.61398315e-01  1.02e-05  9.16e-09  1.00e-09  1.00e+00    17s
 905   4.61398290e-01  8.37e-05  9.19e-09  1.00e-09  1.00e+00    17s
 906   4.61398282e-01  1.00e-05  9.18e-09  1.00e-09  1.00e+00    17s
 907   4.61398258e-01  8.19e-05  9.20e-09  1.00e-09  1.00e+00    17s
 908   4.61398188e-01  1.49e-03  2.65e-07  1.00e-09  1.00e+00    17s
 909   4.61398165e-01  9.04e-05  2.93e-08  1.00e-09  1.00e+00    17s
 910   4.61398099e-01  6.53e-04  1.54e-08  1.00e-09  1.00e+00    17s
 911   4.61398076e-01  8.05e-05  9.27e-09  1.00e-09  1.00e+00    17s
 912   4.61398069e-01  9.57e-06  9.26e-09  1.00e-09  1.00e+00    17s
 913   4.61398046e-01  7.81e-05  9.26e-09  1.00e-09  1.00e+00    17s
 914   4.61398039e-01  9.36e-06  9.27e-09  1.00e-09  1.00e+00    17s
 915   4.61398016e-01  7.66e-05  9.29e-09  1.00e-09  1.00e+00    17s
 916   4.61398009e-01  9.14e-06  9.29e-09  1.00e-09  1.00e+00    17s
 917   4.61397987e-01  7.49e-05  9.30e-09  1.00e-09  1.00e+00    17s
 918   4.61397980e-01  8.94e-06  9.30e-09  1.00e-09  1.00e+00    17s
 919   4.61397958e-01  7.31e-05  9.31e-09  1.00e-09  1.00e+00    17s
 920   4.61397951e-01  8.73e-06  9.32e-09  1.00e-09  1.00e+00    17s
 921   4.61397930e-01  7.15e-05  9.32e-09  1.00e-09  1.00e+00    17s
 922   4.61397873e-01  1.44e-02  4.27e-07  1.00e-09  9.59e-01    17s
 923   4.61397853e-01  3.27e-04  1.43e-08  1.00e-09  1.00e+00    17s
 924   4.61397790e-01  1.44e-03  2.04e-07  1.00e-09  1.00e+00    17s
 925   4.61397771e-01  6.98e-05  9.40e-09  1.00e-09  1.00e+00    17s
 926   4.61397715e-01  5.25e-04  4.59e-08  1.00e-09  1.00e+00    17s
 927   4.61397695e-01  6.92e-05  9.41e-09  1.00e-09  1.00e+00    17s
 928   4.61397689e-01  8.21e-06  9.39e-09  1.00e-09  1.00e+00    17s
 929   4.61397669e-01  6.72e-05  9.42e-09  1.00e-09  1.00e+00    17s
 930   4.61397663e-01  8.02e-06  9.40e-09  1.00e-09  1.00e+00    17s
 931   4.61397644e-01  6.56e-05  9.42e-09  1.00e-09  1.00e+00    17s
 932   4.61397637e-01  7.83e-06  9.41e-09  1.00e-09  1.00e+00    17s
 933   4.61397619e-01  6.41e-05  9.43e-09  1.00e-09  1.00e+00    17s
 934   4.61397559e-01  8.30e-04  1.23e-07  1.00e-09  1.00e+00    17s
 935   4.61397416e-01  2.49e-03  2.15e-07  1.00e-09  1.00e+00    17s
 936   4.61397366e-01  5.33e-04  9.47e-09  1.00e-09  1.00e+00    17s
 937   4.61397348e-01  6.39e-05  9.49e-09  1.00e-09  1.00e+00    17s
 938   4.61397300e-01  5.10e-04  2.60e-08  1.00e-09  1.00e+00    17s
 939   4.61397283e-01  6.30e-05  9.51e-09  1.00e-09  1.00e+00    18s
 940   4.61397234e-01  5.35e-04  4.70e-08  1.00e-09  1.00e+00    18s
 941   4.61397218e-01  6.21e-05  9.54e-09  1.00e-09  1.00e+00    18s
 942   4.61397167e-01  8.20e-04  1.22e-07  1.00e-09  1.00e+00    18s
 943   4.61397152e-01  6.08e-05  9.50e-09  1.00e-09  1.00e+00    18s
 944   4.61397108e-01  4.84e-04  1.97e-08  1.00e-09  1.00e+00    18s
 945   4.61397092e-01  6.03e-05  9.58e-09  1.00e-09  1.00e+00    18s
 946   4.61397049e-01  4.61e-04  5.74e-08  1.00e-09  1.00e+00    18s
 947   4.61397034e-01  5.95e-05  9.61e-09  1.00e-09  1.00e+00    18s
 948   4.61396991e-01  7.61e-04  6.15e-08  1.00e-09  1.00e+00    18s
 949   4.61396976e-01  5.83e-05  9.62e-09  1.00e-09  1.00e+00    18s
 950   4.61396935e-01  4.80e-04  9.68e-09  1.00e-09  1.00e+00    18s
 951   4.61396920e-01  5.76e-05  9.65e-09  1.00e-09  1.00e+00    18s
 952   4.61396915e-01  6.85e-06  9.66e-09  1.00e-09  1.00e+00    18s
 953   4.61396901e-01  5.61e-05  9.68e-09  1.00e-09  1.00e+00    18s
 954   4.61396862e-01  4.42e-04  1.31e-08  1.00e-09  1.00e+00    18s
 955   4.61396848e-01  5.55e-05  9.69e-09  1.00e-09  1.00e+00    18s
 956   4.61396810e-01  4.54e-04  2.98e-08  1.00e-09  1.00e+00    18s
 957   4.61396796e-01  5.44e-05  2.56e-08  1.00e-09  1.00e+00    18s
 958   4.61396758e-01  4.49e-04  9.77e-09  1.00e-09  1.00e+00    18s
 959   4.61396745e-01  5.38e-05  9.73e-09  1.00e-09  1.00e+00    18s
 960   4.61396708e-01  4.15e-04  3.29e-08  1.00e-09  1.00e+00    18s
 961   4.61396696e-01  5.31e-05  9.77e-09  1.00e-09  1.00e+00    18s
 962   4.61396659e-01  4.37e-04  9.83e-09  1.00e-09  1.00e+00    18s
 963   4.61396647e-01  5.20e-05  9.76e-09  1.00e-09  1.00e+00    18s
 964   4.61396611e-01  4.28e-04  9.83e-09  1.00e-09  1.00e+00    18s
 965   4.61396599e-01  5.12e-05  9.79e-09  1.00e-09  1.00e+00    18s
 966   4.61396595e-01  6.09e-06  9.81e-09  1.00e-09  1.00e+00    18s
 967   4.61396583e-01  4.98e-05  9.82e-09  1.00e-09  1.00e+00    18s
 968   4.61396548e-01  4.05e-04  4.27e-08  1.00e-09  1.00e+00    18s
 969   4.61396431e-01  6.30e-03  2.75e-07  1.00e-09  1.00e+00    18s
 970   4.61396399e-01  4.11e-04  1.95e-08  1.00e-09  1.00e+00    18s
 971   4.61396388e-01  4.93e-05  9.83e-09  1.00e-09  1.00e+00    18s
 972   4.61396355e-01  4.04e-04  9.88e-09  1.00e-09  1.00e+00    18s
 973   4.61396344e-01  4.84e-05  9.84e-09  1.00e-09  1.00e+00    18s
 974   4.61396312e-01  3.96e-04  9.87e-09  1.00e-09  1.00e+00    18s
 975   4.61396301e-01  4.75e-05  9.84e-09  1.00e-09  1.00e+00    18s
 976   4.61396270e-01  3.86e-04  9.85e-09  1.00e-09  1.00e+00    18s
 977   4.61396259e-01  4.66e-05  9.85e-09  1.00e-09  1.00e+00    18s
 978   4.61396228e-01  3.72e-04  1.48e-08  1.00e-09  1.00e+00    18s
 979   4.61396218e-01  4.56e-05  9.86e-09  1.00e-09  1.00e+00    18s
 980   4.61396187e-01  3.71e-04  1.47e-08  1.00e-09  1.00e+00    18s
 981   4.61396177e-01  4.47e-05  9.85e-09  1.00e-09  1.00e+00    18s
 982   4.61396147e-01  3.63e-04  9.85e-09  1.00e-09  1.00e+00    18s
 983   4.61396137e-01  4.38e-05  9.86e-09  1.00e-09  1.00e+00    18s
 984   4.61396133e-01  5.20e-06  9.87e-09  1.00e-09  1.00e+00    18s
 985   4.61396123e-01  4.25e-05  9.88e-09  1.00e-09  1.00e+00    18s
 986   4.61396095e-01  3.49e-04  9.89e-09  1.00e-09  1.00e+00    18s
 987   4.61396085e-01  4.17e-05  9.85e-09  1.00e-09  1.00e+00    18s
 988   4.61396056e-01  3.41e-04  9.87e-09  1.00e-09  1.00e+00    18s
 989   4.61395979e-01  2.72e-03  1.36e-07  1.00e-09  1.00e+00    18s
 990   4.61395976e-01  5.26e-06  9.34e-09  1.00e-09  1.00e+00    19s
 991   4.61395966e-01  4.02e-05  9.87e-09  1.00e-09  1.00e+00    19s
 992   4.61395940e-01  3.17e-04  1.21e-08  1.00e-09  1.00e+00    19s
 993   4.61395817e-01  2.01e-02  7.25e-07  1.00e-09  1.00e+00    19s
 994   4.61395794e-01  2.93e-04  8.41e-09  1.00e-09  1.00e+00    19s
 995   4.61395698e-01  7.58e-03  3.81e-07  1.00e-09  1.00e+00    19s
 996   4.61395674e-01  3.27e-04  5.85e-08  1.00e-09  1.00e+00    19s
 997   4.61395665e-01  3.70e-05  9.45e-09  1.00e-09  1.00e+00    19s
 998   4.61395640e-01  3.01e-04  9.45e-09  1.00e-09  1.00e+00    19s
 999   4.61395570e-01  2.44e-03  1.04e-08  1.00e-09  1.00e+00    19s
1000   4.61395545e-01  2.89e-04  9.22e-09  1.00e-09  1.00e+00    19s

NL barrier performed 1000 iterations in 18.69 seconds (20.90 work units)
Iteration limit reached

User-callback calls 9759, time in user-callback 0.01 sec
