
Gurobi 13.0.3 (win64) logging started Mon Sep 21 04:25:45 2026

Set parameter LogFile to value "<workspace>\tmp\r9-flow-probe-vf-vt-terminal-free-v1\solver-local.log"

Gurobi 13.0.3 (win64) logging started Mon Sep 21 04:25:46 2026

Set parameter LogFile to value "<workspace>\tmp\r9-flow-probe-vf-vt-terminal-free-v1\solver-local.log"
Set parameter NLBarCFeasTol to value 1e-08
Set parameter OptimalityTarget to value 1
Set parameter OptimalityTol to value 1e-09
Set parameter LogToConsole to value 0
Set parameter NonConvex to value 2
Set parameter NLBarPFeasTol to value 1e-09
Set parameter TimeLimit to value 9.1866130099981092e+01
Gurobi Optimizer version 13.0.3 build v13.0.3rc0 (win64 - Windows 11+.0 (26200.2))

CPU model: 12th Gen Intel(R) Core(TM) i7-12700, instruction set [SSE2|AVX|AVX2]
Thread count: 12 physical cores, 20 logical processors, using up to 1 threads

Non-default parameters:
TimeLimit  9.1866130099981092e+01
FeasibilityTol  1e-09
OptimalityTol  1e-09
NLBarPFeasTol  1e-09
NLBarDFeasTol  1e-09
OptimalityTarget  1
LogToConsole  0
NonConvex  2
Threads  1

Optimize a model with 11653 rows, 23352 columns and 31189 nonzeros (Min)
Model fingerprint: 0x70d77cd5
Model has 120 linear objective coefficients
Model has 7056 quadratic constraints
Model has 1776 general nonlinear constraints (3552 nonlinear terms)
Variable types: 23352 continuous, 0 integer (0 binary)
Coefficient statistics:
  Matrix range     [1e-05, 1e+00]
  QMatrix range    [5e-02, 2e+02]
  QLMatrix range   [2e-01, 1e+00]
  Objective range  [5e+01, 1e+03]
  Bounds range     [1e-03, 5e+03]
  RHS range        [5e-03, 2e+01]
  QRHS range       [1e+00, 6e+01]
  NLCon coe range  [8e-04, 3e+02]

Presolve removed 9569 rows and 11995 columns
Presolve time: 0.07s
Presolved: 2084 rows, 11357 columns, 7276 nonzeros
Presolved model has 4596 quadratic constraint(s)
Presolved model has 1776 nonlinear constraint(s)

Solving NLP to local optimality

Loaded warm-start solution
Ordering time: 0.01s

NL barrier statistics:
  Hessian NZ  : 1.470e+04
  Jacobian NZ : 3.099e+04
  Factor NZ   : 3.788e+05
  Factor Ops  : 1.824e+07
  Threads     : 1

                           Residuals
Iter     Objective      Primal     Dual      Compl     Step     Time
   0   5.08115298e+05  1.00e+00  1.00e+02  1.08e+02  0.00e+00     0s
   1   5.08279869e+05  8.47e-01  6.23e+01  6.73e+01  1.53e-01     0s
   2   5.13821094e+05  2.10e-01  4.51e+01  4.89e+01  7.52e-01     0s
   3   5.26835996e+05  3.60e-03  2.58e+01  2.46e+01  1.00e+00     0s
   4   5.33542691e+05  1.02e-02  3.93e+02  7.05e+00  1.00e+00     0s
   5   5.34525655e+05  4.22e-02  4.07e+02  6.91e+00  4.32e-02     0s
   6   5.36376456e+05  6.27e-02  1.95e+02  3.35e+00  1.00e+00     0s
   7   5.36217314e+05  1.09e-01  2.74e+01  1.00e+00  1.00e+00     0s
   8   5.35805035e+05  1.08e+00  2.71e+00  1.00e+00  1.00e+00     0s
   9   5.35780946e+05  5.86e-03  1.78e-01  1.00e+00  1.00e+00     0s
  10   5.35766701e+05  1.62e-05  7.08e-03  1.00e+00  1.00e+00     0s
  11   5.31958880e+05  1.64e-02  1.24e+01  3.27e-01  1.00e+00     0s
  12   5.24561081e+05  1.34e-01  1.29e+01  1.50e-01  9.58e-01     0s
  13   5.20477866e+05  2.98e-01  4.01e+00  1.50e-01  1.00e+00     0s
  14   5.20474490e+05  1.02e-01  3.06e+01  1.50e-01  6.57e-01     0s
  15   5.20484047e+05  1.37e-05  2.15e+00  1.50e-01  1.00e+00     0s
  16   5.20252836e+05  4.25e-05  3.09e+01  1.50e-01  1.00e+00     0s
  17   5.20166401e+05  4.45e-02  2.14e+02  1.50e-01  7.70e-03     0s
  18   5.20168291e+05  4.46e-01  3.88e+01  1.50e-01  2.37e-01     0s
  19   5.20468488e+05  6.47e-02  5.74e+00  1.50e-01  1.00e+00     0s
  20   5.20546250e+05  1.98e-02  3.37e+00  1.50e-01  1.00e+00     0s
  21   5.20578443e+05  5.79e-03  1.58e-01  1.50e-01  1.00e+00     0s
  22   5.20617325e+05  2.63e-05  1.60e-03  1.50e-01  1.00e+00     0s
  23   5.14617960e+05  4.86e-01  6.46e+00  6.24e-02  6.68e-01     0s
  24   5.08961492e+05  2.20e+00  6.44e+00  2.53e-02  6.03e-01     0s
  25   5.06619070e+05  1.50e+00  4.98e+01  2.40e-02  3.61e-01     0s
  26   5.05872878e+05  1.10e-02  3.27e+00  2.25e-02  1.00e+00     0s
  27   5.05780780e+05  1.03e-02  3.84e+02  2.25e-02  6.31e-02     0s
  28   5.04491131e+05  3.58e-04  1.81e-01  2.25e-02  1.00e+00     0s
  29   5.04015184e+05  2.51e-03  1.41e-01  2.25e-02  1.00e+00     1s
  30   5.03726369e+05  1.35e-02  1.41e-01  2.25e-02  1.00e+00     1s
  31   5.03473335e+05  5.25e-02  4.69e+00  2.25e-02  1.00e+00     1s
  32   5.03193268e+05  5.41e-01  1.84e+01  2.25e-02  7.21e-02     1s
  33   5.01580471e+05  1.61e+00  1.41e+01  2.24e-02  7.11e-01     1s
  34   5.01502132e+05  5.53e+00  6.10e+00  2.25e-02  5.42e-01     1s
  35   5.01521169e+05  1.24e+00  1.22e+00  2.25e-02  1.00e+00     1s
  36   5.01540230e+05  2.40e-01  2.75e-01  2.25e-02  1.00e+00     1s
  37   5.01555824e+05  3.32e-03  5.93e-03  2.25e-02  1.00e+00     1s
  38   5.01569712e+05  1.42e-04  4.94e-04  2.25e-02  1.00e+00     1s
  39   4.98533501e+05  1.58e+00  1.21e+00  1.19e-02  4.59e-01     1s
  40   4.97000860e+05  1.85e+00  3.75e+00  9.04e-03  3.23e-01     1s
  41   4.95714382e+05  1.54e+00  2.22e+00  5.79e-03  3.98e-01     1s
  42   4.94410120e+05  1.03e+00  2.11e+00  3.47e-03  5.86e-01     1s
  43   4.94297926e+05  1.62e+00  5.75e+00  3.47e-03  7.09e-02     1s
  44   4.94244294e+05  9.79e-01  3.72e+00  3.45e-03  3.96e-01     1s
  45   4.94067067e+05  1.15e-02  2.17e+00  3.40e-03  1.00e+00     1s
  46   4.94037647e+05  3.71e-06  6.93e-01  3.38e-03  1.00e+00     1s
  47   4.93983604e+05  2.34e-06  8.95e-01  3.37e-03  1.00e+00     1s
  48   4.93922019e+05  1.15e-05  6.51e-01  3.37e-03  1.00e+00     1s
  49   4.93850024e+05  2.22e-05  7.26e+00  3.37e-03  4.89e-01     1s
  50   4.93840082e+05  8.24e-06  4.96e+00  3.37e-03  1.00e+00     1s
  51   4.93802871e+05  1.19e-05  3.75e+00  3.37e-03  3.88e-01     1s
  52   4.93753276e+05  2.77e-05  2.29e+00  3.37e-03  3.38e-01     1s
  53   4.93725022e+05  4.76e-05  1.16e+00  3.37e-03  2.15e-01     1s
  54   4.93684337e+05  8.30e-04  2.35e+00  3.38e-03  4.67e-01     1s
  55   4.93676498e+05  3.96e-06  1.78e+00  3.37e-03  1.00e+00     1s
  56   4.93658533e+05  3.77e-06  6.11e-01  3.37e-03  1.00e+00     1s
  57   4.93612756e+05  5.33e-05  3.53e+00  3.37e-03  8.39e-01     1s
  58   4.93619486e+05  3.93e-05  3.32e+00  3.38e-03  3.00e-01     1s
  59   4.93598019e+05  3.98e-04  7.78e-01  3.38e-03  1.00e+00     1s
  60   4.93556183e+05  1.48e-03  5.49e-01  3.37e-03  8.26e-01     1s
  61   4.93497901e+05  9.61e-03  3.80e+00  3.37e-03  1.00e+00     1s
  62   4.93486917e+05  6.76e-05  6.60e-01  3.38e-03  1.00e+00     1s
  63   4.93482054e+05  4.05e-05  5.03e+00  3.37e-03  4.43e-01     1s
  64   4.93484583e+05  6.18e-05  1.23e+00  3.38e-03  1.00e+00     1s
  65   4.93482413e+05  9.33e-05  5.15e-01  3.38e-03  5.00e-01     1s
  66   4.93472750e+05  1.72e-03  1.73e-01  3.37e-03  1.00e+00     1s
  67   4.93452489e+05  9.03e-03  1.23e-01  3.37e-03  1.00e+00     1s
  68   4.93420031e+05  1.54e-02  1.20e-01  3.37e-03  1.00e+00     1s
  69   4.93374560e+05  6.85e-03  2.67e-01  3.37e-03  1.00e+00     1s
  70   4.93139675e+05  1.71e-01  2.11e+00  3.36e-03  2.69e-01     1s
  71   4.92881456e+05  3.03e-01  1.78e+00  3.36e-03  6.32e-01     1s
  72   4.92784206e+05  1.37e-01  3.72e+00  3.37e-03  6.56e-01     1s
  73   4.92776555e+05  2.25e-02  2.01e+00  3.37e-03  8.61e-01     1s
  74   4.92775086e+05  1.74e-02  5.48e-01  3.37e-03  1.00e+00     1s
  75   4.92766403e+05  2.02e-02  3.89e+00  3.37e-03  1.00e+00     1s
  76   4.92752604e+05  1.48e-02  3.10e+00  3.38e-03  1.84e-01     1s
  77   4.92741678e+05  1.07e-02  8.27e-01  3.38e-03  3.84e-01     1s
  78   4.92729089e+05  1.24e-02  8.85e-01  3.38e-03  5.00e-01     1s
  79   4.92722797e+05  1.02e-02  1.81e+00  3.37e-03  1.00e+00     1s
  80   4.92718326e+05  2.59e-03  9.05e-01  3.37e-03  1.00e+00     1s
  81   4.92718215e+05  6.08e-04  7.37e-01  3.37e-03  5.00e-01     1s
  82   4.92710509e+05  1.82e-02  2.25e+00  3.37e-03  3.42e-01     1s
  83   4.92704850e+05  2.17e-02  1.23e+00  3.38e-03  4.94e-01     1s
  84   4.92707043e+05  3.52e-03  2.99e-01  3.37e-03  1.00e+00     1s
  85   4.92707729e+05  1.07e-05  1.12e-03  3.37e-03  1.00e+00     1s
  86   4.92708219e+05  2.90e-06  2.62e-04  3.37e-03  1.00e+00     1s
  87   4.92406469e+05  4.91e-02  2.19e+00  2.51e-03  1.51e-01     1s
  88   4.92150786e+05  4.56e-02  5.07e+00  1.12e-03  2.69e-01     1s
  89   4.91836880e+05  5.73e+00  4.54e+00  1.02e-03  1.25e-01     1s
  90   4.91793090e+05  1.30e+01  4.71e+00  1.01e-03  2.23e-02     1s
  91   4.91578881e+05  1.15e+01  2.70e+00  8.70e-04  1.15e-01     1s
  92   4.91541642e+05  1.06e+01  2.31e+00  7.85e-04  7.92e-02     1s
  93   4.91467617e+05  8.54e+00  1.89e+00  6.50e-04  1.94e-01     1s
  94   4.91248237e+05  3.18e+00  1.13e+00  5.66e-04  6.27e-01     1s
  95   4.91146543e+05  1.96e+00  9.30e-01  5.17e-04  3.83e-01     2s
  96   4.91030109e+05  1.35e+00  6.80e-01  4.74e-04  3.10e-01     2s
  97   4.90872201e+05  8.93e-01  5.67e-01  4.41e-04  3.40e-01     2s
  98   4.90816887e+05  6.11e-01  7.89e-01  3.60e-04  3.16e-01     2s
  99   4.90779129e+05  2.48e-01  3.26e-01  3.52e-04  6.01e-01     2s
 100   4.90705134e+05  1.25e-01  3.63e-01  3.48e-04  6.93e-01     2s
 101   4.90531157e+05  1.45e+00  2.95e+00  3.43e-04  8.61e-01     2s
 102   4.90485007e+05  1.22e+00  4.19e-01  3.45e-04  1.72e-01     2s
 103   4.90400853e+05  2.84e+00  1.84e+00  3.46e-04  2.30e-01     2s
 104   4.90378214e+05  2.67e+00  4.79e+00  3.52e-04  6.12e-02     2s
 105   4.90375830e+05  9.54e-01  2.84e+00  3.49e-04  6.35e-01     2s
 106   4.90357350e+05  8.85e-01  1.90e+00  3.49e-04  7.27e-02     2s
 107   4.90258676e+05  2.88e+00  2.32e+00  3.49e-04  3.94e-01     2s
 108   4.90236797e+05  2.30e+00  1.73e+00  3.53e-04  2.01e-01     2s
 109   4.90235577e+05  4.77e-02  1.06e+00  3.51e-04  1.00e+00     2s
 110   4.90234788e+05  2.19e-03  3.23e+00  3.46e-04  1.00e+00     2s
 111   4.90233453e+05  1.57e-03  1.19e+00  3.46e-04  1.00e+00     2s
 112   4.90189823e+05  1.03e+00  1.08e+00  3.46e-04  4.16e-01     2s
 113   4.90185209e+05  2.64e-01  4.53e-01  3.46e-04  7.43e-01     2s
 114   4.90176000e+05  2.01e-01  4.81e-01  3.47e-04  2.40e-01     2s
 115   4.90154741e+05  4.55e-01  3.69e-01  3.46e-04  1.00e+00     2s
 116   4.90152549e+05  8.35e-02  2.33e-01  3.46e-04  1.00e+00     2s
 117   4.90152003e+05  1.32e-02  5.44e-02  3.46e-04  1.00e+00     2s
 118   4.90152147e+05  8.91e-04  2.82e-03  3.46e-04  1.00e+00     2s
 119   4.90151971e+05  1.69e-05  1.54e-04  3.46e-04  1.00e+00     2s
 120   4.90151803e+05  1.38e-05  9.59e-05  3.46e-04  1.00e+00     2s
 121   4.90151648e+05  1.02e-05  9.34e-05  3.46e-04  1.00e+00     2s
 122   4.90151503e+05  7.66e-06  9.10e-05  3.46e-04  1.00e+00     2s
 123   4.90151367e+05  5.79e-06  8.87e-05  3.46e-04  1.00e+00     2s
 124   4.90151240e+05  4.41e-06  8.63e-05  3.46e-04  1.00e+00     2s
 125   4.90151121e+05  3.39e-06  8.41e-05  3.46e-04  1.00e+00     2s
 126   4.90151009e+05  2.62e-06  8.19e-05  3.46e-04  1.00e+00     2s
 127   4.90150903e+05  2.35e-06  7.98e-05  3.46e-04  1.00e+00     2s
 128   4.90150803e+05  2.30e-06  7.78e-05  3.46e-04  1.00e+00     2s
 129   4.90150709e+05  2.26e-06  7.58e-05  3.46e-04  1.00e+00     2s
 130   4.90150620e+05  2.22e-06  7.39e-05  3.46e-04  1.00e+00     2s
 131   4.90150536e+05  2.18e-06  7.21e-05  3.46e-04  1.00e+00     2s
 132   4.90150457e+05  2.15e-06  7.04e-05  3.46e-04  1.00e+00     2s
 133   4.90150382e+05  2.13e-06  6.89e-05  3.46e-04  1.00e+00     2s
 134   4.90150311e+05  2.10e-06  6.74e-05  3.46e-04  1.00e+00     2s
 135   4.90150244e+05  2.07e-06  6.60e-05  3.46e-04  1.00e+00     2s
 136   4.90150180e+05  2.04e-06  6.47e-05  3.46e-04  1.00e+00     2s
 137   4.90150120e+05  2.01e-06  6.35e-05  3.46e-04  1.00e+00     2s
 138   4.90150063e+05  1.98e-06  6.23e-05  3.46e-04  1.00e+00     2s
 139   4.90150009e+05  1.95e-06  6.12e-05  3.46e-04  1.00e+00     2s
 140   4.90149958e+05  1.92e-06  6.02e-05  3.46e-04  1.00e+00     2s
 141   4.90149910e+05  1.89e-06  5.92e-05  3.46e-04  1.00e+00     2s
 142   4.90149864e+05  1.86e-06  5.82e-05  3.46e-04  1.00e+00     2s
 143   4.90149820e+05  1.83e-06  5.73e-05  3.46e-04  1.00e+00     2s
 144   4.90149779e+05  1.80e-06  5.64e-05  3.46e-04  1.00e+00     2s
 145   4.90149741e+05  1.77e-06  5.55e-05  3.46e-04  1.00e+00     2s
 146   4.90149704e+05  1.74e-06  5.46e-05  3.46e-04  1.00e+00     2s
 147   4.90149669e+05  1.71e-06  5.38e-05  3.46e-04  1.00e+00     2s
 148   4.90149636e+05  1.68e-06  5.30e-05  3.46e-04  1.00e+00     2s
 149   4.90149605e+05  1.65e-06  5.22e-05  3.46e-04  1.00e+00     2s
 150   4.90149575e+05  1.63e-06  5.14e-05  3.46e-04  1.00e+00     2s
 151   4.90149548e+05  1.60e-06  5.06e-05  3.46e-04  1.00e+00     2s
 152   4.90149521e+05  1.58e-06  4.98e-05  3.46e-04  1.00e+00     2s
 153   4.90149496e+05  1.55e-06  4.91e-05  3.46e-04  1.00e+00     2s
 154   4.90149472e+05  1.53e-06  4.83e-05  3.46e-04  1.00e+00     2s
 155   4.90149450e+05  1.50e-06  4.76e-05  3.46e-04  1.00e+00     2s
 156   4.90149429e+05  1.48e-06  4.69e-05  3.46e-04  1.00e+00     2s
 157   4.90149409e+05  1.46e-06  4.62e-05  3.46e-04  1.00e+00     2s
 158   4.90149390e+05  1.43e-06  4.55e-05  3.46e-04  1.00e+00     2s
 159   4.90149372e+05  1.41e-06  4.48e-05  3.46e-04  1.00e+00     2s
 160   4.90149356e+05  1.39e-06  4.41e-05  3.46e-04  1.00e+00     2s
 161   4.90149340e+05  1.37e-06  4.34e-05  3.46e-04  1.00e+00     2s
 162   4.90149325e+05  1.35e-06  4.27e-05  3.46e-04  1.00e+00     2s
 163   4.90149311e+05  1.32e-06  4.21e-05  3.46e-04  1.00e+00     2s
 164   4.90149298e+05  1.30e-06  4.14e-05  3.46e-04  1.00e+00     2s
 165   4.90149286e+05  1.28e-06  4.08e-05  3.46e-04  1.00e+00     2s
 166   4.90149274e+05  1.26e-06  4.01e-05  3.46e-04  1.00e+00     2s
 167   4.90149264e+05  1.24e-06  3.95e-05  3.46e-04  1.00e+00     2s
 168   4.90149254e+05  1.22e-06  3.89e-05  3.46e-04  1.00e+00     2s
 169   4.90149244e+05  1.20e-06  3.83e-05  3.46e-04  1.00e+00     2s
 170   4.90149236e+05  1.18e-06  3.77e-05  3.46e-04  1.00e+00     2s
 171   4.90149228e+05  1.16e-06  3.71e-05  3.46e-04  1.00e+00     2s
 172   4.90149220e+05  1.14e-06  3.65e-05  3.46e-04  1.00e+00     2s
 173   4.90149213e+05  1.12e-06  3.59e-05  3.46e-04  1.00e+00     2s
 174   4.90149207e+05  1.11e-06  3.53e-05  3.46e-04  1.00e+00     3s
 175   4.90149202e+05  1.09e-06  3.48e-05  3.46e-04  1.00e+00     3s
 176   4.90149196e+05  1.07e-06  3.42e-05  3.46e-04  1.00e+00     3s
 177   4.90149192e+05  1.05e-06  3.36e-05  3.46e-04  1.00e+00     3s
 178   4.90149187e+05  1.03e-06  3.31e-05  3.46e-04  1.00e+00     3s
 179   4.90149184e+05  1.02e-06  3.26e-05  3.46e-04  1.00e+00     3s
 180   4.90077048e+05  3.51e-01  1.99e-01  2.39e-04  2.03e-01     3s
 181   4.90013863e+05  1.76e-01  9.77e-02  1.04e-04  5.30e-01     3s
 182   4.89983213e+05  1.43e-01  1.67e-01  5.87e-05  2.91e-01     3s
 183   4.89969595e+05  1.31e-01  4.60e-01  3.51e-05  1.20e-01     3s
 184   4.89924736e+05  5.69e-01  1.57e-01  2.34e-05  3.47e-01     3s
 185   4.89895062e+05  4.37e-01  9.48e-02  1.61e-05  5.68e-01     3s
 186   4.89878685e+05  6.20e-01  3.74e-01  1.60e-05  2.45e-01     3s
 187   4.89858379e+05  2.93e-01  1.09e-01  1.46e-05  8.24e-01     3s
 188   4.89856536e+05  2.77e-01  1.54e-01  1.50e-05  6.80e-02     3s
 189   4.89845648e+05  1.19e-01  7.94e-03  1.43e-05  1.00e+00     3s
 190   4.89838877e+05  1.71e-01  8.65e-02  1.43e-05  5.21e-01     3s
 191   4.89835735e+05  4.67e-02  1.52e-03  1.43e-05  1.00e+00     3s
 192   4.89831310e+05  2.59e-01  4.20e-02  1.43e-05  8.00e-01     3s
 193   4.89829736e+05  2.01e+00  7.00e-02  1.43e-05  1.13e-01     3s
 194   4.89828400e+05  1.88e+00  1.20e-01  1.43e-05  6.29e-02     3s
 195   4.89822927e+05  2.22e+00  5.63e-02  1.43e-05  7.84e-01     3s
 196   4.89819393e+05  1.30e+00  1.02e-01  1.43e-05  4.48e-01     3s
 197   4.89817064e+05  3.86e-01  9.48e-04  1.43e-05  1.00e+00     3s
 198   4.89815136e+05  3.79e-01  1.51e-02  1.43e-05  6.73e-01     3s
 199   4.89814741e+05  1.75e-01  2.79e-03  1.43e-05  5.77e-01     3s
 200   4.89813805e+05  1.73e-01  3.24e-05  1.43e-05  1.00e+00     3s
 201   4.89813665e+05  1.73e-02  1.94e-04  1.43e-05  1.00e+00     3s
 202   4.89813469e+05  1.05e-01  3.89e-04  1.43e-05  1.00e+00     3s
 203   4.89813425e+05  1.76e-02  3.11e-04  1.43e-05  1.00e+00     3s
 204   4.89813348e+05  2.18e-01  5.61e-04  1.43e-05  1.00e+00     3s
 205   4.89813302e+05  2.16e-01  1.06e-02  1.43e-05  3.44e-01     3s
 206   4.89813243e+05  6.58e-02  8.92e-04  1.43e-05  1.00e+00     3s
 207   4.89813245e+05  5.90e-04  4.68e-04  1.43e-05  1.00e+00     3s
 208   4.89813246e+05  5.42e-04  4.56e-04  1.43e-05  1.00e+00     3s
 209   4.89813246e+05  5.29e-04  4.47e-04  1.43e-05  1.00e+00     3s
 210   4.89813247e+05  5.15e-04  4.38e-04  1.43e-05  1.00e+00     3s
 211   4.89813247e+05  5.00e-04  4.29e-04  1.43e-05  1.00e+00     3s
 212   4.89813247e+05  4.86e-04  4.20e-04  1.43e-05  1.00e+00     3s
 213   4.89813248e+05  4.71e-04  4.11e-04  1.43e-05  1.00e+00     3s
 214   4.89813248e+05  4.56e-04  4.02e-04  1.43e-05  1.00e+00     3s
 215   4.89813249e+05  4.40e-04  3.92e-04  1.43e-05  1.00e+00     3s
 216   4.89813249e+05  4.25e-04  3.82e-04  1.43e-05  1.00e+00     3s
 217   4.89813250e+05  4.09e-04  3.72e-04  1.43e-05  1.00e+00     3s
 218   4.89813250e+05  3.92e-04  3.60e-04  1.43e-05  1.00e+00     3s
 219   4.89813251e+05  3.75e-04  3.48e-04  1.43e-05  1.00e+00     3s
 220   4.89813252e+05  3.56e-04  3.34e-04  1.43e-05  1.00e+00     3s
 221   4.89813252e+05  3.35e-04  3.18e-04  1.43e-05  1.00e+00     3s
 222   4.89813253e+05  3.12e-04  2.98e-04  1.43e-05  1.00e+00     3s
 223   4.89813253e+05  2.84e-04  2.75e-04  1.43e-05  1.00e+00     3s
 224   4.89813254e+05  2.50e-04  2.44e-04  1.43e-05  1.00e+00     3s
 225   4.89813254e+05  2.08e-04  2.04e-04  1.43e-05  1.00e+00     3s
 226   4.89813255e+05  1.53e-04  1.52e-04  1.43e-05  1.00e+00     3s
 227   4.89813255e+05  8.95e-05  8.96e-05  1.43e-05  1.00e+00     3s
 228   4.89813256e+05  3.36e-05  3.40e-05  1.43e-05  1.00e+00     3s
 229   4.89813256e+05  6.78e-06  7.03e-06  1.43e-05  1.00e+00     3s
 230   4.89813256e+05  9.25e-07  1.03e-06  1.43e-05  1.00e+00     3s
 231   4.89806211e+05  5.13e-01  8.67e-03  5.85e-06  4.66e-01     3s
 232   4.89804211e+05  5.42e-01  2.57e-02  2.99e-06  2.73e-01     3s
 233   4.89802249e+05  6.43e-01  2.45e-02  1.44e-06  3.98e-01     3s
 234   4.89801258e+05  5.16e-01  1.73e-02  8.26e-07  3.71e-01     3s
 235   4.89800476e+05  3.38e-01  8.69e-03  5.01e-07  5.13e-01     3s
 236   4.89800104e+05  2.83e-01  4.18e-03  3.28e-07  5.74e-01     3s
 237   4.89799917e+05  1.62e-01  2.17e-03  2.41e-07  7.56e-01     3s
 238   4.89799880e+05  5.48e-02  1.34e-03  2.08e-07  7.02e-01     3s
 239   4.89799866e+05  1.68e-02  7.76e-04  1.89e-07  7.09e-01     3s
 240   4.89799854e+05  2.81e-03  4.36e-04  1.78e-07  8.40e-01     3s
 241   4.89799853e+05  2.77e-04  2.18e-04  1.72e-07  9.04e-01     3s
 242   4.89799845e+05  1.11e-06  1.73e-04  1.70e-07  1.00e+00     4s
 243   4.89799844e+05  1.79e-07  8.98e-05  1.68e-07  1.00e+00     4s
 244   4.89799840e+05  8.40e-07  6.37e-05  1.67e-07  1.00e+00     4s
 245   4.89799841e+05  1.45e-07  5.04e-05  1.67e-07  1.00e+00     4s
 246   4.89799838e+05  6.07e-08  4.15e-05  1.66e-07  1.00e+00     4s
 247   4.89799835e+05  1.06e-07  3.38e-05  1.66e-07  1.00e+00     4s
 248   4.89799833e+05  1.31e-07  2.39e-05  1.66e-07  1.00e+00     4s
 249   4.89799831e+05  6.07e-08  2.42e-05  1.66e-07  1.00e+00     4s
 250   4.89799827e+05  8.17e-08  2.62e-05  1.65e-07  1.00e+00     4s
 251   4.89799826e+05  8.25e-08  9.45e-06  1.65e-07  1.00e+00     4s
 252   4.89799825e+05  5.86e-07  7.27e-06  1.65e-07  1.00e+00     4s
 253   4.89799824e+05  8.63e-08  3.96e-05  1.65e-07  1.00e+00     4s
 254   4.89799824e+05  6.06e-08  2.81e-05  1.65e-07  1.00e+00     4s
 255   4.89799823e+05  8.19e-08  3.58e-05  1.65e-07  1.00e+00     4s
 256   4.89799822e+05  6.04e-08  3.10e-05  1.65e-07  1.00e+00     4s
 257   4.89799818e+05  6.03e-08  1.82e-05  1.65e-07  9.32e-01     4s
 258   4.89799818e+05  7.59e-08  2.99e-05  1.65e-07  8.82e-01     4s
 259   4.89799818e+05  5.99e-08  1.58e-05  1.65e-07  7.30e-01     4s
 260   4.89799819e+05  1.65e-07  1.22e-05  1.65e-07  1.00e+00     4s
 261   4.89799820e+05  5.94e-08  1.34e-05  1.65e-07  1.00e+00     4s
 262   4.89799820e+05  5.86e-08  3.82e-05  1.65e-07  1.00e+00     4s
 263   4.89799820e+05  5.55e-08  4.02e-05  1.65e-07  1.00e+00     4s
 264   4.89799819e+05  5.54e-08  3.85e-05  1.65e-07  1.00e+00     4s
 265   4.89799819e+05  5.54e-08  1.25e-05  1.65e-07  1.00e+00     4s
 266   4.89799816e+05  7.94e-08  1.65e-05  1.65e-07  1.00e+00     4s
 267   4.89799812e+05  5.51e-08  1.35e-05  1.65e-07  5.00e-01     4s
 268   4.89799810e+05  2.36e-07  1.34e-05  1.65e-07  9.34e-01     4s
 269   4.89799809e+05  1.18e-07  9.50e-06  1.65e-07  7.76e-01     4s
 270   4.89799808e+05  1.43e-07  3.13e-05  1.65e-07  1.00e+00     4s
 271   4.89799809e+05  5.20e-08  5.03e-06  1.65e-07  1.00e+00     4s
 272   4.89799808e+05  2.89e-07  3.75e-05  1.65e-07  1.00e+00     4s
 273   4.89799807e+05  1.89e-07  1.43e-05  1.65e-07  1.00e+00     4s
 274   4.89799807e+05  5.09e-08  2.72e-05  1.65e-07  1.00e+00     4s
 275   4.89799806e+05  8.58e-08  1.84e-05  1.65e-07  1.00e+00     4s
 276   4.89799805e+05  4.78e-08  2.18e-05  1.65e-07  1.00e+00     4s
 277   4.89799803e+05  9.53e-08  2.39e-05  1.65e-07  1.00e+00     4s
 278   4.89799802e+05  8.61e-07  3.99e-06  1.65e-07  1.00e+00     4s
 279   4.89799800e+05  7.92e-07  7.52e-07  1.65e-07  8.81e-01     4s
 280   4.89799799e+05  2.91e-07  7.75e-06  1.65e-07  1.00e+00     4s
 281   4.89799798e+05  1.84e-07  1.37e-05  1.65e-07  1.00e+00     4s
 282   4.89799797e+05  2.05e-07  5.33e-06  1.65e-07  1.00e+00     4s
 283   4.89799797e+05  1.25e-07  2.93e-05  1.65e-07  1.00e+00     4s
 284   4.89799797e+05  4.05e-08  9.94e-06  1.65e-07  1.00e+00     4s
 285   4.89799797e+05  9.68e-08  1.31e-06  1.65e-07  1.00e+00     4s
 286   4.89799797e+05  2.50e-07  2.45e-07  1.65e-07  1.00e+00     4s
 287   4.89799797e+05  1.62e-07  6.14e-06  1.65e-07  1.00e+00     4s
 288   4.89799797e+05  7.59e-08  1.06e-05  1.65e-07  1.00e+00     4s
 289   4.89799797e+05  4.00e-08  4.48e-08  1.65e-07  1.00e+00     4s
 290   4.89799796e+05  3.89e-08  1.19e-07  1.65e-07  1.00e+00     4s
 291   4.89799796e+05  3.26e-08  5.13e-06  1.65e-07  1.00e+00     4s
 292   4.89799796e+05  3.25e-08  1.39e-06  1.65e-07  1.00e+00     4s
 293   4.89799796e+05  3.24e-08  8.17e-08  1.65e-07  1.00e+00     4s
 294   4.89799797e+05  5.96e-08  3.84e-06  1.65e-07  1.00e+00     4s
 295   4.89799797e+05  3.21e-08  1.03e-06  1.65e-07  1.00e+00     4s
 296   4.89799797e+05  3.39e-08  2.51e-07  1.65e-07  1.00e+00     4s
 297   4.89799797e+05  3.18e-08  1.76e-06  1.65e-07  1.00e+00     4s
 298   4.89799797e+05  3.18e-08  9.13e-07  1.65e-07  1.00e+00     4s
 299   4.89799797e+05  3.17e-08  2.10e-07  1.65e-07  1.00e+00     4s
 300   4.89799797e+05  3.17e-08  2.27e-08  1.65e-07  1.00e+00     4s
 301   4.89799798e+05  3.16e-08  4.79e-08  1.65e-07  1.00e+00     4s
 302   4.89799800e+05  3.15e-08  2.96e-08  1.65e-07  1.00e+00     4s
 303   4.89799800e+05  3.13e-08  3.76e-08  1.65e-07  1.00e+00     4s
 304   4.89799800e+05  3.05e-08  1.10e-07  1.65e-07  1.00e+00     4s
 305   4.89799801e+05  2.36e-08  4.19e-06  1.65e-07  1.00e+00     4s
 306   4.89799801e+05  1.60e-08  4.47e-07  1.65e-07  1.00e+00     4s
 307   4.89799801e+05  1.59e-08  8.78e-08  1.65e-07  1.00e+00     4s
 308   4.89799801e+05  1.59e-08  9.70e-09  1.65e-07  1.00e+00     4s
 309   4.89799801e+05  1.58e-08  1.69e-09  1.65e-07  1.00e+00     4s
 310   4.89799802e+05  1.57e-08  2.47e-09  1.65e-07  1.00e+00     4s
 311   4.89799802e+05  1.55e-08  3.91e-09  1.65e-07  1.00e+00     4s
 312   4.89799732e+05  1.93e-02  2.65e-04  5.12e-08  5.54e-01     4s
 313   4.89799707e+05  1.49e-02  2.69e-04  4.24e-08  5.12e-01     4s
 314   4.89799695e+05  8.56e-03  2.86e-04  2.63e-08  5.33e-01     4s
 315   4.89799689e+05  3.54e-03  2.84e-04  1.54e-08  6.59e-01     4s
 316   4.89799688e+05  4.53e-04  3.37e-04  9.88e-09  1.00e+00     4s
 317   4.89799689e+05  1.93e-05  1.98e-04  5.77e-09  1.00e+00     4s
 318   4.89799690e+05  4.09e-06  1.68e-04  5.12e-09  1.00e+00     4s
 319   4.89799691e+05  4.89e-07  1.23e-04  4.07e-09  1.00e+00     4s
 320   4.89799691e+05  6.45e-08  9.22e-05  3.33e-09  1.00e+00     4s
 321   4.89799693e+05  1.29e-08  7.02e-05  2.79e-09  1.00e+00     4s
 322   4.89799693e+05  1.23e-08  5.67e-05  2.46e-09  1.00e+00     4s
 323   4.89799693e+05  1.15e-08  1.13e-05  1.29e-09  1.00e+00     4s
 324   4.89799693e+05  7.13e-08  1.03e-05  1.29e-09  1.00e+00     4s
 325   4.89799694e+05  1.15e-08  7.94e-06  1.22e-09  1.00e+00     4s
 326   4.89799694e+05  1.15e-08  6.46e-06  1.19e-09  1.00e+00     4s
 327   4.89799694e+05  1.15e-08  4.70e-06  1.14e-09  1.00e+00     4s
 328   4.89799694e+05  1.15e-08  3.17e-06  1.10e-09  1.00e+00     5s
 329   4.89799694e+05  1.15e-08  2.17e-06  1.07e-09  1.00e+00     5s
 330   4.89799695e+05  1.27e-08  2.41e-06  1.07e-09  1.00e+00     5s
 331   4.89799695e+05  1.15e-08  1.05e-06  1.03e-09  1.00e+00     5s
 332   4.89799695e+05  4.08e-08  2.08e-06  1.02e-09  1.00e+00     5s
 333   4.89799695e+05  1.06e-08  1.29e-06  1.01e-09  1.00e+00     5s
 334   4.89799696e+05  3.15e-08  3.79e-06  1.02e-09  1.00e+00     5s
 335   4.89799696e+05  1.00e-08  2.15e-06  1.01e-09  1.00e+00     5s
 336   4.89799696e+05  1.03e-08  2.42e-06  1.01e-09  1.00e+00     5s
 337   4.89799696e+05  1.00e-08  2.43e-06  1.01e-09  1.00e+00     5s
 338   4.89799696e+05  1.00e-08  1.28e-06  1.00e-09  1.00e+00     5s
 339   4.89799696e+05  3.66e-08  2.96e-06  1.00e-09  1.00e+00     5s
 340   4.89799696e+05  1.00e-08  2.93e-06  1.00e-09  1.00e+00     5s
 341   4.89799696e+05  1.00e-08  1.79e-06  1.00e-09  1.00e+00     5s
 342   4.89799696e+05  1.00e-08  1.38e-06  1.00e-09  1.00e+00     5s
 343   4.89799696e+05  3.45e-08  8.08e-07  1.00e-09  1.00e+00     5s
 344   4.89799696e+05  4.88e-08  2.78e-06  1.00e-09  1.00e+00     5s
 345   4.89799696e+05  1.00e-08  2.49e-06  1.00e-09  1.00e+00     5s
 346   4.89799696e+05  1.00e-08  2.29e-06  1.00e-09  1.00e+00     5s
 347   4.89799696e+05  1.00e-08  2.22e-06  1.00e-09  1.00e+00     5s
 348   4.89799696e+05  1.00e-08  1.86e-06  1.00e-09  1.00e+00     5s
 349   4.89799696e+05  1.29e-08  2.63e-06  1.00e-09  1.00e+00     5s
 350   4.89799696e+05  1.00e-08  2.42e-06  1.00e-09  1.00e+00     5s
 351   4.89799696e+05  1.00e-08  8.58e-07  1.00e-09  1.00e+00     5s
 352   4.89799697e+05  4.31e-08  3.27e-06  1.00e-09  1.00e+00     5s
 353   4.89799697e+05  1.00e-08  2.47e-06  1.00e-09  1.00e+00     5s
 354   4.89799697e+05  1.00e-08  2.31e-06  1.00e-09  1.00e+00     5s
 355   4.89799697e+05  1.00e-08  1.15e-06  1.00e-09  1.00e+00     5s
 356   4.89799697e+05  2.42e-08  6.56e-07  1.00e-09  1.00e+00     5s
 357   4.89799697e+05  3.64e-08  1.43e-06  1.01e-09  1.00e+00     5s
 358   4.89799697e+05  1.00e-08  1.65e-06  1.01e-09  1.00e+00     5s
 359   4.89799697e+05  1.00e-08  1.17e-06  1.00e-09  1.00e+00     5s
 360   4.89799697e+05  1.61e-08  9.98e-07  1.00e-09  1.00e+00     5s
 361   4.89799697e+05  2.02e-08  1.66e-06  1.01e-09  1.00e+00     5s
 362   4.89799697e+05  1.00e-08  2.00e-06  1.01e-09  1.00e+00     5s
 363   4.89799697e+05  1.00e-08  1.31e-07  1.00e-09  1.00e+00     5s
 364   4.89799697e+05  3.56e-08  1.62e-06  1.01e-09  1.00e+00     5s
 365   4.89799697e+05  1.00e-08  1.67e-06  1.01e-09  1.00e+00     5s
 366   4.89799697e+05  1.00e-08  7.53e-07  1.00e-09  1.00e+00     5s
 367   4.89799697e+05  1.84e-08  1.78e-06  1.00e-09  1.00e+00     5s
 368   4.89799697e+05  1.00e-08  1.79e-06  1.00e-09  1.00e+00     5s
 369   4.89799697e+05  1.00e-08  1.27e-06  1.00e-09  1.00e+00     5s
 370   4.89799697e+05  1.00e-08  1.05e-06  1.00e-09  1.00e+00     5s
 371   4.89799697e+05  1.22e-08  2.84e-07  1.00e-09  1.00e+00     5s
 372   4.89799697e+05  3.38e-08  1.07e-06  1.00e-09  1.00e+00     5s
 373   4.89799697e+05  1.00e-08  1.42e-06  1.00e-09  1.00e+00     5s
 374   4.89799697e+05  1.00e-08  1.38e-07  1.01e-09  1.00e+00     5s
 375   4.89799697e+05  3.64e-08  1.36e-06  1.01e-09  1.00e+00     5s
 376   4.89799697e+05  1.00e-08  1.35e-06  1.01e-09  1.00e+00     5s
 377   4.89799697e+05  1.00e-08  1.57e-06  1.01e-09  1.00e+00     5s
 378   4.89799697e+05  1.00e-08  1.67e-06  1.00e-09  1.00e+00     5s
 379   4.89799697e+05  1.00e-08  1.27e-06  1.00e-09  1.00e+00     5s
 380   4.89799697e+05  1.00e-08  1.21e-06  1.00e-09  1.00e+00     5s
 381   4.89799698e+05  1.00e-08  1.24e-06  1.00e-09  1.00e+00     5s
 382   4.89799698e+05  1.00e-08  1.50e-06  1.01e-09  1.00e+00     5s
 383   4.89799698e+05  1.00e-08  1.89e-06  1.01e-09  1.00e+00     5s
 384   4.89799698e+05  1.00e-08  1.09e-06  1.00e-09  1.00e+00     5s
 385   4.89799698e+05  9.99e-09  1.53e-06  1.00e-09  1.00e+00     5s
 386   4.89799698e+05  9.99e-09  6.27e-07  1.00e-09  1.00e+00     5s
 387   4.89799698e+05  1.99e-08  5.81e-07  1.00e-09  1.00e+00     5s
 388   4.89799699e+05  2.11e-08  1.49e-06  1.01e-09  1.00e+00     5s
 389   4.89799699e+05  8.45e-09  2.57e-07  1.01e-09  1.00e+00     5s
 390   4.89799699e+05  3.20e-08  2.02e-06  1.01e-09  1.00e+00     5s
 391   4.89799699e+05  8.45e-09  1.61e-06  1.01e-09  1.00e+00     5s
 392   4.89799699e+05  8.45e-09  1.50e-06  1.01e-09  1.00e+00     5s
 393   4.89799699e+05  8.45e-09  1.24e-06  1.00e-09  1.00e+00     5s
 394   4.89799699e+05  8.45e-09  1.91e-07  1.00e-09  1.00e+00     5s
 395   4.89799699e+05  2.65e-08  1.68e-06  1.00e-09  1.00e+00     5s
 396   4.89799699e+05  8.45e-09  5.91e-07  1.00e-09  1.00e+00     5s
 397   4.89799699e+05  1.54e-08  2.03e-09  1.00e-09  1.00e+00     5s
 398   4.89799699e+05  3.28e-08  6.72e-07  1.00e-09  1.00e+00     5s
 399   4.89799700e+05  1.33e-08  1.13e-08  1.01e-09  1.00e+00     5s
 400   4.89799700e+05  3.25e-08  6.95e-07  1.00e-09  1.00e+00     5s
 401   4.89799700e+05  1.08e-08  1.64e-06  1.01e-09  1.00e+00     5s
 402   4.89799700e+05  8.44e-09  3.76e-08  1.00e-09  1.00e+00     5s
 403   4.89799700e+05  2.88e-08  1.68e-06  1.00e-09  1.00e+00     5s
 404   4.89799701e+05  8.44e-09  3.75e-08  1.00e-09  1.00e+00     5s
 405   4.89799701e+05  2.65e-08  5.72e-07  1.00e-09  1.00e+00     5s
 406   4.89799701e+05  1.20e-08  1.28e-06  1.00e-09  1.00e+00     5s
 407   4.89799701e+05  8.43e-09  1.03e-06  1.00e-09  1.00e+00     5s
 408   4.89799701e+05  8.42e-09  1.06e-06  1.00e-09  1.00e+00     5s
 409   4.89799701e+05  8.35e-09  9.57e-07  1.00e-09  1.00e+00     5s
 410   4.89799701e+05  8.05e-09  1.30e-06  1.00e-09  1.00e+00     6s
 411   4.89799701e+05  7.24e-09  1.53e-06  1.00e-09  1.00e+00     6s
 412   4.89799702e+05  7.24e-09  3.37e-07  1.00e-09  1.00e+00     6s
 413   4.89799702e+05  1.55e-08  1.66e-08  1.01e-09  1.00e+00     6s
 414   4.89799702e+05  2.26e-08  1.25e-06  1.01e-09  1.00e+00     6s
 415   4.89799702e+05  7.24e-09  4.18e-08  1.00e-09  1.00e+00     6s
 416   4.89799702e+05  2.02e-08  3.31e-07  1.00e-09  1.00e+00     6s
 417   4.89799703e+05  9.05e-09  1.27e-06  1.00e-09  1.00e+00     6s
 418   4.89799703e+05  7.24e-09  1.02e-06  1.00e-09  1.00e+00     6s
 419   4.89799703e+05  7.24e-09  3.15e-07  1.00e-09  1.00e+00     6s
 420   4.89799703e+05  7.24e-09  1.73e-06  1.00e-09  1.00e+00     6s
 421   4.89799703e+05  1.11e-08  1.28e-06  1.00e-09  1.00e+00     6s
 422   4.89799704e+05  7.24e-09  5.07e-08  1.00e-09  1.00e+00     6s
 423   4.89799704e+05  1.34e-08  1.16e-06  1.00e-09  1.00e+00     6s
 424   4.89799704e+05  7.24e-09  8.17e-07  1.00e-09  1.00e+00     6s
 425   4.89799704e+05  7.23e-09  3.53e-07  1.00e-09  1.00e+00     6s
 426   4.89799704e+05  7.22e-09  4.20e-07  1.01e-09  1.00e+00     6s
 427   4.89799704e+05  6.81e-09  1.67e-06  1.01e-09  1.00e+00     6s
 428   4.89799705e+05  6.48e-09  1.19e-06  1.00e-09  1.00e+00     6s
 429   4.89799705e+05  6.48e-09  4.74e-08  1.00e-09  1.00e+00     6s
 430   4.89799705e+05  9.46e-09  6.14e-09  1.00e-09  1.00e+00     6s
 431   4.89799705e+05  1.02e-08  9.51e-07  1.00e-09  1.00e+00     6s
 432   4.89799705e+05  6.48e-09  6.41e-07  1.00e-09  1.00e+00     6s
 433   4.89799705e+05  6.48e-09  7.74e-07  1.00e-09  1.00e+00     6s
 434   4.89799705e+05  6.47e-09  8.50e-07  1.00e-09  1.00e+00     6s
 435   4.89799705e+05  6.47e-09  9.28e-07  1.00e-09  1.00e+00     6s
 436   4.89799705e+05  6.46e-09  2.17e-08  1.00e-09  1.00e+00     6s
 437   4.89799706e+05  8.14e-09  4.41e-08  1.01e-09  1.00e+00     6s
 438   4.89799706e+05  8.22e-09  8.04e-07  1.01e-09  1.00e+00     6s
 439   4.89799706e+05  6.10e-09  9.64e-07  1.01e-09  1.00e+00     6s
 440   4.89799706e+05  6.00e-09  9.46e-07  1.01e-09  1.00e+00     6s
 441   4.89799706e+05  6.00e-09  1.28e-06  1.01e-09  1.00e+00     6s
 442   4.89799707e+05  6.00e-09  9.41e-07  1.00e-09  1.00e+00     6s
 443   4.89799707e+05  6.00e-09  7.69e-07  1.00e-09  1.00e+00     6s
 444   4.89799707e+05  6.00e-09  7.35e-07  1.00e-09  1.00e+00     6s
 445   4.89799707e+05  6.00e-09  1.97e-09  1.00e-09  1.00e+00     6s
 446   4.89799707e+05  6.00e-09  5.58e-07  1.00e-09  1.00e+00     6s
 447   4.89799707e+05  6.00e-09  9.00e-07  1.00e-09  1.00e+00     6s
 448   4.89799707e+05  6.00e-09  1.46e-07  1.00e-09  1.00e+00     6s
 449   4.89799707e+05  6.00e-09  1.17e-06  1.00e-09  1.00e+00     6s
 450   4.89799708e+05  6.00e-09  2.79e-07  1.00e-09  1.00e+00     6s
 451   4.89799708e+05  6.00e-09  7.11e-07  1.00e-09  1.00e+00     6s
 452   4.89799708e+05  6.00e-09  1.34e-08  1.00e-09  1.00e+00     6s
 453   4.89799708e+05  6.00e-09  1.07e-08  1.00e-09  1.00e+00     6s
 454   4.89799708e+05  6.00e-09  7.41e-10  1.00e-09  1.00e+00     6s
 455   4.89799708e+05  1.77e-08  8.22e-07  1.00e-09  1.00e+00     6s
 456   4.89799708e+05  5.99e-09  6.71e-09  1.00e-09  1.00e+00     6s
 457   4.89799708e+05  8.11e-09  9.00e-07  1.00e-09  1.00e+00     6s
 458   4.89799708e+05  4.79e-09  3.43e-08  1.00e-09  1.00e+00     6s
 459   4.89799708e+05  4.79e-09  1.23e-07  1.00e-09  1.00e+00     6s
 460   4.89799708e+05  4.79e-09  7.82e-09  1.01e-09  1.00e+00     6s
 461   4.89799708e+05  4.79e-09  1.66e-07  1.00e-09  1.00e+00     6s
 462   4.89799708e+05  4.78e-09  1.38e-07  1.00e-09  1.00e+00     6s
 463   4.89799709e+05  4.78e-09  5.89e-07  1.01e-09  1.00e+00     6s
 464   4.89799709e+05  4.73e-09  5.14e-07  1.00e-09  1.00e+00     6s
 465   4.89799709e+05  4.62e-09  5.11e-07  1.00e-09  1.00e+00     6s
 466   4.89799709e+05  4.55e-09  2.30e-08  1.00e-09  1.00e+00     6s
 467   4.89799709e+05  4.55e-09  1.24e-07  1.00e-09  1.00e+00     6s
 468   4.89799709e+05  4.55e-09  1.92e-07  1.00e-09  1.00e+00     6s
 469   4.89799709e+05  4.55e-09  7.93e-08  1.00e-09  1.00e+00     6s
 470   4.89799709e+05  4.55e-09  1.04e-08  1.00e-09  1.00e+00     6s
 471   4.89799709e+05  1.17e-08  7.75e-07  1.00e-09  1.00e+00     6s
 472   4.89799709e+05  4.55e-09  2.56e-09  1.00e-09  1.00e+00     6s
 473   4.89799709e+05  4.55e-09  3.59e-07  1.00e-09  1.00e+00     6s
 474   4.89799709e+05  4.54e-09  2.75e-08  1.00e-09  1.00e+00     6s
 475   4.89799709e+05  4.54e-09  2.65e-08  1.01e-09  1.00e+00     6s
 476   4.89799709e+05  4.53e-09  2.24e-08  1.01e-09  1.00e+00     6s
 477   4.89799709e+05  4.46e-09  4.34e-07  1.01e-09  1.00e+00     6s
 478   4.89799709e+05  4.20e-09  3.38e-07  1.00e-09  1.00e+00     6s
 479   4.89799709e+05  3.81e-09  7.03e-07  1.00e-09  1.00e+00     6s
 480   4.89799709e+05  3.81e-09  8.20e-07  1.00e-09  1.00e+00     6s
 481   4.89799709e+05  3.81e-09  2.62e-07  1.00e-09  1.00e+00     6s
 482   4.89799709e+05  3.81e-09  7.17e-08  1.00e-09  1.00e+00     6s
 483   4.89799709e+05  3.81e-09  1.13e-07  1.00e-09  1.00e+00     6s
 484   4.89799709e+05  3.81e-09  3.12e-07  1.00e-09  1.00e+00     6s
 485   4.89799709e+05  3.81e-09  2.66e-07  1.00e-09  1.00e+00     6s
 486   4.89799710e+05  3.81e-09  8.49e-09  1.00e-09  1.00e+00     6s
 487   4.89799710e+05  3.81e-09  2.82e-10  1.00e-09  1.00e+00     6s
 488   4.89799710e+05  3.81e-09  1.98e-10  1.00e-09  1.00e+00     6s
 489   4.89799710e+05  3.81e-09  2.45e-07  1.00e-09  1.00e+00     6s
 490   4.89799710e+05  3.81e-09  8.65e-10  1.00e-09  1.00e+00     6s
 491   4.89799710e+05  3.81e-09  1.94e-10  1.00e-09  1.00e+00     6s
 492   4.89799710e+05  3.81e-09  1.35e-07  1.00e-09  1.00e+00     7s
 493   4.89799710e+05  3.81e-09  5.15e-07  1.00e-09  1.00e+00     7s
 494   4.89799710e+05  3.81e-09  6.27e-09  1.00e-09  1.00e+00     7s
 495   4.89799710e+05  3.81e-09  9.85e-08  1.00e-09  1.00e+00     7s
 496   4.89799710e+05  3.81e-09  8.11e-09  1.00e-09  1.00e+00     7s
 497   4.89799710e+05  3.80e-09  2.06e-07  1.00e-09  1.00e+00     7s
 498   4.89799710e+05  3.80e-09  2.28e-07  1.00e-09  1.00e+00     7s
 499   4.89799710e+05  3.80e-09  2.05e-07  1.00e-09  1.00e+00     7s
 500   4.89799710e+05  3.80e-09  1.93e-07  1.00e-09  1.00e+00     7s
 501   4.89799710e+05  3.79e-09  3.28e-10  1.00e-09  1.00e+00     7s
 502   4.89799710e+05  3.75e-09  1.09e-07  1.00e-09  1.00e+00     7s
 503   4.89799710e+05  3.29e-09  9.21e-10  1.00e-09  1.00e+00     7s
 504   4.89799710e+05  3.25e-09  1.76e-07  1.00e-09  1.00e+00     7s
 505   4.89799710e+05  3.06e-09  2.78e-08  1.00e-09  1.00e+00     7s
 506   4.89799710e+05  3.06e-09  1.44e-07  1.00e-09  1.00e+00     7s
 507   4.89799710e+05  3.06e-09  2.09e-07  1.00e-09  1.00e+00     7s
 508   4.89799710e+05  3.06e-09  3.13e-08  1.00e-09  1.00e+00     7s
 509   4.89799710e+05  3.06e-09  1.73e-07  1.00e-09  1.00e+00     7s
 510   4.89799710e+05  3.06e-09  9.14e-10  1.00e-09  1.00e+00     7s
 511   4.89799710e+05  3.06e-09  1.66e-10  1.00e-09  1.00e+00     7s
 512   4.89799710e+05  3.06e-09  1.66e-10  1.00e-09  1.00e+00     7s
 513   4.89799710e+05  3.06e-09  1.66e-10  1.00e-09  1.00e+00     7s
 514   4.89799710e+05  3.06e-09  1.55e-07  1.00e-09  1.00e+00     7s
 515   4.89799710e+05  3.06e-09  2.60e-09  1.00e-09  1.00e+00     7s
 516   4.89799710e+05  3.06e-09  4.19e-10  1.00e-09  1.00e+00     7s
 517   4.89799710e+05  3.06e-09  1.80e-07  1.00e-09  1.00e+00     7s
 518   4.89799710e+05  3.06e-09  1.25e-09  1.00e-09  1.00e+00     7s
 519   4.89799710e+05  3.06e-09  1.35e-10  1.00e-09  1.00e+00     7s
 520   4.89799710e+05  3.06e-09  3.24e-10  1.00e-09  1.00e+00     7s
 521   4.89799710e+05  3.06e-09  1.55e-07  1.00e-09  1.00e+00     7s
 522   4.89799710e+05  3.06e-09  1.52e-09  1.00e-09  1.00e+00     7s
 523   4.89799710e+05  3.06e-09  2.12e-10  1.00e-09  1.00e+00     7s
 524   4.89799710e+05  3.06e-09  1.79e-07  1.00e-09  1.00e+00     7s
 525   4.89799710e+05  3.06e-09  5.93e-08  1.00e-09  1.00e+00     7s
 526   4.89799710e+05  3.06e-09  2.66e-09  1.00e-09  1.00e+00     7s
 527   4.89799710e+05  3.06e-09  1.04e-07  1.00e-09  1.00e+00     7s
 528   4.89799710e+05  3.06e-09  2.02e-09  1.00e-09  1.00e+00     7s
 529   4.89799710e+05  3.06e-09  4.05e-10  1.00e-09  1.00e+00     7s
 530   4.89799710e+05  3.06e-09  1.60e-10  1.00e-09  1.00e+00     7s
 531   4.89799710e+05  3.05e-09  1.60e-10  1.00e-09  1.00e+00     7s
 532   4.89799710e+05  3.05e-09  1.12e-10  1.00e-09  1.00e+00     7s
 533   4.89799710e+05  3.05e-09  3.18e-10  1.00e-09  1.00e+00     7s
 534   4.89799710e+05  3.03e-09  1.60e-10  1.00e-09  1.00e+00     7s
 535   4.89799710e+05  2.32e-09  1.78e-07  1.00e-09  1.00e+00     7s
 536   4.89799710e+05  2.32e-09  6.43e-11  1.00e-09  1.00e+00     7s
 537   4.89799710e+05  2.32e-09  1.57e-10  1.00e-09  1.00e+00     7s
 538   4.89799710e+05  2.32e-09  1.12e-10  1.00e-09  1.00e+00     7s
 539   4.89799710e+05  2.32e-09  3.11e-10  1.00e-09  1.00e+00     7s
 540   4.89799710e+05  2.32e-09  1.57e-10  1.00e-09  1.00e+00     7s
 541   4.89799710e+05  2.32e-09  1.57e-10  1.00e-09  1.00e+00     7s
 542   4.89799710e+05  2.32e-09  1.57e-10  1.00e-09  1.00e+00     7s
 543   4.89799710e+05  2.32e-09  1.57e-10  1.00e-09  1.00e+00     7s
 544   4.89799710e+05  2.32e-09  4.20e-08  1.00e-09  1.00e+00     7s
 545   4.89799710e+05  2.32e-09  1.25e-07  1.00e-09  1.00e+00     7s
 546   4.89799710e+05  2.32e-09  6.69e-10  1.00e-09  1.00e+00     7s
 547   4.89799710e+05  2.32e-09  1.55e-10  1.00e-09  1.00e+00     7s
 548   4.89799710e+05  2.32e-09  6.75e-08  1.00e-09  1.00e+00     7s
 549   4.89799710e+05  2.32e-09  2.88e-09  1.00e-09  1.00e+00     7s
 550   4.89799710e+05  2.32e-09  6.51e-10  1.00e-09  1.00e+00     7s
 551   4.89799710e+05  2.32e-09  1.55e-10  1.00e-09  1.00e+00     7s
 552   4.89799710e+05  2.32e-09  1.55e-10  1.00e-09  1.00e+00     7s
 553   4.89799710e+05  2.32e-09  1.55e-10  1.00e-09  1.00e+00     7s
 554   4.89799710e+05  2.32e-09  1.55e-10  1.00e-09  1.00e+00     7s
 555   4.89799710e+05  2.32e-09  1.55e-10  1.00e-09  1.00e+00     7s
 556   4.89799710e+05  2.31e-09  1.55e-10  1.00e-09  1.00e+00     7s
 557   4.89799710e+05  2.31e-09  1.55e-10  1.00e-09  1.00e+00     7s
 558   4.89799710e+05  2.31e-09  1.55e-10  1.00e-09  1.00e+00     7s
 559   4.89799710e+05  2.31e-09  1.55e-10  1.00e-09  1.00e+00     7s
 560   4.89799710e+05  2.31e-09  1.00e-07  1.00e-09  1.00e+00     7s
 561   4.89799710e+05  2.31e-09  2.09e-09  1.00e-09  1.00e+00     7s
 562   4.89799710e+05  2.30e-09  3.99e-10  1.00e-09  1.00e+00     7s
 563   4.89799710e+05  2.27e-09  1.47e-08  1.00e-09  1.00e+00     7s
 564   4.89799710e+05  1.94e-09  8.74e-09  1.00e-09  1.00e+00     7s
 565   4.89799710e+05  1.94e-09  2.16e-09  1.00e-09  1.00e+00     7s
 566   4.89799710e+05  1.94e-09  1.53e-10  1.00e-09  1.00e+00     7s
 567   4.89799710e+05  1.94e-09  1.53e-10  1.00e-09  1.00e+00     7s
 568   4.89799710e+05  1.94e-09  1.53e-10  1.00e-09  1.00e+00     7s
 569   4.89799710e+05  1.94e-09  1.53e-10  1.00e-09  1.00e+00     7s
 570   4.89799710e+05  1.94e-09  1.53e-10  1.00e-09  1.00e+00     7s
 571   4.89799710e+05  1.94e-09  1.05e-08  1.00e-09  1.00e+00     7s
 572   4.89799710e+05  1.94e-09  5.26e-09  1.00e-09  1.00e+00     7s
 573   4.89799710e+05  1.94e-09  1.28e-09  1.00e-09  1.00e+00     8s
 574   4.89799710e+05  1.94e-09  1.52e-10  1.00e-09  1.00e+00     8s
 575   4.89799710e+05  1.94e-09  1.52e-10  1.00e-09  1.00e+00     8s
 576   4.89799710e+05  1.94e-09  1.12e-10  1.00e-09  1.00e+00     8s
 577   4.89799710e+05  1.94e-09  3.02e-10  1.00e-09  1.00e+00     8s
 578   4.89799710e+05  1.94e-09  1.52e-10  1.00e-09  1.00e+00     8s
 579   4.89799710e+05  1.94e-09  1.52e-10  1.00e-09  1.00e+00     8s
 580   4.89799710e+05  1.94e-09  1.52e-10  1.00e-09  1.00e+00     8s
 581   4.89799710e+05  1.94e-09  1.52e-10  1.00e-09  1.00e+00     8s
 582   4.89799710e+05  1.94e-09  1.52e-10  1.00e-09  1.00e+00     8s
 583   4.89799710e+05  1.94e-09  1.52e-10  1.00e-09  1.00e+00     8s
 584   4.89799710e+05  1.93e-09  1.52e-10  1.00e-09  1.00e+00     8s
 585   4.89799710e+05  1.93e-09  1.52e-10  1.00e-09  1.00e+00     8s
 586   4.89799710e+05  1.93e-09  1.52e-10  1.00e-09  1.00e+00     8s
 587   4.89799710e+05  1.92e-09  1.52e-10  1.00e-09  1.00e+00     8s
 588   4.89799710e+05  1.88e-09  2.69e-08  1.00e-09  1.00e+00     8s
 589   4.89799710e+05  9.62e-10  5.12e-09  1.00e-09  1.00e+00     8s
 590   4.89799710e+05  9.62e-10  1.25e-09  1.00e-09  1.00e+00     8s
 591   4.89799710e+05  9.62e-10  1.51e-10  1.00e-09  1.00e+00     8s
 592   4.89799710e+05  9.62e-10  1.51e-10  1.00e-09  1.00e+00     8s
 593   4.89799710e+05  9.62e-10  1.51e-10  1.00e-09  1.00e+00     8s
 594   4.89799710e+05  9.62e-10  1.51e-10  1.00e-09  1.00e+00     8s
 595   4.89799710e+05  9.62e-10  1.51e-10  1.00e-09  1.00e+00     8s

NL barrier solved model in 595 iterations and 7.78 seconds (10.57 work units)
First-order optimal solution
Solution objective 4.897997098937e+05
Warning: max constraint violation (9.5325e-07) exceeds tolerance
Warning: max general constraint violation (8.1466e-09) exceeds tolerance

User-callback calls 5202, time in user-callback 0.02 sec
