T = 24
dt_h = 1.0
grid_price = [258.9, 258.9, 258.9, 258.9, 258.9, 606.8, 606.8, 606.8, 1034.7, 1034.7, 1034.7, 1034.7, 606.8, 606.8, 606.8, 606.8, 606.8, 1034.7, 1034.7, 1034.7, 1034.7, 258.9, 258.9, 258.9]
id = "r9-73-44e38h-8aggregators-24h-v1"
origin = "synthetic"
schema = "r9-trading-case-v1"

[[actors]]
H_load = [0.0, 0.0, 0.0, 0.0, 0.0, 0.0, 0.0, 0.0, 0.0, 0.0, 0.0, 0.0, 0.0, 0.0, 0.0, 0.0, 0.0, 0.0, 0.0, 0.0, 0.0, 0.0, 0.0, 0.0]
H_preferred = [0.0, 0.0, 0.0, 0.0, 0.0, 0.0, 0.0, 0.0, 0.0, 0.0, 0.0, 0.0, 0.0, 0.0, 0.0, 0.0, 0.0, 0.0, 0.0, 0.0, 0.0, 0.0, 0.0, 0.0]
P_load = [0.0, 0.0, 0.0, 0.0, 0.0, 0.0, 0.0, 0.0, 0.0, 0.0, 0.0, 0.0, 0.0, 0.0, 0.0, 0.0, 0.0, 0.0, 0.0, 0.0, 0.0, 0.0, 0.0, 0.0]
P_preferred = [0.0, 0.0, 0.0, 0.0, 0.0, 0.0, 0.0, 0.0, 0.0, 0.0, 0.0, 0.0, 0.0, 0.0, 0.0, 0.0, 0.0, 0.0, 0.0, 0.0, 0.0, 0.0, 0.0, 0.0]
Q_ratio = 0.48432210483785254
electric_node = 0
flex = 0.1
heat_node = 0
id = "DSO"
retail_limit_MW = 100.0
sat_H = 10000.0
sat_P = 10000.0
[[actors]]
H_load = [0.0, 0.0, 0.0, 0.0, 0.0, 0.0, 0.0, 0.0, 0.0, 0.0, 0.0, 0.0, 0.0, 0.0, 0.0, 0.0, 0.0, 0.0, 0.0, 0.0, 0.0, 0.0, 0.0, 0.0]
H_preferred = [0.0, 0.0, 0.0, 0.0, 0.0, 0.0, 0.0, 0.0, 0.0, 0.0, 0.0, 0.0, 0.0, 0.0, 0.0, 0.0, 0.0, 0.0, 0.0, 0.0, 0.0, 0.0, 0.0, 0.0]
P_load = [1.5066000000000002, 1.4337, 1.3851, 1.3608000000000002, 1.4094, 1.5795000000000001, 1.8225000000000002, 2.0898000000000003, 2.2842000000000002, 2.3814, 2.43, 2.3328, 2.1870000000000003, 2.1141, 2.1870000000000003, 2.2842000000000002, 2.3814, 2.43, 2.3328, 2.1870000000000003, 1.9926, 1.8225000000000002, 1.701, 1.5795000000000001]
P_preferred = [1.5066000000000002, 1.4337, 1.3851, 1.3608000000000002, 1.4094, 1.5795000000000001, 1.8225000000000002, 2.0898000000000003, 2.2842000000000002, 2.3814, 2.43, 2.3328, 2.1870000000000003, 2.1141, 2.1870000000000003, 2.2842000000000002, 2.3814, 2.43, 2.3328, 2.1870000000000003, 1.9926, 1.8225000000000002, 1.701, 1.5795000000000001]
Q_ratio = 0.48432210483785254
electric_node = 8
flex = 0.1
heat_node = 5
id = "A1"
retail_limit_MW = 100.0
sat_H = 10000.0
sat_P = 10000.0
[[actors]]
H_load = [0.0, 0.0, 0.0, 0.0, 0.0, 0.0, 0.0, 0.0, 0.0, 0.0, 0.0, 0.0, 0.0, 0.0, 0.0, 0.0, 0.0, 0.0, 0.0, 0.0, 0.0, 0.0, 0.0, 0.0]
H_preferred = [0.0, 0.0, 0.0, 0.0, 0.0, 0.0, 0.0, 0.0, 0.0, 0.0, 0.0, 0.0, 0.0, 0.0, 0.0, 0.0, 0.0, 0.0, 0.0, 0.0, 0.0, 0.0, 0.0, 0.0]
P_load = [1.8042, 1.7169, 1.6586999999999998, 1.6296000000000002, 1.6878, 1.8915000000000002, 2.1825, 2.5026, 2.7354, 2.8518, 2.91, 2.7936, 2.619, 2.5317000000000003, 2.619, 2.7354, 2.8518, 2.91, 2.7936, 2.619, 2.3862, 2.1825, 2.037, 1.8915000000000002]
P_preferred = [1.8042, 1.7169, 1.6586999999999998, 1.6296000000000002, 1.6878, 1.8915000000000002, 2.1825, 2.5026, 2.7354, 2.8518, 2.91, 2.7936, 2.619, 2.5317000000000003, 2.619, 2.7354, 2.8518, 2.91, 2.7936, 2.619, 2.3862, 2.1825, 2.037, 1.8915000000000002]
Q_ratio = 0.48432210483785254
electric_node = 22
flex = 0.1
heat_node = 15
id = "A2"
retail_limit_MW = 100.0
sat_H = 10000.0
sat_P = 10000.0
[[actors]]
H_load = [1.236, 1.236, 1.2051, 1.1742, 1.236, 1.3596, 1.4831999999999999, 1.545, 1.4831999999999999, 1.3596, 1.2669, 1.236, 1.2051, 1.1742, 1.2051, 1.2977999999999998, 1.4214, 1.5141, 1.4523, 1.3596, 1.2977999999999998, 1.2669, 1.236, 1.236]
H_preferred = [1.236, 1.236, 1.2051, 1.1742, 1.236, 1.3596, 1.4831999999999999, 1.545, 1.4831999999999999, 1.3596, 1.2669, 1.236, 1.2051, 1.1742, 1.2051, 1.2977999999999998, 1.4214, 1.5141, 1.4523, 1.3596, 1.2977999999999998, 1.2669, 1.236, 1.236]
P_load = [2.4924000000000004, 2.3718000000000004, 2.2914, 2.2512000000000003, 2.3316, 2.6130000000000004, 3.0150000000000006, 3.4572000000000003, 3.7788000000000004, 3.9396000000000004, 4.0200000000000005, 3.8592000000000004, 3.6180000000000003, 3.4974000000000003, 3.6180000000000003, 3.7788000000000004, 3.9396000000000004, 4.0200000000000005, 3.8592000000000004, 3.6180000000000003, 3.2964, 3.0150000000000006, 2.814, 2.6130000000000004]
P_preferred = [2.4924000000000004, 2.3718000000000004, 2.2914, 2.2512000000000003, 2.3316, 2.6130000000000004, 3.0150000000000006, 3.4572000000000003, 3.7788000000000004, 3.9396000000000004, 4.0200000000000005, 3.8592000000000004, 3.6180000000000003, 3.4974000000000003, 3.6180000000000003, 3.7788000000000004, 3.9396000000000004, 4.0200000000000005, 3.8592000000000004, 3.6180000000000003, 3.2964, 3.0150000000000006, 2.814, 2.6130000000000004]
Q_ratio = 0.48432210483785254
electric_node = 34
flex = 0.1
heat_node = 4
id = "A3"
retail_limit_MW = 100.0
sat_H = 10000.0
sat_P = 10000.0
[[actors]]
H_load = [0.924, 0.924, 0.9009, 0.8778, 0.924, 1.0164, 1.1088, 1.155, 1.1088, 1.0164, 0.9470999999999999, 0.924, 0.9009, 0.8778, 0.9009, 0.9702, 1.0626, 1.1319, 1.0856999999999999, 1.0164, 0.9702, 0.9470999999999999, 0.924, 0.924]
H_preferred = [0.924, 0.924, 0.9009, 0.8778, 0.924, 1.0164, 1.1088, 1.155, 1.1088, 1.0164, 0.9470999999999999, 0.924, 0.9009, 0.8778, 0.9009, 0.9702, 1.0626, 1.1319, 1.0856999999999999, 1.0164, 0.9702, 0.9470999999999999, 0.924, 0.924]
P_load = [2.4924000000000004, 2.3718000000000004, 2.2914, 2.2512000000000003, 2.3316, 2.6130000000000004, 3.0150000000000006, 3.4572000000000003, 3.7788000000000004, 3.9396000000000004, 4.0200000000000005, 3.8592000000000004, 3.6180000000000003, 3.4974000000000003, 3.6180000000000003, 3.7788000000000004, 3.9396000000000004, 4.0200000000000005, 3.8592000000000004, 3.6180000000000003, 3.2964, 3.0150000000000006, 2.814, 2.6130000000000004]
P_preferred = [2.4924000000000004, 2.3718000000000004, 2.2914, 2.2512000000000003, 2.3316, 2.6130000000000004, 3.0150000000000006, 3.4572000000000003, 3.7788000000000004, 3.9396000000000004, 4.0200000000000005, 3.8592000000000004, 3.6180000000000003, 3.4974000000000003, 3.6180000000000003, 3.7788000000000004, 3.9396000000000004, 4.0200000000000005, 3.8592000000000004, 3.6180000000000003, 3.2964, 3.0150000000000006, 2.814, 2.6130000000000004]
Q_ratio = 0.48432210483785254
electric_node = 2
flex = 0.1
heat_node = 26
id = "A4"
retail_limit_MW = 100.0
sat_H = 10000.0
sat_P = 10000.0
[[actors]]
H_load = [2.4960000000000004, 2.4960000000000004, 2.4336, 2.3712, 2.4960000000000004, 2.7456, 2.9952, 3.12, 2.9952, 2.7456, 2.5584, 2.4960000000000004, 2.4336, 2.3712, 2.4336, 2.6208, 2.8704, 3.0576, 2.9328, 2.7456, 2.6208, 2.5584, 2.4960000000000004, 2.4960000000000004]
H_preferred = [2.4960000000000004, 2.4960000000000004, 2.4336, 2.3712, 2.4960000000000004, 2.7456, 2.9952, 3.12, 2.9952, 2.7456, 2.5584, 2.4960000000000004, 2.4336, 2.3712, 2.4336, 2.6208, 2.8704, 3.0576, 2.9328, 2.7456, 2.6208, 2.5584, 2.4960000000000004, 2.4960000000000004]
P_load = [1.0044, 0.9558, 0.9234, 0.9072000000000001, 0.9396, 1.0530000000000002, 1.215, 1.3932, 1.5228, 1.5876000000000001, 1.62, 1.5552000000000001, 1.4580000000000002, 1.4094, 1.4580000000000002, 1.5228, 1.5876000000000001, 1.62, 1.5552000000000001, 1.4580000000000002, 1.3284, 1.215, 1.134, 1.0530000000000002]
P_preferred = [1.0044, 0.9558, 0.9234, 0.9072000000000001, 0.9396, 1.0530000000000002, 1.215, 1.3932, 1.5228, 1.5876000000000001, 1.62, 1.5552000000000001, 1.4580000000000002, 1.4094, 1.4580000000000002, 1.5228, 1.5876000000000001, 1.62, 1.5552000000000001, 1.4580000000000002, 1.3284, 1.215, 1.134, 1.0530000000000002]
Q_ratio = 0.48432210483785254
electric_node = 31
flex = 0.1
heat_node = 2
id = "A5"
retail_limit_MW = 100.0
sat_H = 10000.0
sat_P = 10000.0
[[actors]]
H_load = [0.684, 0.684, 0.6669, 0.6498, 0.684, 0.7524, 0.8208, 0.855, 0.8208, 0.7524, 0.7011, 0.684, 0.6669, 0.6498, 0.6669, 0.7182, 0.7866, 0.8379, 0.8037, 0.7524, 0.7182, 0.7011, 0.684, 0.684]
H_preferred = [0.684, 0.684, 0.6669, 0.6498, 0.684, 0.7524, 0.8208, 0.855, 0.8208, 0.7524, 0.7011, 0.684, 0.6669, 0.6498, 0.6669, 0.7182, 0.7866, 0.8379, 0.8037, 0.7524, 0.7182, 0.7011, 0.684, 0.684]
P_load = [2.4644999999999997, 2.3452499999999996, 2.2657499999999997, 2.226, 2.3054999999999994, 2.5837499999999998, 2.9812499999999997, 3.4184999999999994, 3.7364999999999995, 3.8954999999999997, 3.9749999999999996, 3.8159999999999994, 3.5774999999999997, 3.4582499999999996, 3.5774999999999997, 3.7364999999999995, 3.8954999999999997, 3.9749999999999996, 3.8159999999999994, 3.5774999999999997, 3.2594999999999996, 2.9812499999999997, 2.7824999999999998, 2.5837499999999998]
P_preferred = [2.4644999999999997, 2.3452499999999996, 2.2657499999999997, 2.226, 2.3054999999999994, 2.5837499999999998, 2.9812499999999997, 3.4184999999999994, 3.7364999999999995, 3.8954999999999997, 3.9749999999999996, 3.8159999999999994, 3.5774999999999997, 3.4582499999999996, 3.5774999999999997, 3.7364999999999995, 3.8954999999999997, 3.9749999999999996, 3.8159999999999994, 3.5774999999999997, 3.2594999999999996, 2.9812499999999997, 2.7824999999999998, 2.5837499999999998]
Q_ratio = 0.48432210483785254
electric_node = 38
flex = 0.1
heat_node = 18
id = "A6"
retail_limit_MW = 100.0
sat_H = 10000.0
sat_P = 10000.0
[[actors]]
H_load = [0.372, 0.372, 0.36269999999999997, 0.3534, 0.372, 0.40919999999999995, 0.44639999999999996, 0.46499999999999997, 0.44639999999999996, 0.40919999999999995, 0.3813, 0.372, 0.36269999999999997, 0.3534, 0.36269999999999997, 0.39059999999999995, 0.4278, 0.45569999999999994, 0.43709999999999993, 0.40919999999999995, 0.39059999999999995, 0.3813, 0.372, 0.372]
H_preferred = [0.372, 0.372, 0.36269999999999997, 0.3534, 0.372, 0.40919999999999995, 0.44639999999999996, 0.46499999999999997, 0.44639999999999996, 0.40919999999999995, 0.3813, 0.372, 0.36269999999999997, 0.3534, 0.36269999999999997, 0.39059999999999995, 0.4278, 0.45569999999999994, 0.43709999999999993, 0.40919999999999995, 0.39059999999999995, 0.3813, 0.372, 0.372]
P_load = [2.6691, 2.5399499999999997, 2.4538499999999996, 2.4108, 2.4968999999999997, 2.79825, 3.22875, 3.7022999999999997, 4.0466999999999995, 4.2189, 4.305, 4.1328, 3.8745, 3.7453499999999997, 3.8745, 4.0466999999999995, 4.2189, 4.305, 4.1328, 3.8745, 3.5300999999999996, 3.22875, 3.0134999999999996, 2.79825]
P_preferred = [2.6691, 2.5399499999999997, 2.4538499999999996, 2.4108, 2.4968999999999997, 2.79825, 3.22875, 3.7022999999999997, 4.0466999999999995, 4.2189, 4.305, 4.1328, 3.8745, 3.7453499999999997, 3.8745, 4.0466999999999995, 4.2189, 4.305, 4.1328, 3.8745, 3.5300999999999996, 3.22875, 3.0134999999999996, 2.79825]
Q_ratio = 0.48432210483785254
electric_node = 26
flex = 0.1
heat_node = 16
id = "A7"
retail_limit_MW = 100.0
sat_H = 10000.0
sat_P = 10000.0
[[actors]]
H_load = [0.924, 0.924, 0.9009, 0.8778, 0.924, 1.0164, 1.1088, 1.155, 1.1088, 1.0164, 0.9470999999999999, 0.924, 0.9009, 0.8778, 0.9009, 0.9702, 1.0626, 1.1319, 1.0856999999999999, 1.0164, 0.9702, 0.9470999999999999, 0.924, 0.924]
H_preferred = [0.924, 0.924, 0.9009, 0.8778, 0.924, 1.0164, 1.1088, 1.155, 1.1088, 1.0164, 0.9470999999999999, 0.924, 0.9009, 0.8778, 0.9009, 0.9702, 1.0626, 1.1319, 1.0856999999999999, 1.0164, 0.9702, 0.9470999999999999, 0.924, 0.924]
P_load = [0.0, 0.0, 0.0, 0.0, 0.0, 0.0, 0.0, 0.0, 0.0, 0.0, 0.0, 0.0, 0.0, 0.0, 0.0, 0.0, 0.0, 0.0, 0.0, 0.0, 0.0, 0.0, 0.0, 0.0]
P_preferred = [0.0, 0.0, 0.0, 0.0, 0.0, 0.0, 0.0, 0.0, 0.0, 0.0, 0.0, 0.0, 0.0, 0.0, 0.0, 0.0, 0.0, 0.0, 0.0, 0.0, 0.0, 0.0, 0.0, 0.0]
Q_ratio = 0.48432210483785254
electric_node = 35
flex = 0.1
heat_node = 26
id = "A8"
retail_limit_MW = 100.0
sat_H = 10000.0
sat_P = 10000.0

[[devices]]
availability_MW = [6.0, 6.0, 6.0, 6.0, 6.0, 6.0, 6.0, 6.0, 6.0, 6.0, 6.0, 6.0, 6.0, 6.0, 6.0, 6.0, 6.0, 6.0, 6.0, 6.0, 6.0, 6.0, 6.0, 6.0]
cost_CNY_MWh = 685.9
electric_node = 33
energy_max_MWh = 0.0
eta_ch = 1.0
eta_dis = 1.0
heat_node = 1
heat_ratio = 0.8
id = "CHP1"
initial_MWh = 0.0
kind = "CHP"
loss_per_h = 0.0
origin = "thesis"
owner = 1
power_max_MW = 6.0
power_min_MW = 3.0
[[devices]]
availability_MW = [1.0, 1.0, 1.0, 1.0, 1.0, 1.0, 1.0, 1.0, 1.0, 1.0, 1.0, 1.0, 1.0, 1.0, 1.0, 1.0, 1.0, 1.0, 1.0, 1.0, 1.0, 1.0, 1.0, 1.0]
cost_CNY_MWh = 711.3
electric_node = 22
energy_max_MWh = 0.0
eta_ch = 1.0
eta_dis = 1.0
heat_node = 15
heat_ratio = 1.2
id = "CHP2"
initial_MWh = 0.0
kind = "CHP"
loss_per_h = 0.0
origin = "thesis"
owner = 3
power_max_MW = 1.0
power_min_MW = 0.0
[[devices]]
availability_MW = [1.0869565217391304, 1.0869565217391304, 1.0869565217391304, 1.0869565217391304, 1.0869565217391304, 1.0869565217391304, 1.0869565217391304, 1.0869565217391304, 1.0869565217391304, 1.0869565217391304, 1.0869565217391304, 1.0869565217391304, 1.0869565217391304, 1.0869565217391304, 1.0869565217391304, 1.0869565217391304, 1.0869565217391304, 1.0869565217391304, 1.0869565217391304, 1.0869565217391304, 1.0869565217391304, 1.0869565217391304, 1.0869565217391304, 1.0869565217391304]
cost_CNY_MWh = 0.0
electric_node = 33
energy_max_MWh = 0.0
eta_ch = 1.0
eta_dis = 1.0
heat_node = 1
heat_ratio = 0.92
id = "EB1"
initial_MWh = 0.0
kind = "P2H"
loss_per_h = 0.0
origin = "thesis"
owner = 1
power_max_MW = 1.0869565217391304
power_min_MW = 0.0
[[devices]]
availability_MW = [1.2903225806451613, 1.2903225806451613, 1.2903225806451613, 1.2903225806451613, 1.2903225806451613, 1.2903225806451613, 1.2903225806451613, 1.2903225806451613, 1.2903225806451613, 1.2903225806451613, 1.2903225806451613, 1.2903225806451613, 1.2903225806451613, 1.2903225806451613, 1.2903225806451613, 1.2903225806451613, 1.2903225806451613, 1.2903225806451613, 1.2903225806451613, 1.2903225806451613, 1.2903225806451613, 1.2903225806451613, 1.2903225806451613, 1.2903225806451613]
cost_CNY_MWh = 0.0
electric_node = 22
energy_max_MWh = 0.0
eta_ch = 1.0
eta_dis = 1.0
heat_node = 15
heat_ratio = 0.93
id = "EB2"
initial_MWh = 0.0
kind = "P2H"
loss_per_h = 0.0
origin = "thesis"
owner = 3
power_max_MW = 1.2903225806451613
power_min_MW = 0.0
[[devices]]
availability_MW = [2.127659574468085, 2.127659574468085, 2.127659574468085, 2.127659574468085, 2.127659574468085, 2.127659574468085, 2.127659574468085, 2.127659574468085, 2.127659574468085, 2.127659574468085, 2.127659574468085, 2.127659574468085, 2.127659574468085, 2.127659574468085, 2.127659574468085, 2.127659574468085, 2.127659574468085, 2.127659574468085, 2.127659574468085, 2.127659574468085, 2.127659574468085, 2.127659574468085, 2.127659574468085, 2.127659574468085]
cost_CNY_MWh = 0.0
electric_node = 8
energy_max_MWh = 0.0
eta_ch = 1.0
eta_dis = 1.0
heat_node = 5
heat_ratio = 0.94
id = "EB3"
initial_MWh = 0.0
kind = "P2H"
loss_per_h = 0.0
origin = "thesis"
owner = 2
power_max_MW = 2.127659574468085
power_min_MW = 0.0
[[devices]]
availability_MW = [1.0869565217391304, 1.0869565217391304, 1.0869565217391304, 1.0869565217391304, 1.0869565217391304, 1.0869565217391304, 1.0869565217391304, 1.0869565217391304, 1.0869565217391304, 1.0869565217391304, 1.0869565217391304, 1.0869565217391304, 1.0869565217391304, 1.0869565217391304, 1.0869565217391304, 1.0869565217391304, 1.0869565217391304, 1.0869565217391304, 1.0869565217391304, 1.0869565217391304, 1.0869565217391304, 1.0869565217391304, 1.0869565217391304, 1.0869565217391304]
cost_CNY_MWh = 0.0
electric_node = 37
energy_max_MWh = 0.0
eta_ch = 1.0
eta_dis = 1.0
heat_node = 7
heat_ratio = 0.92
id = "EB4"
initial_MWh = 0.0
kind = "P2H"
loss_per_h = 0.0
origin = "thesis"
owner = 1
power_max_MW = 1.0869565217391304
power_min_MW = 0.0
[[devices]]
availability_MW = [0.0, 0.0, 0.0, 0.0, 0.0, 0.0, 0.1, 0.4, 0.8, 1.3, 1.7, 1.92, 2.0, 1.9, 1.6, 1.2, 0.7, 0.24, 0.0, 0.0, 0.0, 0.0, 0.0, 0.0]
cost_CNY_MWh = 55.0
electric_node = 22
energy_max_MWh = 0.0
eta_ch = 1.0
eta_dis = 1.0
heat_node = 0
heat_ratio = 0.0
id = "PV1"
initial_MWh = 0.0
kind = "PV"
loss_per_h = 0.0
origin = "thesis"
owner = 3
power_max_MW = 2.0
power_min_MW = 0.0
[[devices]]
availability_MW = [0.0, 0.0, 0.0, 0.0, 0.0, 0.0, 0.15000000000000002, 0.6000000000000001, 1.2000000000000002, 1.9500000000000002, 2.55, 2.88, 3.0, 2.8499999999999996, 2.4000000000000004, 1.7999999999999998, 1.0499999999999998, 0.36, 0.0, 0.0, 0.0, 0.0, 0.0, 0.0]
cost_CNY_MWh = 50.0
electric_node = 34
energy_max_MWh = 0.0
eta_ch = 1.0
eta_dis = 1.0
heat_node = 0
heat_ratio = 0.0
id = "PV2"
initial_MWh = 0.0
kind = "PV"
loss_per_h = 0.0
origin = "thesis"
owner = 4
power_max_MW = 3.0
power_min_MW = 0.0
[[devices]]
availability_MW = [0.0, 0.0, 0.0, 0.0, 0.0, 0.0, 0.15000000000000002, 0.6000000000000001, 1.2000000000000002, 1.9500000000000002, 2.55, 2.88, 3.0, 2.8499999999999996, 2.4000000000000004, 1.7999999999999998, 1.0499999999999998, 0.36, 0.0, 0.0, 0.0, 0.0, 0.0, 0.0]
cost_CNY_MWh = 45.0
electric_node = 8
energy_max_MWh = 0.0
eta_ch = 1.0
eta_dis = 1.0
heat_node = 0
heat_ratio = 0.0
id = "PV3"
initial_MWh = 0.0
kind = "PV"
loss_per_h = 0.0
origin = "thesis"
owner = 2
power_max_MW = 3.0
power_min_MW = 0.0
[[devices]]
availability_MW = [0.5, 0.5, 0.5, 0.5, 0.5, 0.5, 0.5, 0.5, 0.5, 0.5, 0.5, 0.5, 0.5, 0.5, 0.5, 0.5, 0.5, 0.5, 0.5, 0.5, 0.5, 0.5, 0.5, 0.5]
cost_CNY_MWh = 50.0
electric_node = 8
energy_max_MWh = 2.0
eta_ch = 0.95
eta_dis = 0.95
heat_node = 0
heat_ratio = 0.0
id = "BS1"
initial_MWh = 1.0
kind = "BS"
loss_per_h = 0.0
origin = "thesis"
owner = 2
power_max_MW = 0.5
power_min_MW = 0.0
[[devices]]
availability_MW = [0.5, 0.5, 0.5, 0.5, 0.5, 0.5, 0.5, 0.5, 0.5, 0.5, 0.5, 0.5, 0.5, 0.5, 0.5, 0.5, 0.5, 0.5, 0.5, 0.5, 0.5, 0.5, 0.5, 0.5]
cost_CNY_MWh = 50.0
electric_node = 22
energy_max_MWh = 2.0
eta_ch = 0.95
eta_dis = 0.95
heat_node = 0
heat_ratio = 0.0
id = "BS2"
initial_MWh = 1.0
kind = "BS"
loss_per_h = 0.0
origin = "thesis"
owner = 3
power_max_MW = 0.5
power_min_MW = 0.0
[[devices]]
availability_MW = [0.5, 0.5, 0.5, 0.5, 0.5, 0.5, 0.5, 0.5, 0.5, 0.5, 0.5, 0.5, 0.5, 0.5, 0.5, 0.5, 0.5, 0.5, 0.5, 0.5, 0.5, 0.5, 0.5, 0.5]
cost_CNY_MWh = 5.0
electric_node = 0
energy_max_MWh = 2.0
eta_ch = 0.95
eta_dis = 0.95
heat_node = 5
heat_ratio = 0.0
id = "HS1"
initial_MWh = 1.0
kind = "HS"
loss_per_h = 0.001
origin = "synthetic_missing_heat_storage"
owner = 2
power_max_MW = 0.5
power_min_MW = 0.0
[[devices]]
availability_MW = [0.5, 0.5, 0.5, 0.5, 0.5, 0.5, 0.5, 0.5, 0.5, 0.5, 0.5, 0.5, 0.5, 0.5, 0.5, 0.5, 0.5, 0.5, 0.5, 0.5, 0.5, 0.5, 0.5, 0.5]
cost_CNY_MWh = 5.0
electric_node = 0
energy_max_MWh = 2.0
eta_ch = 0.95
eta_dis = 0.95
heat_node = 15
heat_ratio = 0.0
id = "HS2"
initial_MWh = 1.0
kind = "HS"
loss_per_h = 0.001
origin = "synthetic_missing_heat_storage"
owner = 3
power_max_MW = 0.5
power_min_MW = 0.0

[electric]
P_background_MW = [[0.4531845714285715, 0.43125628571428576, 0.4166374285714286, 0.4093280000000001, 0.4239468571428572, 0.4751128571428572, 0.5482071428571429, 0.6286108571428572, 0.6870862857142858, 0.7163240000000001, 0.7309428571428572, 0.7017051428571429, 0.6578485714285716, 0.6359202857142858, 0.6578485714285716, 0.6870862857142858, 0.7163240000000001, 0.7309428571428572, 0.7017051428571429, 0.6578485714285716, 0.5993731428571429, 0.5482071428571429, 0.51166, 0.4751128571428572], [0.0, 0.0, 0.0, 0.0, 0.0, 0.0, 0.0, 0.0, 0.0, 0.0, 0.0, 0.0, 0.0, 0.0, 0.0, 0.0, 0.0, 0.0, 0.0, 0.0, 0.0, 0.0, 0.0, 0.0], [0.4531845714285715, 0.43125628571428576, 0.4166374285714286, 0.4093280000000001, 0.4239468571428572, 0.4751128571428572, 0.5482071428571429, 0.6286108571428572, 0.6870862857142858, 0.7163240000000001, 0.7309428571428572, 0.7017051428571429, 0.6578485714285716, 0.6359202857142858, 0.6578485714285716, 0.6870862857142858, 0.7163240000000001, 0.7309428571428572, 0.7017051428571429, 0.6578485714285716, 0.5993731428571429, 0.5482071428571429, 0.51166, 0.4751128571428572], [0.4531845714285715, 0.43125628571428576, 0.4166374285714286, 0.4093280000000001, 0.4239468571428572, 0.4751128571428572, 0.5482071428571429, 0.6286108571428572, 0.6870862857142858, 0.7163240000000001, 0.7309428571428572, 0.7017051428571429, 0.6578485714285716, 0.6359202857142858, 0.6578485714285716, 0.6870862857142858, 0.7163240000000001, 0.7309428571428572, 0.7017051428571429, 0.6578485714285716, 0.5993731428571429, 0.5482071428571429, 0.51166, 0.4751128571428572], [0.4531845714285715, 0.43125628571428576, 0.4166374285714286, 0.4093280000000001, 0.4239468571428572, 0.4751128571428572, 0.5482071428571429, 0.6286108571428572, 0.6870862857142858, 0.7163240000000001, 0.7309428571428572, 0.7017051428571429, 0.6578485714285716, 0.6359202857142858, 0.6578485714285716, 0.6870862857142858, 0.7163240000000001, 0.7309428571428572, 0.7017051428571429, 0.6578485714285716, 0.5993731428571429, 0.5482071428571429, 0.51166, 0.4751128571428572], [0.4531845714285715, 0.43125628571428576, 0.4166374285714286, 0.4093280000000001, 0.4239468571428572, 0.4751128571428572, 0.5482071428571429, 0.6286108571428572, 0.6870862857142858, 0.7163240000000001, 0.7309428571428572, 0.7017051428571429, 0.6578485714285716, 0.6359202857142858, 0.6578485714285716, 0.6870862857142858, 0.7163240000000001, 0.7309428571428572, 0.7017051428571429, 0.6578485714285716, 0.5993731428571429, 0.5482071428571429, 0.51166, 0.4751128571428572], [0.4531845714285715, 0.43125628571428576, 0.4166374285714286, 0.4093280000000001, 0.4239468571428572, 0.4751128571428572, 0.5482071428571429, 0.6286108571428572, 0.6870862857142858, 0.7163240000000001, 0.7309428571428572, 0.7017051428571429, 0.6578485714285716, 0.6359202857142858, 0.6578485714285716, 0.6870862857142858, 0.7163240000000001, 0.7309428571428572, 0.7017051428571429, 0.6578485714285716, 0.5993731428571429, 0.5482071428571429, 0.51166, 0.4751128571428572], [0.0, 0.0, 0.0, 0.0, 0.0, 0.0, 0.0, 0.0, 0.0, 0.0, 0.0, 0.0, 0.0, 0.0, 0.0, 0.0, 0.0, 0.0, 0.0, 0.0, 0.0, 0.0, 0.0, 0.0], [0.4531845714285715, 0.43125628571428576, 0.4166374285714286, 0.4093280000000001, 0.4239468571428572, 0.4751128571428572, 0.5482071428571429, 0.6286108571428572, 0.6870862857142858, 0.7163240000000001, 0.7309428571428572, 0.7017051428571429, 0.6578485714285716, 0.6359202857142858, 0.6578485714285716, 0.6870862857142858, 0.7163240000000001, 0.7309428571428572, 0.7017051428571429, 0.6578485714285716, 0.5993731428571429, 0.5482071428571429, 0.51166, 0.4751128571428572], [0.4531845714285715, 0.43125628571428576, 0.4166374285714286, 0.4093280000000001, 0.4239468571428572, 0.4751128571428572, 0.5482071428571429, 0.6286108571428572, 0.6870862857142858, 0.7163240000000001, 0.7309428571428572, 0.7017051428571429, 0.6578485714285716, 0.6359202857142858, 0.6578485714285716, 0.6870862857142858, 0.7163240000000001, 0.7309428571428572, 0.7017051428571429, 0.6578485714285716, 0.5993731428571429, 0.5482071428571429, 0.51166, 0.4751128571428572], [0.4531845714285715, 0.43125628571428576, 0.4166374285714286, 0.4093280000000001, 0.4239468571428572, 0.4751128571428572, 0.5482071428571429, 0.6286108571428572, 0.6870862857142858, 0.7163240000000001, 0.7309428571428572, 0.7017051428571429, 0.6578485714285716, 0.6359202857142858, 0.6578485714285716, 0.6870862857142858, 0.7163240000000001, 0.7309428571428572, 0.7017051428571429, 0.6578485714285716, 0.5993731428571429, 0.5482071428571429, 0.51166, 0.4751128571428572], [0.4531845714285715, 0.43125628571428576, 0.4166374285714286, 0.4093280000000001, 0.4239468571428572, 0.4751128571428572, 0.5482071428571429, 0.6286108571428572, 0.6870862857142858, 0.7163240000000001, 0.7309428571428572, 0.7017051428571429, 0.6578485714285716, 0.6359202857142858, 0.6578485714285716, 0.6870862857142858, 0.7163240000000001, 0.7309428571428572, 0.7017051428571429, 0.6578485714285716, 0.5993731428571429, 0.5482071428571429, 0.51166, 0.4751128571428572], [0.4531845714285715, 0.43125628571428576, 0.4166374285714286, 0.4093280000000001, 0.4239468571428572, 0.4751128571428572, 0.5482071428571429, 0.6286108571428572, 0.6870862857142858, 0.7163240000000001, 0.7309428571428572, 0.7017051428571429, 0.6578485714285716, 0.6359202857142858, 0.6578485714285716, 0.6870862857142858, 0.7163240000000001, 0.7309428571428572, 0.7017051428571429, 0.6578485714285716, 0.5993731428571429, 0.5482071428571429, 0.51166, 0.4751128571428572], [0.4531845714285715, 0.43125628571428576, 0.4166374285714286, 0.4093280000000001, 0.4239468571428572, 0.4751128571428572, 0.5482071428571429, 0.6286108571428572, 0.6870862857142858, 0.7163240000000001, 0.7309428571428572, 0.7017051428571429, 0.6578485714285716, 0.6359202857142858, 0.6578485714285716, 0.6870862857142858, 0.7163240000000001, 0.7309428571428572, 0.7017051428571429, 0.6578485714285716, 0.5993731428571429, 0.5482071428571429, 0.51166, 0.4751128571428572], [0.4531845714285715, 0.43125628571428576, 0.4166374285714286, 0.4093280000000001, 0.4239468571428572, 0.4751128571428572, 0.5482071428571429, 0.6286108571428572, 0.6870862857142858, 0.7163240000000001, 0.7309428571428572, 0.7017051428571429, 0.6578485714285716, 0.6359202857142858, 0.6578485714285716, 0.6870862857142858, 0.7163240000000001, 0.7309428571428572, 0.7017051428571429, 0.6578485714285716, 0.5993731428571429, 0.5482071428571429, 0.51166, 0.4751128571428572], [0.4531845714285715, 0.43125628571428576, 0.4166374285714286, 0.4093280000000001, 0.4239468571428572, 0.4751128571428572, 0.5482071428571429, 0.6286108571428572, 0.6870862857142858, 0.7163240000000001, 0.7309428571428572, 0.7017051428571429, 0.6578485714285716, 0.6359202857142858, 0.6578485714285716, 0.6870862857142858, 0.7163240000000001, 0.7309428571428572, 0.7017051428571429, 0.6578485714285716, 0.5993731428571429, 0.5482071428571429, 0.51166, 0.4751128571428572], [0.4531845714285715, 0.43125628571428576, 0.4166374285714286, 0.4093280000000001, 0.4239468571428572, 0.4751128571428572, 0.5482071428571429, 0.6286108571428572, 0.6870862857142858, 0.7163240000000001, 0.7309428571428572, 0.7017051428571429, 0.6578485714285716, 0.6359202857142858, 0.6578485714285716, 0.6870862857142858, 0.7163240000000001, 0.7309428571428572, 0.7017051428571429, 0.6578485714285716, 0.5993731428571429, 0.5482071428571429, 0.51166, 0.4751128571428572], [0.4531845714285715, 0.43125628571428576, 0.4166374285714286, 0.4093280000000001, 0.4239468571428572, 0.4751128571428572, 0.5482071428571429, 0.6286108571428572, 0.6870862857142858, 0.7163240000000001, 0.7309428571428572, 0.7017051428571429, 0.6578485714285716, 0.6359202857142858, 0.6578485714285716, 0.6870862857142858, 0.7163240000000001, 0.7309428571428572, 0.7017051428571429, 0.6578485714285716, 0.5993731428571429, 0.5482071428571429, 0.51166, 0.4751128571428572], [0.4531845714285715, 0.43125628571428576, 0.4166374285714286, 0.4093280000000001, 0.4239468571428572, 0.4751128571428572, 0.5482071428571429, 0.6286108571428572, 0.6870862857142858, 0.7163240000000001, 0.7309428571428572, 0.7017051428571429, 0.6578485714285716, 0.6359202857142858, 0.6578485714285716, 0.6870862857142858, 0.7163240000000001, 0.7309428571428572, 0.7017051428571429, 0.6578485714285716, 0.5993731428571429, 0.5482071428571429, 0.51166, 0.4751128571428572], [0.4531845714285715, 0.43125628571428576, 0.4166374285714286, 0.4093280000000001, 0.4239468571428572, 0.4751128571428572, 0.5482071428571429, 0.6286108571428572, 0.6870862857142858, 0.7163240000000001, 0.7309428571428572, 0.7017051428571429, 0.6578485714285716, 0.6359202857142858, 0.6578485714285716, 0.6870862857142858, 0.7163240000000001, 0.7309428571428572, 0.7017051428571429, 0.6578485714285716, 0.5993731428571429, 0.5482071428571429, 0.51166, 0.4751128571428572], [0.4531845714285715, 0.43125628571428576, 0.4166374285714286, 0.4093280000000001, 0.4239468571428572, 0.4751128571428572, 0.5482071428571429, 0.6286108571428572, 0.6870862857142858, 0.7163240000000001, 0.7309428571428572, 0.7017051428571429, 0.6578485714285716, 0.6359202857142858, 0.6578485714285716, 0.6870862857142858, 0.7163240000000001, 0.7309428571428572, 0.7017051428571429, 0.6578485714285716, 0.5993731428571429, 0.5482071428571429, 0.51166, 0.4751128571428572], [0.0, 0.0, 0.0, 0.0, 0.0, 0.0, 0.0, 0.0, 0.0, 0.0, 0.0, 0.0, 0.0, 0.0, 0.0, 0.0, 0.0, 0.0, 0.0, 0.0, 0.0, 0.0, 0.0, 0.0], [0.4531845714285715, 0.43125628571428576, 0.4166374285714286, 0.4093280000000001, 0.4239468571428572, 0.4751128571428572, 0.5482071428571429, 0.6286108571428572, 0.6870862857142858, 0.7163240000000001, 0.7309428571428572, 0.7017051428571429, 0.6578485714285716, 0.6359202857142858, 0.6578485714285716, 0.6870862857142858, 0.7163240000000001, 0.7309428571428572, 0.7017051428571429, 0.6578485714285716, 0.5993731428571429, 0.5482071428571429, 0.51166, 0.4751128571428572], [0.4531845714285715, 0.43125628571428576, 0.4166374285714286, 0.4093280000000001, 0.4239468571428572, 0.4751128571428572, 0.5482071428571429, 0.6286108571428572, 0.6870862857142858, 0.7163240000000001, 0.7309428571428572, 0.7017051428571429, 0.6578485714285716, 0.6359202857142858, 0.6578485714285716, 0.6870862857142858, 0.7163240000000001, 0.7309428571428572, 0.7017051428571429, 0.6578485714285716, 0.5993731428571429, 0.5482071428571429, 0.51166, 0.4751128571428572], [0.4531845714285715, 0.43125628571428576, 0.4166374285714286, 0.4093280000000001, 0.4239468571428572, 0.4751128571428572, 0.5482071428571429, 0.6286108571428572, 0.6870862857142858, 0.7163240000000001, 0.7309428571428572, 0.7017051428571429, 0.6578485714285716, 0.6359202857142858, 0.6578485714285716, 0.6870862857142858, 0.7163240000000001, 0.7309428571428572, 0.7017051428571429, 0.6578485714285716, 0.5993731428571429, 0.5482071428571429, 0.51166, 0.4751128571428572], [0.0, 0.0, 0.0, 0.0, 0.0, 0.0, 0.0, 0.0, 0.0, 0.0, 0.0, 0.0, 0.0, 0.0, 0.0, 0.0, 0.0, 0.0, 0.0, 0.0, 0.0, 0.0, 0.0, 0.0], [0.4531845714285715, 0.43125628571428576, 0.4166374285714286, 0.4093280000000001, 0.4239468571428572, 0.4751128571428572, 0.5482071428571429, 0.6286108571428572, 0.6870862857142858, 0.7163240000000001, 0.7309428571428572, 0.7017051428571429, 0.6578485714285716, 0.6359202857142858, 0.6578485714285716, 0.6870862857142858, 0.7163240000000001, 0.7309428571428572, 0.7017051428571429, 0.6578485714285716, 0.5993731428571429, 0.5482071428571429, 0.51166, 0.4751128571428572], [0.4531845714285715, 0.43125628571428576, 0.4166374285714286, 0.4093280000000001, 0.4239468571428572, 0.4751128571428572, 0.5482071428571429, 0.6286108571428572, 0.6870862857142858, 0.7163240000000001, 0.7309428571428572, 0.7017051428571429, 0.6578485714285716, 0.6359202857142858, 0.6578485714285716, 0.6870862857142858, 0.7163240000000001, 0.7309428571428572, 0.7017051428571429, 0.6578485714285716, 0.5993731428571429, 0.5482071428571429, 0.51166, 0.4751128571428572], [0.4531845714285715, 0.43125628571428576, 0.4166374285714286, 0.4093280000000001, 0.4239468571428572, 0.4751128571428572, 0.5482071428571429, 0.6286108571428572, 0.6870862857142858, 0.7163240000000001, 0.7309428571428572, 0.7017051428571429, 0.6578485714285716, 0.6359202857142858, 0.6578485714285716, 0.6870862857142858, 0.7163240000000001, 0.7309428571428572, 0.7017051428571429, 0.6578485714285716, 0.5993731428571429, 0.5482071428571429, 0.51166, 0.4751128571428572], [0.4531845714285715, 0.43125628571428576, 0.4166374285714286, 0.4093280000000001, 0.4239468571428572, 0.4751128571428572, 0.5482071428571429, 0.6286108571428572, 0.6870862857142858, 0.7163240000000001, 0.7309428571428572, 0.7017051428571429, 0.6578485714285716, 0.6359202857142858, 0.6578485714285716, 0.6870862857142858, 0.7163240000000001, 0.7309428571428572, 0.7017051428571429, 0.6578485714285716, 0.5993731428571429, 0.5482071428571429, 0.51166, 0.4751128571428572], [0.0, 0.0, 0.0, 0.0, 0.0, 0.0, 0.0, 0.0, 0.0, 0.0, 0.0, 0.0, 0.0, 0.0, 0.0, 0.0, 0.0, 0.0, 0.0, 0.0, 0.0, 0.0, 0.0, 0.0], [0.4531845714285715, 0.43125628571428576, 0.4166374285714286, 0.4093280000000001, 0.4239468571428572, 0.4751128571428572, 0.5482071428571429, 0.6286108571428572, 0.6870862857142858, 0.7163240000000001, 0.7309428571428572, 0.7017051428571429, 0.6578485714285716, 0.6359202857142858, 0.6578485714285716, 0.6870862857142858, 0.7163240000000001, 0.7309428571428572, 0.7017051428571429, 0.6578485714285716, 0.5993731428571429, 0.5482071428571429, 0.51166, 0.4751128571428572], [0.4531845714285715, 0.43125628571428576, 0.4166374285714286, 0.4093280000000001, 0.4239468571428572, 0.4751128571428572, 0.5482071428571429, 0.6286108571428572, 0.6870862857142858, 0.7163240000000001, 0.7309428571428572, 0.7017051428571429, 0.6578485714285716, 0.6359202857142858, 0.6578485714285716, 0.6870862857142858, 0.7163240000000001, 0.7309428571428572, 0.7017051428571429, 0.6578485714285716, 0.5993731428571429, 0.5482071428571429, 0.51166, 0.4751128571428572], [0.0, 0.0, 0.0, 0.0, 0.0, 0.0, 0.0, 0.0, 0.0, 0.0, 0.0, 0.0, 0.0, 0.0, 0.0, 0.0, 0.0, 0.0, 0.0, 0.0, 0.0, 0.0, 0.0, 0.0], [0.0, 0.0, 0.0, 0.0, 0.0, 0.0, 0.0, 0.0, 0.0, 0.0, 0.0, 0.0, 0.0, 0.0, 0.0, 0.0, 0.0, 0.0, 0.0, 0.0, 0.0, 0.0, 0.0, 0.0], [0.4531845714285715, 0.43125628571428576, 0.4166374285714286, 0.4093280000000001, 0.4239468571428572, 0.4751128571428572, 0.5482071428571429, 0.6286108571428572, 0.6870862857142858, 0.7163240000000001, 0.7309428571428572, 0.7017051428571429, 0.6578485714285716, 0.6359202857142858, 0.6578485714285716, 0.6870862857142858, 0.7163240000000001, 0.7309428571428572, 0.7017051428571429, 0.6578485714285716, 0.5993731428571429, 0.5482071428571429, 0.51166, 0.4751128571428572], [0.4531845714285715, 0.43125628571428576, 0.4166374285714286, 0.4093280000000001, 0.4239468571428572, 0.4751128571428572, 0.5482071428571429, 0.6286108571428572, 0.6870862857142858, 0.7163240000000001, 0.7309428571428572, 0.7017051428571429, 0.6578485714285716, 0.6359202857142858, 0.6578485714285716, 0.6870862857142858, 0.7163240000000001, 0.7309428571428572, 0.7017051428571429, 0.6578485714285716, 0.5993731428571429, 0.5482071428571429, 0.51166, 0.4751128571428572], [0.0, 0.0, 0.0, 0.0, 0.0, 0.0, 0.0, 0.0, 0.0, 0.0, 0.0, 0.0, 0.0, 0.0, 0.0, 0.0, 0.0, 0.0, 0.0, 0.0, 0.0, 0.0, 0.0, 0.0], [0.4531845714285715, 0.43125628571428576, 0.4166374285714286, 0.4093280000000001, 0.4239468571428572, 0.4751128571428572, 0.5482071428571429, 0.6286108571428572, 0.6870862857142858, 0.7163240000000001, 0.7309428571428572, 0.7017051428571429, 0.6578485714285716, 0.6359202857142858, 0.6578485714285716, 0.6870862857142858, 0.7163240000000001, 0.7309428571428572, 0.7017051428571429, 0.6578485714285716, 0.5993731428571429, 0.5482071428571429, 0.51166, 0.4751128571428572], [0.4531845714285715, 0.43125628571428576, 0.4166374285714286, 0.4093280000000001, 0.4239468571428572, 0.4751128571428572, 0.5482071428571429, 0.6286108571428572, 0.6870862857142858, 0.7163240000000001, 0.7309428571428572, 0.7017051428571429, 0.6578485714285716, 0.6359202857142858, 0.6578485714285716, 0.6870862857142858, 0.7163240000000001, 0.7309428571428572, 0.7017051428571429, 0.6578485714285716, 0.5993731428571429, 0.5482071428571429, 0.51166, 0.4751128571428572], [0.4531845714285715, 0.43125628571428576, 0.4166374285714286, 0.4093280000000001, 0.4239468571428572, 0.4751128571428572, 0.5482071428571429, 0.6286108571428572, 0.6870862857142858, 0.7163240000000001, 0.7309428571428572, 0.7017051428571429, 0.6578485714285716, 0.6359202857142858, 0.6578485714285716, 0.6870862857142858, 0.7163240000000001, 0.7309428571428572, 0.7017051428571429, 0.6578485714285716, 0.5993731428571429, 0.5482071428571429, 0.51166, 0.4751128571428572], [0.4531845714285715, 0.43125628571428576, 0.4166374285714286, 0.4093280000000001, 0.4239468571428572, 0.4751128571428572, 0.5482071428571429, 0.6286108571428572, 0.6870862857142858, 0.7163240000000001, 0.7309428571428572, 0.7017051428571429, 0.6578485714285716, 0.6359202857142858, 0.6578485714285716, 0.6870862857142858, 0.7163240000000001, 0.7309428571428572, 0.7017051428571429, 0.6578485714285716, 0.5993731428571429, 0.5482071428571429, 0.51166, 0.4751128571428572], [0.4531845714285715, 0.43125628571428576, 0.4166374285714286, 0.4093280000000001, 0.4239468571428572, 0.4751128571428572, 0.5482071428571429, 0.6286108571428572, 0.6870862857142858, 0.7163240000000001, 0.7309428571428572, 0.7017051428571429, 0.6578485714285716, 0.6359202857142858, 0.6578485714285716, 0.6870862857142858, 0.7163240000000001, 0.7309428571428572, 0.7017051428571429, 0.6578485714285716, 0.5993731428571429, 0.5482071428571429, 0.51166, 0.4751128571428572], [0.0, 0.0, 0.0, 0.0, 0.0, 0.0, 0.0, 0.0, 0.0, 0.0, 0.0, 0.0, 0.0, 0.0, 0.0, 0.0, 0.0, 0.0, 0.0, 0.0, 0.0, 0.0, 0.0, 0.0]]
Q_background_Mvar = [[0.21948730551432588, 0.2088669520216972, 0.20178671635994475, 0.19824659852906856, 0.20532683419082096, 0.23010765900695454, 0.2655088373157168, 0.30445013345535527, 0.332771076102365, 0.3469315474258699, 0.3540117830876224, 0.3398513117641175, 0.31861060477886016, 0.3079902512862315, 0.31861060477886016, 0.332771076102365, 0.3469315474258699, 0.3540117830876224, 0.3398513117641175, 0.31861060477886016, 0.2902896621318503, 0.2655088373157168, 0.24780824816133565, 0.23010765900695454], [0.0, 0.0, 0.0, 0.0, 0.0, 0.0, 0.0, 0.0, 0.0, 0.0, 0.0, 0.0, 0.0, 0.0, 0.0, 0.0, 0.0, 0.0, 0.0, 0.0, 0.0, 0.0, 0.0, 0.0], [0.21948730551432588, 0.2088669520216972, 0.20178671635994475, 0.19824659852906856, 0.20532683419082096, 0.23010765900695454, 0.2655088373157168, 0.30445013345535527, 0.332771076102365, 0.3469315474258699, 0.3540117830876224, 0.3398513117641175, 0.31861060477886016, 0.3079902512862315, 0.31861060477886016, 0.332771076102365, 0.3469315474258699, 0.3540117830876224, 0.3398513117641175, 0.31861060477886016, 0.2902896621318503, 0.2655088373157168, 0.24780824816133565, 0.23010765900695454], [0.21948730551432588, 0.2088669520216972, 0.20178671635994475, 0.19824659852906856, 0.20532683419082096, 0.23010765900695454, 0.2655088373157168, 0.30445013345535527, 0.332771076102365, 0.3469315474258699, 0.3540117830876224, 0.3398513117641175, 0.31861060477886016, 0.3079902512862315, 0.31861060477886016, 0.332771076102365, 0.3469315474258699, 0.3540117830876224, 0.3398513117641175, 0.31861060477886016, 0.2902896621318503, 0.2655088373157168, 0.24780824816133565, 0.23010765900695454], [0.21948730551432588, 0.2088669520216972, 0.20178671635994475, 0.19824659852906856, 0.20532683419082096, 0.23010765900695454, 0.2655088373157168, 0.30445013345535527, 0.332771076102365, 0.3469315474258699, 0.3540117830876224, 0.3398513117641175, 0.31861060477886016, 0.3079902512862315, 0.31861060477886016, 0.332771076102365, 0.3469315474258699, 0.3540117830876224, 0.3398513117641175, 0.31861060477886016, 0.2902896621318503, 0.2655088373157168, 0.24780824816133565, 0.23010765900695454], [0.21948730551432588, 0.2088669520216972, 0.20178671635994475, 0.19824659852906856, 0.20532683419082096, 0.23010765900695454, 0.2655088373157168, 0.30445013345535527, 0.332771076102365, 0.3469315474258699, 0.3540117830876224, 0.3398513117641175, 0.31861060477886016, 0.3079902512862315, 0.31861060477886016, 0.332771076102365, 0.3469315474258699, 0.3540117830876224, 0.3398513117641175, 0.31861060477886016, 0.2902896621318503, 0.2655088373157168, 0.24780824816133565, 0.23010765900695454], [0.21948730551432588, 0.2088669520216972, 0.20178671635994475, 0.19824659852906856, 0.20532683419082096, 0.23010765900695454, 0.2655088373157168, 0.30445013345535527, 0.332771076102365, 0.3469315474258699, 0.3540117830876224, 0.3398513117641175, 0.31861060477886016, 0.3079902512862315, 0.31861060477886016, 0.332771076102365, 0.3469315474258699, 0.3540117830876224, 0.3398513117641175, 0.31861060477886016, 0.2902896621318503, 0.2655088373157168, 0.24780824816133565, 0.23010765900695454], [0.0, 0.0, 0.0, 0.0, 0.0, 0.0, 0.0, 0.0, 0.0, 0.0, 0.0, 0.0, 0.0, 0.0, 0.0, 0.0, 0.0, 0.0, 0.0, 0.0, 0.0, 0.0, 0.0, 0.0], [0.21948730551432588, 0.2088669520216972, 0.20178671635994475, 0.19824659852906856, 0.20532683419082096, 0.23010765900695454, 0.2655088373157168, 0.30445013345535527, 0.332771076102365, 0.3469315474258699, 0.3540117830876224, 0.3398513117641175, 0.31861060477886016, 0.3079902512862315, 0.31861060477886016, 0.332771076102365, 0.3469315474258699, 0.3540117830876224, 0.3398513117641175, 0.31861060477886016, 0.2902896621318503, 0.2655088373157168, 0.24780824816133565, 0.23010765900695454], [0.21948730551432588, 0.2088669520216972, 0.20178671635994475, 0.19824659852906856, 0.20532683419082096, 0.23010765900695454, 0.2655088373157168, 0.30445013345535527, 0.332771076102365, 0.3469315474258699, 0.3540117830876224, 0.3398513117641175, 0.31861060477886016, 0.3079902512862315, 0.31861060477886016, 0.332771076102365, 0.3469315474258699, 0.3540117830876224, 0.3398513117641175, 0.31861060477886016, 0.2902896621318503, 0.2655088373157168, 0.24780824816133565, 0.23010765900695454], [0.21948730551432588, 0.2088669520216972, 0.20178671635994475, 0.19824659852906856, 0.20532683419082096, 0.23010765900695454, 0.2655088373157168, 0.30445013345535527, 0.332771076102365, 0.3469315474258699, 0.3540117830876224, 0.3398513117641175, 0.31861060477886016, 0.3079902512862315, 0.31861060477886016, 0.332771076102365, 0.3469315474258699, 0.3540117830876224, 0.3398513117641175, 0.31861060477886016, 0.2902896621318503, 0.2655088373157168, 0.24780824816133565, 0.23010765900695454], [0.21948730551432588, 0.2088669520216972, 0.20178671635994475, 0.19824659852906856, 0.20532683419082096, 0.23010765900695454, 0.2655088373157168, 0.30445013345535527, 0.332771076102365, 0.3469315474258699, 0.3540117830876224, 0.3398513117641175, 0.31861060477886016, 0.3079902512862315, 0.31861060477886016, 0.332771076102365, 0.3469315474258699, 0.3540117830876224, 0.3398513117641175, 0.31861060477886016, 0.2902896621318503, 0.2655088373157168, 0.24780824816133565, 0.23010765900695454], [0.21948730551432588, 0.2088669520216972, 0.20178671635994475, 0.19824659852906856, 0.20532683419082096, 0.23010765900695454, 0.2655088373157168, 0.30445013345535527, 0.332771076102365, 0.3469315474258699, 0.3540117830876224, 0.3398513117641175, 0.31861060477886016, 0.3079902512862315, 0.31861060477886016, 0.332771076102365, 0.3469315474258699, 0.3540117830876224, 0.3398513117641175, 0.31861060477886016, 0.2902896621318503, 0.2655088373157168, 0.24780824816133565, 0.23010765900695454], [0.21948730551432588, 0.2088669520216972, 0.20178671635994475, 0.19824659852906856, 0.20532683419082096, 0.23010765900695454, 0.2655088373157168, 0.30445013345535527, 0.332771076102365, 0.3469315474258699, 0.3540117830876224, 0.3398513117641175, 0.31861060477886016, 0.3079902512862315, 0.31861060477886016, 0.332771076102365, 0.3469315474258699, 0.3540117830876224, 0.3398513117641175, 0.31861060477886016, 0.2902896621318503, 0.2655088373157168, 0.24780824816133565, 0.23010765900695454], [0.21948730551432588, 0.2088669520216972, 0.20178671635994475, 0.19824659852906856, 0.20532683419082096, 0.23010765900695454, 0.2655088373157168, 0.30445013345535527, 0.332771076102365, 0.3469315474258699, 0.3540117830876224, 0.3398513117641175, 0.31861060477886016, 0.3079902512862315, 0.31861060477886016, 0.332771076102365, 0.3469315474258699, 0.3540117830876224, 0.3398513117641175, 0.31861060477886016, 0.2902896621318503, 0.2655088373157168, 0.24780824816133565, 0.23010765900695454], [0.21948730551432588, 0.2088669520216972, 0.20178671635994475, 0.19824659852906856, 0.20532683419082096, 0.23010765900695454, 0.2655088373157168, 0.30445013345535527, 0.332771076102365, 0.3469315474258699, 0.3540117830876224, 0.3398513117641175, 0.31861060477886016, 0.3079902512862315, 0.31861060477886016, 0.332771076102365, 0.3469315474258699, 0.3540117830876224, 0.3398513117641175, 0.31861060477886016, 0.2902896621318503, 0.2655088373157168, 0.24780824816133565, 0.23010765900695454], [0.21948730551432588, 0.2088669520216972, 0.20178671635994475, 0.19824659852906856, 0.20532683419082096, 0.23010765900695454, 0.2655088373157168, 0.30445013345535527, 0.332771076102365, 0.3469315474258699, 0.3540117830876224, 0.3398513117641175, 0.31861060477886016, 0.3079902512862315, 0.31861060477886016, 0.332771076102365, 0.3469315474258699, 0.3540117830876224, 0.3398513117641175, 0.31861060477886016, 0.2902896621318503, 0.2655088373157168, 0.24780824816133565, 0.23010765900695454], [0.21948730551432588, 0.2088669520216972, 0.20178671635994475, 0.19824659852906856, 0.20532683419082096, 0.23010765900695454, 0.2655088373157168, 0.30445013345535527, 0.332771076102365, 0.3469315474258699, 0.3540117830876224, 0.3398513117641175, 0.31861060477886016, 0.3079902512862315, 0.31861060477886016, 0.332771076102365, 0.3469315474258699, 0.3540117830876224, 0.3398513117641175, 0.31861060477886016, 0.2902896621318503, 0.2655088373157168, 0.24780824816133565, 0.23010765900695454], [0.21948730551432588, 0.2088669520216972, 0.20178671635994475, 0.19824659852906856, 0.20532683419082096, 0.23010765900695454, 0.2655088373157168, 0.30445013345535527, 0.332771076102365, 0.3469315474258699, 0.3540117830876224, 0.3398513117641175, 0.31861060477886016, 0.3079902512862315, 0.31861060477886016, 0.332771076102365, 0.3469315474258699, 0.3540117830876224, 0.3398513117641175, 0.31861060477886016, 0.2902896621318503, 0.2655088373157168, 0.24780824816133565, 0.23010765900695454], [0.21948730551432588, 0.2088669520216972, 0.20178671635994475, 0.19824659852906856, 0.20532683419082096, 0.23010765900695454, 0.2655088373157168, 0.30445013345535527, 0.332771076102365, 0.3469315474258699, 0.3540117830876224, 0.3398513117641175, 0.31861060477886016, 0.3079902512862315, 0.31861060477886016, 0.332771076102365, 0.3469315474258699, 0.3540117830876224, 0.3398513117641175, 0.31861060477886016, 0.2902896621318503, 0.2655088373157168, 0.24780824816133565, 0.23010765900695454], [0.21948730551432588, 0.2088669520216972, 0.20178671635994475, 0.19824659852906856, 0.20532683419082096, 0.23010765900695454, 0.2655088373157168, 0.30445013345535527, 0.332771076102365, 0.3469315474258699, 0.3540117830876224, 0.3398513117641175, 0.31861060477886016, 0.3079902512862315, 0.31861060477886016, 0.332771076102365, 0.3469315474258699, 0.3540117830876224, 0.3398513117641175, 0.31861060477886016, 0.2902896621318503, 0.2655088373157168, 0.24780824816133565, 0.23010765900695454], [0.0, 0.0, 0.0, 0.0, 0.0, 0.0, 0.0, 0.0, 0.0, 0.0, 0.0, 0.0, 0.0, 0.0, 0.0, 0.0, 0.0, 0.0, 0.0, 0.0, 0.0, 0.0, 0.0, 0.0], [0.21948730551432588, 0.2088669520216972, 0.20178671635994475, 0.19824659852906856, 0.20532683419082096, 0.23010765900695454, 0.2655088373157168, 0.30445013345535527, 0.332771076102365, 0.3469315474258699, 0.3540117830876224, 0.3398513117641175, 0.31861060477886016, 0.3079902512862315, 0.31861060477886016, 0.332771076102365, 0.3469315474258699, 0.3540117830876224, 0.3398513117641175, 0.31861060477886016, 0.2902896621318503, 0.2655088373157168, 0.24780824816133565, 0.23010765900695454], [0.21948730551432588, 0.2088669520216972, 0.20178671635994475, 0.19824659852906856, 0.20532683419082096, 0.23010765900695454, 0.2655088373157168, 0.30445013345535527, 0.332771076102365, 0.3469315474258699, 0.3540117830876224, 0.3398513117641175, 0.31861060477886016, 0.3079902512862315, 0.31861060477886016, 0.332771076102365, 0.3469315474258699, 0.3540117830876224, 0.3398513117641175, 0.31861060477886016, 0.2902896621318503, 0.2655088373157168, 0.24780824816133565, 0.23010765900695454], [0.21948730551432588, 0.2088669520216972, 0.20178671635994475, 0.19824659852906856, 0.20532683419082096, 0.23010765900695454, 0.2655088373157168, 0.30445013345535527, 0.332771076102365, 0.3469315474258699, 0.3540117830876224, 0.3398513117641175, 0.31861060477886016, 0.3079902512862315, 0.31861060477886016, 0.332771076102365, 0.3469315474258699, 0.3540117830876224, 0.3398513117641175, 0.31861060477886016, 0.2902896621318503, 0.2655088373157168, 0.24780824816133565, 0.23010765900695454], [0.0, 0.0, 0.0, 0.0, 0.0, 0.0, 0.0, 0.0, 0.0, 0.0, 0.0, 0.0, 0.0, 0.0, 0.0, 0.0, 0.0, 0.0, 0.0, 0.0, 0.0, 0.0, 0.0, 0.0], [0.21948730551432588, 0.2088669520216972, 0.20178671635994475, 0.19824659852906856, 0.20532683419082096, 0.23010765900695454, 0.2655088373157168, 0.30445013345535527, 0.332771076102365, 0.3469315474258699, 0.3540117830876224, 0.3398513117641175, 0.31861060477886016, 0.3079902512862315, 0.31861060477886016, 0.332771076102365, 0.3469315474258699, 0.3540117830876224, 0.3398513117641175, 0.31861060477886016, 0.2902896621318503, 0.2655088373157168, 0.24780824816133565, 0.23010765900695454], [0.21948730551432588, 0.2088669520216972, 0.20178671635994475, 0.19824659852906856, 0.20532683419082096, 0.23010765900695454, 0.2655088373157168, 0.30445013345535527, 0.332771076102365, 0.3469315474258699, 0.3540117830876224, 0.3398513117641175, 0.31861060477886016, 0.3079902512862315, 0.31861060477886016, 0.332771076102365, 0.3469315474258699, 0.3540117830876224, 0.3398513117641175, 0.31861060477886016, 0.2902896621318503, 0.2655088373157168, 0.24780824816133565, 0.23010765900695454], [0.21948730551432588, 0.2088669520216972, 0.20178671635994475, 0.19824659852906856, 0.20532683419082096, 0.23010765900695454, 0.2655088373157168, 0.30445013345535527, 0.332771076102365, 0.3469315474258699, 0.3540117830876224, 0.3398513117641175, 0.31861060477886016, 0.3079902512862315, 0.31861060477886016, 0.332771076102365, 0.3469315474258699, 0.3540117830876224, 0.3398513117641175, 0.31861060477886016, 0.2902896621318503, 0.2655088373157168, 0.24780824816133565, 0.23010765900695454], [0.21948730551432588, 0.2088669520216972, 0.20178671635994475, 0.19824659852906856, 0.20532683419082096, 0.23010765900695454, 0.2655088373157168, 0.30445013345535527, 0.332771076102365, 0.3469315474258699, 0.3540117830876224, 0.3398513117641175, 0.31861060477886016, 0.3079902512862315, 0.31861060477886016, 0.332771076102365, 0.3469315474258699, 0.3540117830876224, 0.3398513117641175, 0.31861060477886016, 0.2902896621318503, 0.2655088373157168, 0.24780824816133565, 0.23010765900695454], [0.0, 0.0, 0.0, 0.0, 0.0, 0.0, 0.0, 0.0, 0.0, 0.0, 0.0, 0.0, 0.0, 0.0, 0.0, 0.0, 0.0, 0.0, 0.0, 0.0, 0.0, 0.0, 0.0, 0.0], [0.21948730551432588, 0.2088669520216972, 0.20178671635994475, 0.19824659852906856, 0.20532683419082096, 0.23010765900695454, 0.2655088373157168, 0.30445013345535527, 0.332771076102365, 0.3469315474258699, 0.3540117830876224, 0.3398513117641175, 0.31861060477886016, 0.3079902512862315, 0.31861060477886016, 0.332771076102365, 0.3469315474258699, 0.3540117830876224, 0.3398513117641175, 0.31861060477886016, 0.2902896621318503, 0.2655088373157168, 0.24780824816133565, 0.23010765900695454], [0.21948730551432588, 0.2088669520216972, 0.20178671635994475, 0.19824659852906856, 0.20532683419082096, 0.23010765900695454, 0.2655088373157168, 0.30445013345535527, 0.332771076102365, 0.3469315474258699, 0.3540117830876224, 0.3398513117641175, 0.31861060477886016, 0.3079902512862315, 0.31861060477886016, 0.332771076102365, 0.3469315474258699, 0.3540117830876224, 0.3398513117641175, 0.31861060477886016, 0.2902896621318503, 0.2655088373157168, 0.24780824816133565, 0.23010765900695454], [0.0, 0.0, 0.0, 0.0, 0.0, 0.0, 0.0, 0.0, 0.0, 0.0, 0.0, 0.0, 0.0, 0.0, 0.0, 0.0, 0.0, 0.0, 0.0, 0.0, 0.0, 0.0, 0.0, 0.0], [0.0, 0.0, 0.0, 0.0, 0.0, 0.0, 0.0, 0.0, 0.0, 0.0, 0.0, 0.0, 0.0, 0.0, 0.0, 0.0, 0.0, 0.0, 0.0, 0.0, 0.0, 0.0, 0.0, 0.0], [0.21948730551432588, 0.2088669520216972, 0.20178671635994475, 0.19824659852906856, 0.20532683419082096, 0.23010765900695454, 0.2655088373157168, 0.30445013345535527, 0.332771076102365, 0.3469315474258699, 0.3540117830876224, 0.3398513117641175, 0.31861060477886016, 0.3079902512862315, 0.31861060477886016, 0.332771076102365, 0.3469315474258699, 0.3540117830876224, 0.3398513117641175, 0.31861060477886016, 0.2902896621318503, 0.2655088373157168, 0.24780824816133565, 0.23010765900695454], [0.21948730551432588, 0.2088669520216972, 0.20178671635994475, 0.19824659852906856, 0.20532683419082096, 0.23010765900695454, 0.2655088373157168, 0.30445013345535527, 0.332771076102365, 0.3469315474258699, 0.3540117830876224, 0.3398513117641175, 0.31861060477886016, 0.3079902512862315, 0.31861060477886016, 0.332771076102365, 0.3469315474258699, 0.3540117830876224, 0.3398513117641175, 0.31861060477886016, 0.2902896621318503, 0.2655088373157168, 0.24780824816133565, 0.23010765900695454], [0.0, 0.0, 0.0, 0.0, 0.0, 0.0, 0.0, 0.0, 0.0, 0.0, 0.0, 0.0, 0.0, 0.0, 0.0, 0.0, 0.0, 0.0, 0.0, 0.0, 0.0, 0.0, 0.0, 0.0], [0.21948730551432588, 0.2088669520216972, 0.20178671635994475, 0.19824659852906856, 0.20532683419082096, 0.23010765900695454, 0.2655088373157168, 0.30445013345535527, 0.332771076102365, 0.3469315474258699, 0.3540117830876224, 0.3398513117641175, 0.31861060477886016, 0.3079902512862315, 0.31861060477886016, 0.332771076102365, 0.3469315474258699, 0.3540117830876224, 0.3398513117641175, 0.31861060477886016, 0.2902896621318503, 0.2655088373157168, 0.24780824816133565, 0.23010765900695454], [0.21948730551432588, 0.2088669520216972, 0.20178671635994475, 0.19824659852906856, 0.20532683419082096, 0.23010765900695454, 0.2655088373157168, 0.30445013345535527, 0.332771076102365, 0.3469315474258699, 0.3540117830876224, 0.3398513117641175, 0.31861060477886016, 0.3079902512862315, 0.31861060477886016, 0.332771076102365, 0.3469315474258699, 0.3540117830876224, 0.3398513117641175, 0.31861060477886016, 0.2902896621318503, 0.2655088373157168, 0.24780824816133565, 0.23010765900695454], [0.21948730551432588, 0.2088669520216972, 0.20178671635994475, 0.19824659852906856, 0.20532683419082096, 0.23010765900695454, 0.2655088373157168, 0.30445013345535527, 0.332771076102365, 0.3469315474258699, 0.3540117830876224, 0.3398513117641175, 0.31861060477886016, 0.3079902512862315, 0.31861060477886016, 0.332771076102365, 0.3469315474258699, 0.3540117830876224, 0.3398513117641175, 0.31861060477886016, 0.2902896621318503, 0.2655088373157168, 0.24780824816133565, 0.23010765900695454], [0.21948730551432588, 0.2088669520216972, 0.20178671635994475, 0.19824659852906856, 0.20532683419082096, 0.23010765900695454, 0.2655088373157168, 0.30445013345535527, 0.332771076102365, 0.3469315474258699, 0.3540117830876224, 0.3398513117641175, 0.31861060477886016, 0.3079902512862315, 0.31861060477886016, 0.332771076102365, 0.3469315474258699, 0.3540117830876224, 0.3398513117641175, 0.31861060477886016, 0.2902896621318503, 0.2655088373157168, 0.24780824816133565, 0.23010765900695454], [0.21948730551432588, 0.2088669520216972, 0.20178671635994475, 0.19824659852906856, 0.20532683419082096, 0.23010765900695454, 0.2655088373157168, 0.30445013345535527, 0.332771076102365, 0.3469315474258699, 0.3540117830876224, 0.3398513117641175, 0.31861060477886016, 0.3079902512862315, 0.31861060477886016, 0.332771076102365, 0.3469315474258699, 0.3540117830876224, 0.3398513117641175, 0.31861060477886016, 0.2902896621318503, 0.2655088373157168, 0.24780824816133565, 0.23010765900695454], [0.0, 0.0, 0.0, 0.0, 0.0, 0.0, 0.0, 0.0, 0.0, 0.0, 0.0, 0.0, 0.0, 0.0, 0.0, 0.0, 0.0, 0.0, 0.0, 0.0, 0.0, 0.0, 0.0, 0.0]]
base_MVA = 50.0
base_kV = 10.0
grid_Q_max_Mvar = 50.0
grid_max_MW = 75.0
nodes = 44
root = 44
v_max_pu = 1.05
v_min_pu = 0.95

    [[electric.edges]]
    P_max_MW = 36.16752857142857
    Q_max_Mvar = 15.33728409272712
    ell_max_pu = 0.6840210111052065
    from = 44
    r_pu = 0.004888331057794096
    to = 1
    x_pu = 0.002444165528897048
    [[electric.edges]]
    P_max_MW = 53.80289008214786
    Q_max_Mvar = 14.523353119998259
    ell_max_pu = 1.3764781238957782
    from = 44
    r_pu = 0.003509166216498022
    to = 20
    x_pu = 0.001754583108249011
    [[electric.edges]]
    P_max_MW = 8.405657142857144
    Q_max_Mvar = 4.071045559973902
    ell_max_pu = 0.03866082391341763
    from = 1
    r_pu = 0.02052313204725856
    to = 2
    x_pu = 0.01026156602362928
    [[electric.edges]]
    P_max_MW = 4.385657142857143
    Q_max_Mvar = 2.1240706985257343
    ell_max_pu = 0.010524394418628031
    from = 2
    r_pu = 0.03933513402154668
    to = 3
    x_pu = 0.01966756701077334
    [[electric.edges]]
    P_max_MW = 3.2892428571428574
    Q_max_Mvar = 1.5930530238943006
    ell_max_pu = 0.0059199718604782655
    from = 3
    r_pu = 0.05244684536206225
    to = 4
    x_pu = 0.026223422681031124
    [[electric.edges]]
    P_max_MW = 2.1928285714285716
    Q_max_Mvar = 1.0620353492628671
    ell_max_pu = 0.0026310986046570077
    from = 4
    r_pu = 0.07867026804309336
    to = 5
    x_pu = 0.03933513402154668
    [[electric.edges]]
    P_max_MW = 1.0964142857142858
    Q_max_Mvar = 0.5310176746314336
    ell_max_pu = 0.0006577746511642519
    from = 5
    r_pu = 0.15734053608618673
    to = 6
    x_pu = 0.07867026804309336
    [[electric.edges]]
    P_max_MW = 13.508485714285714
    Q_max_Mvar = 4.363008762544584
    ell_max_pu = 0.0893141414981062
    from = 1
    r_pu = 0.013657479257834632
    to = 7
    x_pu = 0.006828739628917316
    [[electric.edges]]
    P_max_MW = 12.412071428571428
    Q_max_Mvar = 3.83199108791315
    ell_max_pu = 0.07478943948844541
    from = 7
    r_pu = 0.014955661129765528
    to = 8
    x_pu = 0.007477830564882764
    [[electric.edges]]
    P_max_MW = 5.482071428571429
    Q_max_Mvar = 2.655088373157168
    ell_max_pu = 0.016444366279106292
    from = 8
    r_pu = 0.031468107217237355
    to = 9
    x_pu = 0.015734053608618678
    [[electric.edges]]
    P_max_MW = 4.385657142857143
    Q_max_Mvar = 2.1240706985257343
    ell_max_pu = 0.010524394418628031
    from = 9
    r_pu = 0.03933513402154668
    to = 12
    x_pu = 0.01966756701077334
    [[electric.edges]]
    P_max_MW = 1.0964142857142858
    Q_max_Mvar = 0.5310176746314336
    ell_max_pu = 0.0006577746511642519
    from = 12
    r_pu = 0.15734053608618673
    to = 25
    x_pu = 0.07867026804309336
    [[electric.edges]]
    P_max_MW = 2.1928285714285716
    Q_max_Mvar = 1.0620353492628671
    ell_max_pu = 0.0026310986046570077
    from = 12
    r_pu = 0.07867026804309336
    to = 10
    x_pu = 0.03933513402154668
    [[electric.edges]]
    P_max_MW = 1.0964142857142858
    Q_max_Mvar = 0.5310176746314336
    ell_max_pu = 0.0006577746511642519
    from = 10
    r_pu = 0.15734053608618673
    to = 11
    x_pu = 0.07867026804309336
    [[electric.edges]]
    P_max_MW = 9.867728571428572
    Q_max_Mvar = 4.779159071682902
    ell_max_pu = 0.05327974674430439
    from = 1
    r_pu = 0.017482281787354087
    to = 13
    x_pu = 0.008741140893677043
    [[electric.edges]]
    P_max_MW = 2.1928285714285716
    Q_max_Mvar = 1.0620353492628671
    ell_max_pu = 0.0026310986046570077
    from = 13
    r_pu = 0.07867026804309336
    to = 14
    x_pu = 0.03933513402154668
    [[electric.edges]]
    P_max_MW = 1.0964142857142858
    Q_max_Mvar = 0.5310176746314336
    ell_max_pu = 0.0006577746511642519
    from = 14
    r_pu = 0.15734053608618673
    to = 15
    x_pu = 0.07867026804309336
    [[electric.edges]]
    P_max_MW = 6.578485714285715
    Q_max_Mvar = 3.186106047788601
    ell_max_pu = 0.023679887441913062
    from = 13
    r_pu = 0.026223422681031124
    to = 16
    x_pu = 0.013111711340515562
    [[electric.edges]]
    P_max_MW = 2.1928285714285716
    Q_max_Mvar = 1.0620353492628671
    ell_max_pu = 0.0026310986046570077
    from = 16
    r_pu = 0.07867026804309336
    to = 17
    x_pu = 0.03933513402154668
    [[electric.edges]]
    P_max_MW = 1.0964142857142858
    Q_max_Mvar = 0.5310176746314336
    ell_max_pu = 0.0006577746511642519
    from = 17
    r_pu = 0.15734053608618673
    to = 18
    x_pu = 0.07867026804309336
    [[electric.edges]]
    P_max_MW = 3.2892428571428574
    Q_max_Mvar = 1.5930530238943006
    ell_max_pu = 0.0059199718604782655
    from = 16
    r_pu = 0.05244684536206225
    to = 41
    x_pu = 0.026223422681031124
    [[electric.edges]]
    P_max_MW = 1.0964142857142858
    Q_max_Mvar = 0.5310176746314336
    ell_max_pu = 0.0006577746511642519
    from = 41
    r_pu = 0.15734053608618673
    to = 42
    x_pu = 0.07867026804309336
    [[electric.edges]]
    P_max_MW = 1.0964142857142858
    Q_max_Mvar = 0.5310176746314336
    ell_max_pu = 0.0006577746511642519
    from = 41
    r_pu = 0.15734053608618673
    to = 43
    x_pu = 0.07867026804309336
    [[electric.edges]]
    P_max_MW = 3.2892428571428574
    Q_max_Mvar = 1.5930530238943006
    ell_max_pu = 0.0059199718604782655
    from = 1
    r_pu = 0.05244684536206225
    to = 39
    x_pu = 0.026223422681031124
    [[electric.edges]]
    P_max_MW = 1.0964142857142858
    Q_max_Mvar = 0.5310176746314336
    ell_max_pu = 0.0006577746511642519
    from = 39
    r_pu = 0.15734053608618673
    to = 40
    x_pu = 0.07867026804309336
    [[electric.edges]]
    P_max_MW = 1.0964142857142858
    Q_max_Mvar = 0.5310176746314336
    ell_max_pu = 0.0006577746511642519
    from = 39
    r_pu = 0.15734053608618673
    to = 19
    x_pu = 0.07867026804309336
    [[electric.edges]]
    P_max_MW = 2.1928285714285716
    Q_max_Mvar = 1.0620353492628671
    ell_max_pu = 0.0026310986046570077
    from = 20
    r_pu = 0.07867026804309336
    to = 23
    x_pu = 0.03933513402154668
    [[electric.edges]]
    P_max_MW = 1.0964142857142858
    Q_max_Mvar = 0.5310176746314336
    ell_max_pu = 0.0006577746511642519
    from = 23
    r_pu = 0.15734053608618673
    to = 24
    x_pu = 0.07867026804309336
    [[electric.edges]]
    P_max_MW = 5.401414285714286
    Q_max_Mvar = 2.6160243359583886
    ell_max_pu = 0.015964037501271983
    from = 20
    r_pu = 0.03193800778123916
    to = 26
    x_pu = 0.01596900389061958
    [[electric.edges]]
    P_max_MW = 1.0964142857142858
    Q_max_Mvar = 0.5310176746314336
    ell_max_pu = 0.0006577746511642519
    from = 26
    r_pu = 0.15734053608618673
    to = 27
    x_pu = 0.07867026804309336
    [[electric.edges]]
    P_max_MW = 8.941898156682027
    Q_max_Mvar = 1.9403949997095844
    ell_max_pu = 0.03710700294708983
    from = 20
    r_pu = 0.021618608386249513
    to = 21
    x_pu = 0.010809304193124756
    [[electric.edges]]
    P_max_MW = 7.845483870967742
    Q_max_Mvar = 1.4093773250781507
    ell_max_pu = 0.028160869413433542
    from = 21
    r_pu = 0.025062150903500644
    to = 22
    x_pu = 0.012531075451750322
    [[electric.edges]]
    P_max_MW = 14.687828571428572
    Q_max_Mvar = 4.934190577441498
    ell_max_pu = 0.10640600323465305
    from = 20
    r_pu = 0.012491207540914675
    to = 34
    x_pu = 0.006245603770457337
    [[electric.edges]]
    P_max_MW = 6.167828571428571
    Q_max_Mvar = 2.987215715993331
    ell_max_pu = 0.020815763776358197
    from = 34
    r_pu = 0.027969391413692125
    to = 35
    x_pu = 0.013984695706846063
    [[electric.edges]]
    P_max_MW = 3.9749999999999996
    Q_max_Mvar = 1.9251803667304637
    ell_max_pu = 0.008645737149892275
    from = 35
    r_pu = 0.04339884565706649
    to = 38
    x_pu = 0.021699422828533245
    [[electric.edges]]
    P_max_MW = 2.1928285714285716
    Q_max_Mvar = 1.0620353492628671
    ell_max_pu = 0.0026310986046570077
    from = 35
    r_pu = 0.07867026804309336
    to = 36
    x_pu = 0.03933513402154668
    [[electric.edges]]
    P_max_MW = 1.0964142857142858
    Q_max_Mvar = 0.5310176746314336
    ell_max_pu = 0.0006577746511642519
    from = 36
    r_pu = 0.15734053608618673
    to = 37
    x_pu = 0.07867026804309336
    [[electric.edges]]
    P_max_MW = 21.482506211180123
    Q_max_Mvar = 3.439690182994489
    ell_max_pu = 0.20978594644581997
    from = 20
    r_pu = 0.009235517189199158
    to = 28
    x_pu = 0.004617758594599579
    [[electric.edges]]
    P_max_MW = 20.386091925465838
    Q_max_Mvar = 2.9086725083630554
    ell_max_pu = 0.18794598105460408
    from = 28
    r_pu = 0.009811424598598422
    to = 29
    x_pu = 0.004905712299299211
    [[electric.edges]]
    P_max_MW = 19.289677639751552
    Q_max_Mvar = 2.377654833731622
    ell_max_pu = 0.16742156496571678
    from = 29
    r_pu = 0.010463933460634647
    to = 30
    x_pu = 0.005231966730317323
    [[electric.edges]]
    P_max_MW = 1.62
    Q_max_Mvar = 0.7846018098373212
    ell_max_pu = 0.0014360110803324107
    from = 30
    r_pu = 0.10648790832520941
    to = 31
    x_pu = 0.053243954162604704
    [[electric.edges]]
    P_max_MW = 16.573263354037266
    Q_max_Mvar = 1.0620353492628671
    ell_max_pu = 0.12223866029267967
    from = 30
    r_pu = 0.012528191855977302
    to = 32
    x_pu = 0.006264095927988651
    [[electric.edges]]
    P_max_MW = 15.47684906832298
    Q_max_Mvar = 0.5310176746314336
    ell_max_pu = 0.1062891243676104
    from = 32
    r_pu = 0.013612046910009591
    to = 33
    x_pu = 0.006806023455004796

[heat]
H_background_MW = [[0.0, 0.0, 0.0, 0.0, 0.0, 0.0, 0.0, 0.0, 0.0, 0.0, 0.0, 0.0, 0.0, 0.0, 0.0, 0.0, 0.0, 0.0, 0.0, 0.0, 0.0, 0.0, 0.0, 0.0], [0.0, 0.0, 0.0, 0.0, 0.0, 0.0, 0.0, 0.0, 0.0, 0.0, 0.0, 0.0, 0.0, 0.0, 0.0, 0.0, 0.0, 0.0, 0.0, 0.0, 0.0, 0.0, 0.0, 0.0], [0.045333333333333364, 0.045333333333333364, 0.04420000000000003, 0.0430666666666667, 0.045333333333333364, 0.0498666666666667, 0.05440000000000004, 0.056666666666666705, 0.05440000000000004, 0.0498666666666667, 0.0464666666666667, 0.045333333333333364, 0.04420000000000003, 0.0430666666666667, 0.04420000000000003, 0.04760000000000003, 0.05213333333333337, 0.05553333333333337, 0.0532666666666667, 0.0498666666666667, 0.04760000000000003, 0.0464666666666667, 0.045333333333333364, 0.045333333333333364], [0.0, 0.0, 0.0, 0.0, 0.0, 0.0, 0.0, 0.0, 0.0, 0.0, 0.0, 0.0, 0.0, 0.0, 0.0, 0.0, 0.0, 0.0, 0.0, 0.0, 0.0, 0.0, 0.0, 0.0], [0.0, 0.0, 0.0, 0.0, 0.0, 0.0, 0.0, 0.0, 0.0, 0.0, 0.0, 0.0, 0.0, 0.0, 0.0, 0.0, 0.0, 0.0, 0.0, 0.0, 0.0, 0.0, 0.0, 0.0], [0.045333333333333364, 0.045333333333333364, 0.04420000000000003, 0.0430666666666667, 0.045333333333333364, 0.0498666666666667, 0.05440000000000004, 0.056666666666666705, 0.05440000000000004, 0.0498666666666667, 0.0464666666666667, 0.045333333333333364, 0.04420000000000003, 0.0430666666666667, 0.04420000000000003, 0.04760000000000003, 0.05213333333333337, 0.05553333333333337, 0.0532666666666667, 0.0498666666666667, 0.04760000000000003, 0.0464666666666667, 0.045333333333333364, 0.045333333333333364], [0.045333333333333364, 0.045333333333333364, 0.04420000000000003, 0.0430666666666667, 0.045333333333333364, 0.0498666666666667, 0.05440000000000004, 0.056666666666666705, 0.05440000000000004, 0.0498666666666667, 0.0464666666666667, 0.045333333333333364, 0.04420000000000003, 0.0430666666666667, 0.04420000000000003, 0.04760000000000003, 0.05213333333333337, 0.05553333333333337, 0.0532666666666667, 0.0498666666666667, 0.04760000000000003, 0.0464666666666667, 0.045333333333333364, 0.045333333333333364], [0.045333333333333364, 0.045333333333333364, 0.04420000000000003, 0.0430666666666667, 0.045333333333333364, 0.0498666666666667, 0.05440000000000004, 0.056666666666666705, 0.05440000000000004, 0.0498666666666667, 0.0464666666666667, 0.045333333333333364, 0.04420000000000003, 0.0430666666666667, 0.04420000000000003, 0.04760000000000003, 0.05213333333333337, 0.05553333333333337, 0.0532666666666667, 0.0498666666666667, 0.04760000000000003, 0.0464666666666667, 0.045333333333333364, 0.045333333333333364], [0.045333333333333364, 0.045333333333333364, 0.04420000000000003, 0.0430666666666667, 0.045333333333333364, 0.0498666666666667, 0.05440000000000004, 0.056666666666666705, 0.05440000000000004, 0.0498666666666667, 0.0464666666666667, 0.045333333333333364, 0.04420000000000003, 0.0430666666666667, 0.04420000000000003, 0.04760000000000003, 0.05213333333333337, 0.05553333333333337, 0.0532666666666667, 0.0498666666666667, 0.04760000000000003, 0.0464666666666667, 0.045333333333333364, 0.045333333333333364], [0.045333333333333364, 0.045333333333333364, 0.04420000000000003, 0.0430666666666667, 0.045333333333333364, 0.0498666666666667, 0.05440000000000004, 0.056666666666666705, 0.05440000000000004, 0.0498666666666667, 0.0464666666666667, 0.045333333333333364, 0.04420000000000003, 0.0430666666666667, 0.04420000000000003, 0.04760000000000003, 0.05213333333333337, 0.05553333333333337, 0.0532666666666667, 0.0498666666666667, 0.04760000000000003, 0.0464666666666667, 0.045333333333333364, 0.045333333333333364], [0.045333333333333364, 0.045333333333333364, 0.04420000000000003, 0.0430666666666667, 0.045333333333333364, 0.0498666666666667, 0.05440000000000004, 0.056666666666666705, 0.05440000000000004, 0.0498666666666667, 0.0464666666666667, 0.045333333333333364, 0.04420000000000003, 0.0430666666666667, 0.04420000000000003, 0.04760000000000003, 0.05213333333333337, 0.05553333333333337, 0.0532666666666667, 0.0498666666666667, 0.04760000000000003, 0.0464666666666667, 0.045333333333333364, 0.045333333333333364], [0.045333333333333364, 0.045333333333333364, 0.04420000000000003, 0.0430666666666667, 0.045333333333333364, 0.0498666666666667, 0.05440000000000004, 0.056666666666666705, 0.05440000000000004, 0.0498666666666667, 0.0464666666666667, 0.045333333333333364, 0.04420000000000003, 0.0430666666666667, 0.04420000000000003, 0.04760000000000003, 0.05213333333333337, 0.05553333333333337, 0.0532666666666667, 0.0498666666666667, 0.04760000000000003, 0.0464666666666667, 0.045333333333333364, 0.045333333333333364], [0.045333333333333364, 0.045333333333333364, 0.04420000000000003, 0.0430666666666667, 0.045333333333333364, 0.0498666666666667, 0.05440000000000004, 0.056666666666666705, 0.05440000000000004, 0.0498666666666667, 0.0464666666666667, 0.045333333333333364, 0.04420000000000003, 0.0430666666666667, 0.04420000000000003, 0.04760000000000003, 0.05213333333333337, 0.05553333333333337, 0.0532666666666667, 0.0498666666666667, 0.04760000000000003, 0.0464666666666667, 0.045333333333333364, 0.045333333333333364], [0.045333333333333364, 0.045333333333333364, 0.04420000000000003, 0.0430666666666667, 0.045333333333333364, 0.0498666666666667, 0.05440000000000004, 0.056666666666666705, 0.05440000000000004, 0.0498666666666667, 0.0464666666666667, 0.045333333333333364, 0.04420000000000003, 0.0430666666666667, 0.04420000000000003, 0.04760000000000003, 0.05213333333333337, 0.05553333333333337, 0.0532666666666667, 0.0498666666666667, 0.04760000000000003, 0.0464666666666667, 0.045333333333333364, 0.045333333333333364], [0.0, 0.0, 0.0, 0.0, 0.0, 0.0, 0.0, 0.0, 0.0, 0.0, 0.0, 0.0, 0.0, 0.0, 0.0, 0.0, 0.0, 0.0, 0.0, 0.0, 0.0, 0.0, 0.0, 0.0], [0.0, 0.0, 0.0, 0.0, 0.0, 0.0, 0.0, 0.0, 0.0, 0.0, 0.0, 0.0, 0.0, 0.0, 0.0, 0.0, 0.0, 0.0, 0.0, 0.0, 0.0, 0.0, 0.0, 0.0], [0.045333333333333364, 0.045333333333333364, 0.04420000000000003, 0.0430666666666667, 0.045333333333333364, 0.0498666666666667, 0.05440000000000004, 0.056666666666666705, 0.05440000000000004, 0.0498666666666667, 0.0464666666666667, 0.045333333333333364, 0.04420000000000003, 0.0430666666666667, 0.04420000000000003, 0.04760000000000003, 0.05213333333333337, 0.05553333333333337, 0.0532666666666667, 0.0498666666666667, 0.04760000000000003, 0.0464666666666667, 0.045333333333333364, 0.045333333333333364], [0.0, 0.0, 0.0, 0.0, 0.0, 0.0, 0.0, 0.0, 0.0, 0.0, 0.0, 0.0, 0.0, 0.0, 0.0, 0.0, 0.0, 0.0, 0.0, 0.0, 0.0, 0.0, 0.0, 0.0], [0.045333333333333364, 0.045333333333333364, 0.04420000000000003, 0.0430666666666667, 0.045333333333333364, 0.0498666666666667, 0.05440000000000004, 0.056666666666666705, 0.05440000000000004, 0.0498666666666667, 0.0464666666666667, 0.045333333333333364, 0.04420000000000003, 0.0430666666666667, 0.04420000000000003, 0.04760000000000003, 0.05213333333333337, 0.05553333333333337, 0.0532666666666667, 0.0498666666666667, 0.04760000000000003, 0.0464666666666667, 0.045333333333333364, 0.045333333333333364], [0.045333333333333364, 0.045333333333333364, 0.04420000000000003, 0.0430666666666667, 0.045333333333333364, 0.0498666666666667, 0.05440000000000004, 0.056666666666666705, 0.05440000000000004, 0.0498666666666667, 0.0464666666666667, 0.045333333333333364, 0.04420000000000003, 0.0430666666666667, 0.04420000000000003, 0.04760000000000003, 0.05213333333333337, 0.05553333333333337, 0.0532666666666667, 0.0498666666666667, 0.04760000000000003, 0.0464666666666667, 0.045333333333333364, 0.045333333333333364], [0.045333333333333364, 0.045333333333333364, 0.04420000000000003, 0.0430666666666667, 0.045333333333333364, 0.0498666666666667, 0.05440000000000004, 0.056666666666666705, 0.05440000000000004, 0.0498666666666667, 0.0464666666666667, 0.045333333333333364, 0.04420000000000003, 0.0430666666666667, 0.04420000000000003, 0.04760000000000003, 0.05213333333333337, 0.05553333333333337, 0.0532666666666667, 0.0498666666666667, 0.04760000000000003, 0.0464666666666667, 0.045333333333333364, 0.045333333333333364], [0.045333333333333364, 0.045333333333333364, 0.04420000000000003, 0.0430666666666667, 0.045333333333333364, 0.0498666666666667, 0.05440000000000004, 0.056666666666666705, 0.05440000000000004, 0.0498666666666667, 0.0464666666666667, 0.045333333333333364, 0.04420000000000003, 0.0430666666666667, 0.04420000000000003, 0.04760000000000003, 0.05213333333333337, 0.05553333333333337, 0.0532666666666667, 0.0498666666666667, 0.04760000000000003, 0.0464666666666667, 0.045333333333333364, 0.045333333333333364], [0.045333333333333364, 0.045333333333333364, 0.04420000000000003, 0.0430666666666667, 0.045333333333333364, 0.0498666666666667, 0.05440000000000004, 0.056666666666666705, 0.05440000000000004, 0.0498666666666667, 0.0464666666666667, 0.045333333333333364, 0.04420000000000003, 0.0430666666666667, 0.04420000000000003, 0.04760000000000003, 0.05213333333333337, 0.05553333333333337, 0.0532666666666667, 0.0498666666666667, 0.04760000000000003, 0.0464666666666667, 0.045333333333333364, 0.045333333333333364], [0.045333333333333364, 0.045333333333333364, 0.04420000000000003, 0.0430666666666667, 0.045333333333333364, 0.0498666666666667, 0.05440000000000004, 0.056666666666666705, 0.05440000000000004, 0.0498666666666667, 0.0464666666666667, 0.045333333333333364, 0.04420000000000003, 0.0430666666666667, 0.04420000000000003, 0.04760000000000003, 0.05213333333333337, 0.05553333333333337, 0.0532666666666667, 0.0498666666666667, 0.04760000000000003, 0.0464666666666667, 0.045333333333333364, 0.045333333333333364], [0.045333333333333364, 0.045333333333333364, 0.04420000000000003, 0.0430666666666667, 0.045333333333333364, 0.0498666666666667, 0.05440000000000004, 0.056666666666666705, 0.05440000000000004, 0.0498666666666667, 0.0464666666666667, 0.045333333333333364, 0.04420000000000003, 0.0430666666666667, 0.04420000000000003, 0.04760000000000003, 0.05213333333333337, 0.05553333333333337, 0.0532666666666667, 0.0498666666666667, 0.04760000000000003, 0.0464666666666667, 0.045333333333333364, 0.045333333333333364], [0.0, 0.0, 0.0, 0.0, 0.0, 0.0, 0.0, 0.0, 0.0, 0.0, 0.0, 0.0, 0.0, 0.0, 0.0, 0.0, 0.0, 0.0, 0.0, 0.0, 0.0, 0.0, 0.0, 0.0], [0.045333333333333364, 0.045333333333333364, 0.04420000000000003, 0.0430666666666667, 0.045333333333333364, 0.0498666666666667, 0.05440000000000004, 0.056666666666666705, 0.05440000000000004, 0.0498666666666667, 0.0464666666666667, 0.045333333333333364, 0.04420000000000003, 0.0430666666666667, 0.04420000000000003, 0.04760000000000003, 0.05213333333333337, 0.05553333333333337, 0.0532666666666667, 0.0498666666666667, 0.04760000000000003, 0.0464666666666667, 0.045333333333333364, 0.045333333333333364], [0.045333333333333364, 0.045333333333333364, 0.04420000000000003, 0.0430666666666667, 0.045333333333333364, 0.0498666666666667, 0.05440000000000004, 0.056666666666666705, 0.05440000000000004, 0.0498666666666667, 0.0464666666666667, 0.045333333333333364, 0.04420000000000003, 0.0430666666666667, 0.04420000000000003, 0.04760000000000003, 0.05213333333333337, 0.05553333333333337, 0.0532666666666667, 0.0498666666666667, 0.04760000000000003, 0.0464666666666667, 0.045333333333333364, 0.045333333333333364], [0.045333333333333364, 0.045333333333333364, 0.04420000000000003, 0.0430666666666667, 0.045333333333333364, 0.0498666666666667, 0.05440000000000004, 0.056666666666666705, 0.05440000000000004, 0.0498666666666667, 0.0464666666666667, 0.045333333333333364, 0.04420000000000003, 0.0430666666666667, 0.04420000000000003, 0.04760000000000003, 0.05213333333333337, 0.05553333333333337, 0.0532666666666667, 0.0498666666666667, 0.04760000000000003, 0.0464666666666667, 0.045333333333333364, 0.045333333333333364], [0.045333333333333364, 0.045333333333333364, 0.04420000000000003, 0.0430666666666667, 0.045333333333333364, 0.0498666666666667, 0.05440000000000004, 0.056666666666666705, 0.05440000000000004, 0.0498666666666667, 0.0464666666666667, 0.045333333333333364, 0.04420000000000003, 0.0430666666666667, 0.04420000000000003, 0.04760000000000003, 0.05213333333333337, 0.05553333333333337, 0.0532666666666667, 0.0498666666666667, 0.04760000000000003, 0.0464666666666667, 0.045333333333333364, 0.045333333333333364], [0.045333333333333364, 0.045333333333333364, 0.04420000000000003, 0.0430666666666667, 0.045333333333333364, 0.0498666666666667, 0.05440000000000004, 0.056666666666666705, 0.05440000000000004, 0.0498666666666667, 0.0464666666666667, 0.045333333333333364, 0.04420000000000003, 0.0430666666666667, 0.04420000000000003, 0.04760000000000003, 0.05213333333333337, 0.05553333333333337, 0.0532666666666667, 0.0498666666666667, 0.04760000000000003, 0.0464666666666667, 0.045333333333333364, 0.045333333333333364], [0.045333333333333364, 0.045333333333333364, 0.04420000000000003, 0.0430666666666667, 0.045333333333333364, 0.0498666666666667, 0.05440000000000004, 0.056666666666666705, 0.05440000000000004, 0.0498666666666667, 0.0464666666666667, 0.045333333333333364, 0.04420000000000003, 0.0430666666666667, 0.04420000000000003, 0.04760000000000003, 0.05213333333333337, 0.05553333333333337, 0.0532666666666667, 0.0498666666666667, 0.04760000000000003, 0.0464666666666667, 0.045333333333333364, 0.045333333333333364], [0.045333333333333364, 0.045333333333333364, 0.04420000000000003, 0.0430666666666667, 0.045333333333333364, 0.0498666666666667, 0.05440000000000004, 0.056666666666666705, 0.05440000000000004, 0.0498666666666667, 0.0464666666666667, 0.045333333333333364, 0.04420000000000003, 0.0430666666666667, 0.04420000000000003, 0.04760000000000003, 0.05213333333333337, 0.05553333333333337, 0.0532666666666667, 0.0498666666666667, 0.04760000000000003, 0.0464666666666667, 0.045333333333333364, 0.045333333333333364], [0.045333333333333364, 0.045333333333333364, 0.04420000000000003, 0.0430666666666667, 0.045333333333333364, 0.0498666666666667, 0.05440000000000004, 0.056666666666666705, 0.05440000000000004, 0.0498666666666667, 0.0464666666666667, 0.045333333333333364, 0.04420000000000003, 0.0430666666666667, 0.04420000000000003, 0.04760000000000003, 0.05213333333333337, 0.05553333333333337, 0.0532666666666667, 0.0498666666666667, 0.04760000000000003, 0.0464666666666667, 0.045333333333333364, 0.045333333333333364], [0.045333333333333364, 0.045333333333333364, 0.04420000000000003, 0.0430666666666667, 0.045333333333333364, 0.0498666666666667, 0.05440000000000004, 0.056666666666666705, 0.05440000000000004, 0.0498666666666667, 0.0464666666666667, 0.045333333333333364, 0.04420000000000003, 0.0430666666666667, 0.04420000000000003, 0.04760000000000003, 0.05213333333333337, 0.05553333333333337, 0.0532666666666667, 0.0498666666666667, 0.04760000000000003, 0.0464666666666667, 0.045333333333333364, 0.045333333333333364], [0.045333333333333364, 0.045333333333333364, 0.04420000000000003, 0.0430666666666667, 0.045333333333333364, 0.0498666666666667, 0.05440000000000004, 0.056666666666666705, 0.05440000000000004, 0.0498666666666667, 0.0464666666666667, 0.045333333333333364, 0.04420000000000003, 0.0430666666666667, 0.04420000000000003, 0.04760000000000003, 0.05213333333333337, 0.05553333333333337, 0.0532666666666667, 0.0498666666666667, 0.04760000000000003, 0.0464666666666667, 0.045333333333333364, 0.045333333333333364], [0.045333333333333364, 0.045333333333333364, 0.04420000000000003, 0.0430666666666667, 0.045333333333333364, 0.0498666666666667, 0.05440000000000004, 0.056666666666666705, 0.05440000000000004, 0.0498666666666667, 0.0464666666666667, 0.045333333333333364, 0.04420000000000003, 0.0430666666666667, 0.04420000000000003, 0.04760000000000003, 0.05213333333333337, 0.05553333333333337, 0.0532666666666667, 0.0498666666666667, 0.04760000000000003, 0.0464666666666667, 0.045333333333333364, 0.045333333333333364], [0.045333333333333364, 0.045333333333333364, 0.04420000000000003, 0.0430666666666667, 0.045333333333333364, 0.0498666666666667, 0.05440000000000004, 0.056666666666666705, 0.05440000000000004, 0.0498666666666667, 0.0464666666666667, 0.045333333333333364, 0.04420000000000003, 0.0430666666666667, 0.04420000000000003, 0.04760000000000003, 0.05213333333333337, 0.05553333333333337, 0.0532666666666667, 0.0498666666666667, 0.04760000000000003, 0.0464666666666667, 0.045333333333333364, 0.045333333333333364]]
cp_J_kgK = 4200.0
delta_max_K = 70.0
delta_min_K = 20.0
model = "steady_energy_mass_envelope"
nodes = 38
root = 1

    [[heat.pipes]]
    H_max_MW = 3.12
    R_ref_K = 323.15
    S_ref_K = 363.15
    U_W_mK = 0.19783531836428023
    ambient_K = 283.15
    design_area_m2 = 0.012380952380952383
    flow_max_kg_s = 37.142857142857146
    from = 1
    length_m = 600.0
    loss_MW = 0.014244142922228175
    to = 2
    [[heat.pipes]]
    H_max_MW = 4.450000000000001
    R_ref_K = 323.15
    S_ref_K = 363.15
    U_W_mK = 0.22241265594474574
    ambient_K = 283.15
    design_area_m2 = 0.017658730158730165
    flow_max_kg_s = 52.976190476190496
    from = 1
    length_m = 600.0
    loss_MW = 0.01601371122802169
    to = 3
    [[heat.pipes]]
    H_max_MW = 4.025
    R_ref_K = 323.15
    S_ref_K = 363.15
    U_W_mK = 0.21505590886138395
    ambient_K = 283.15
    design_area_m2 = 0.015972222222222224
    flow_max_kg_s = 47.91666666666668
    from = 3
    length_m = 600.0
    loss_MW = 0.015484025438019645
    to = 4
    [[heat.pipes]]
    H_max_MW = 2.48
    R_ref_K = 323.15
    S_ref_K = 363.15
    U_W_mK = 0.18392417044303846
    ambient_K = 283.15
    design_area_m2 = 0.009841269841269842
    flow_max_kg_s = 29.523809523809526
    from = 4
    length_m = 600.0
    loss_MW = 0.013242540271898768
    to = 26
    [[heat.pipes]]
    H_max_MW = 0.08500000000000006
    R_ref_K = 323.15
    S_ref_K = 363.15
    U_W_mK = 0.0796805741294717
    ambient_K = 283.15
    design_area_m2 = 0.00033730158730158755
    flow_max_kg_s = 1.0119047619047628
    from = 26
    length_m = 600.0
    loss_MW = 0.005737001337321962
    to = 27
    [[heat.pipes]]
    H_max_MW = 0.08500000000000006
    R_ref_K = 323.15
    S_ref_K = 363.15
    U_W_mK = 0.0796805741294717
    ambient_K = 283.15
    design_area_m2 = 0.00033730158730158755
    flow_max_kg_s = 1.0119047619047628
    from = 26
    length_m = 600.0
    loss_MW = 0.005737001337321962
    to = 28
    [[heat.pipes]]
    H_max_MW = 0.34000000000000025
    R_ref_K = 323.15
    S_ref_K = 363.15
    U_W_mK = 0.10696408152492856
    ambient_K = 283.15
    design_area_m2 = 0.0013492063492063502
    flow_max_kg_s = 4.047619047619051
    from = 3
    length_m = 600.0
    loss_MW = 0.007701413869794857
    to = 25
    [[heat.pipes]]
    H_max_MW = 0.25500000000000017
    R_ref_K = 323.15
    S_ref_K = 363.15
    U_W_mK = 0.10011414280629405
    ambient_K = 283.15
    design_area_m2 = 0.0010119047619047627
    flow_max_kg_s = 3.0357142857142883
    from = 25
    length_m = 600.0
    loss_MW = 0.007208218282053171
    to = 24
    [[heat.pipes]]
    H_max_MW = 0.17000000000000012
    R_ref_K = 323.15
    S_ref_K = 363.15
    U_W_mK = 0.09162637264593416
    ambient_K = 283.15
    design_area_m2 = 0.0006746031746031751
    flow_max_kg_s = 2.0238095238095255
    from = 24
    length_m = 600.0
    loss_MW = 0.006597098830507259
    to = 5
    [[heat.pipes]]
    H_max_MW = 0.08500000000000006
    R_ref_K = 323.15
    S_ref_K = 363.15
    U_W_mK = 0.0796805741294717
    ambient_K = 283.15
    design_area_m2 = 0.00033730158730158755
    flow_max_kg_s = 1.0119047619047628
    from = 5
    length_m = 600.0
    loss_MW = 0.005737001337321962
    to = 23
    [[heat.pipes]]
    H_max_MW = 0.08500000000000006
    R_ref_K = 323.15
    S_ref_K = 363.15
    U_W_mK = 0.0796805741294717
    ambient_K = 283.15
    design_area_m2 = 0.00033730158730158755
    flow_max_kg_s = 1.0119047619047628
    from = 5
    length_m = 600.0
    loss_MW = 0.005737001337321962
    to = 6
    [[heat.pipes]]
    H_max_MW = 5.075000000000001
    R_ref_K = 323.15
    S_ref_K = 363.15
    U_W_mK = 0.23257304643047388
    ambient_K = 283.15
    design_area_m2 = 0.020138888888888894
    flow_max_kg_s = 60.416666666666686
    from = 1
    length_m = 600.0
    loss_MW = 0.016745259342994118
    to = 7
    [[heat.pipes]]
    H_max_MW = 0.6800000000000005
    R_ref_K = 323.15
    S_ref_K = 363.15
    U_W_mK = 0.12698870756852895
    ambient_K = 283.15
    design_area_m2 = 0.0026984126984127004
    flow_max_kg_s = 8.095238095238102
    from = 7
    length_m = 600.0
    loss_MW = 0.009143186944934083
    to = 8
    [[heat.pipes]]
    H_max_MW = 0.5950000000000004
    R_ref_K = 323.15
    S_ref_K = 363.15
    U_W_mK = 0.12268905633974105
    ambient_K = 283.15
    design_area_m2 = 0.002361111111111113
    flow_max_kg_s = 7.083333333333339
    from = 8
    length_m = 600.0
    loss_MW = 0.008833612056461356
    to = 9
    [[heat.pipes]]
    H_max_MW = 0.5100000000000003
    R_ref_K = 323.15
    S_ref_K = 363.15
    U_W_mK = 0.11800486598812131
    ambient_K = 283.15
    design_area_m2 = 0.0020238095238095254
    flow_max_kg_s = 6.0714285714285765
    from = 9
    length_m = 600.0
    loss_MW = 0.008496350351144733
    to = 29
    [[heat.pipes]]
    H_max_MW = 0.17000000000000012
    R_ref_K = 323.15
    S_ref_K = 363.15
    U_W_mK = 0.09162637264593416
    ambient_K = 283.15
    design_area_m2 = 0.0006746031746031751
    flow_max_kg_s = 2.0238095238095255
    from = 29
    length_m = 600.0
    loss_MW = 0.006597098830507259
    to = 30
    [[heat.pipes]]
    H_max_MW = 0.08500000000000006
    R_ref_K = 323.15
    S_ref_K = 363.15
    U_W_mK = 0.0796805741294717
    ambient_K = 283.15
    design_area_m2 = 0.00033730158730158755
    flow_max_kg_s = 1.0119047619047628
    from = 30
    length_m = 600.0
    loss_MW = 0.005737001337321962
    to = 31
    [[heat.pipes]]
    H_max_MW = 0.25500000000000017
    R_ref_K = 323.15
    S_ref_K = 363.15
    U_W_mK = 0.10011414280629405
    ambient_K = 283.15
    design_area_m2 = 0.0010119047619047627
    flow_max_kg_s = 3.0357142857142883
    from = 29
    length_m = 600.0
    loss_MW = 0.007208218282053171
    to = 32
    [[heat.pipes]]
    H_max_MW = 0.17000000000000012
    R_ref_K = 323.15
    S_ref_K = 363.15
    U_W_mK = 0.09162637264593416
    ambient_K = 283.15
    design_area_m2 = 0.0006746031746031751
    flow_max_kg_s = 2.0238095238095255
    from = 32
    length_m = 600.0
    loss_MW = 0.006597098830507259
    to = 33
    [[heat.pipes]]
    H_max_MW = 0.08500000000000006
    R_ref_K = 323.15
    S_ref_K = 363.15
    U_W_mK = 0.0796805741294717
    ambient_K = 283.15
    design_area_m2 = 0.00033730158730158755
    flow_max_kg_s = 1.0119047619047628
    from = 33
    length_m = 600.0
    loss_MW = 0.005737001337321962
    to = 34
    [[heat.pipes]]
    H_max_MW = 4.3100000000000005
    R_ref_K = 323.15
    S_ref_K = 363.15
    U_W_mK = 0.22003297084630757
    ambient_K = 283.15
    design_area_m2 = 0.017103174603174606
    flow_max_kg_s = 51.30952380952382
    from = 7
    length_m = 600.0
    loss_MW = 0.015842373900934147
    to = 10
    [[heat.pipes]]
    H_max_MW = 4.2250000000000005
    R_ref_K = 323.15
    S_ref_K = 363.15
    U_W_mK = 0.21856773040619415
    ambient_K = 283.15
    design_area_m2 = 0.01676587301587302
    flow_max_kg_s = 50.29761904761906
    from = 10
    length_m = 600.0
    loss_MW = 0.01573687658924598
    to = 11
    [[heat.pipes]]
    H_max_MW = 4.140000000000001
    R_ref_K = 323.15
    S_ref_K = 363.15
    U_W_mK = 0.21708645298373358
    ambient_K = 283.15
    design_area_m2 = 0.01642857142857143
    flow_max_kg_s = 49.2857142857143
    from = 11
    length_m = 600.0
    loss_MW = 0.015630224614828814
    to = 12
    [[heat.pipes]]
    H_max_MW = 4.055000000000001
    R_ref_K = 323.15
    S_ref_K = 363.15
    U_W_mK = 0.21558861443109759
    ambient_K = 283.15
    design_area_m2 = 0.016091269841269844
    flow_max_kg_s = 48.27380952380953
    from = 12
    length_m = 600.0
    loss_MW = 0.015522380239039025
    to = 13
    [[heat.pipes]]
    H_max_MW = 0.08500000000000006
    R_ref_K = 323.15
    S_ref_K = 363.15
    U_W_mK = 0.0796805741294717
    ambient_K = 283.15
    design_area_m2 = 0.00033730158730158755
    flow_max_kg_s = 1.0119047619047628
    from = 13
    length_m = 600.0
    loss_MW = 0.005737001337321962
    to = 14
    [[heat.pipes]]
    H_max_MW = 3.8850000000000007
    R_ref_K = 323.15
    S_ref_K = 363.15
    U_W_mK = 0.21254101109455706
    ambient_K = 283.15
    design_area_m2 = 0.015416666666666669
    flow_max_kg_s = 46.250000000000014
    from = 13
    length_m = 600.0
    loss_MW = 0.015302952798808108
    to = 15
    [[heat.pipes]]
    H_max_MW = 1.2800000000000002
    R_ref_K = 323.15
    S_ref_K = 363.15
    U_W_mK = 0.15091323836887702
    ambient_K = 283.15
    design_area_m2 = 0.005079365079365081
    flow_max_kg_s = 15.238095238095243
    from = 15
    length_m = 600.0
    loss_MW = 0.010865753162559144
    to = 17
    [[heat.pipes]]
    H_max_MW = 1.195
    R_ref_K = 323.15
    S_ref_K = 363.15
    U_W_mK = 0.1479955723244221
    ambient_K = 283.15
    design_area_m2 = 0.004742063492063493
    flow_max_kg_s = 14.226190476190478
    from = 17
    length_m = 600.0
    loss_MW = 0.010655681207358391
    to = 18
    [[heat.pipes]]
    H_max_MW = 0.34000000000000025
    R_ref_K = 323.15
    S_ref_K = 363.15
    U_W_mK = 0.10696408152492856
    ambient_K = 283.15
    design_area_m2 = 0.0013492063492063502
    flow_max_kg_s = 4.047619047619051
    from = 18
    length_m = 600.0
    loss_MW = 0.007701413869794857
    to = 19
    [[heat.pipes]]
    H_max_MW = 0.08500000000000006
    R_ref_K = 323.15
    S_ref_K = 363.15
    U_W_mK = 0.0796805741294717
    ambient_K = 283.15
    design_area_m2 = 0.00033730158730158755
    flow_max_kg_s = 1.0119047619047628
    from = 19
    length_m = 600.0
    loss_MW = 0.005737001337321962
    to = 20
    [[heat.pipes]]
    H_max_MW = 0.17000000000000012
    R_ref_K = 323.15
    S_ref_K = 363.15
    U_W_mK = 0.09162637264593416
    ambient_K = 283.15
    design_area_m2 = 0.0006746031746031751
    flow_max_kg_s = 2.0238095238095255
    from = 19
    length_m = 600.0
    loss_MW = 0.006597098830507259
    to = 21
    [[heat.pipes]]
    H_max_MW = 0.08500000000000006
    R_ref_K = 323.15
    S_ref_K = 363.15
    U_W_mK = 0.0796805741294717
    ambient_K = 283.15
    design_area_m2 = 0.00033730158730158755
    flow_max_kg_s = 1.0119047619047628
    from = 21
    length_m = 600.0
    loss_MW = 0.005737001337321962
    to = 22
    [[heat.pipes]]
    H_max_MW = 0.8050000000000003
    R_ref_K = 323.15
    S_ref_K = 363.15
    U_W_mK = 0.13276847900987307
    ambient_K = 283.15
    design_area_m2 = 0.003194444444444446
    flow_max_kg_s = 9.583333333333337
    from = 15
    length_m = 600.0
    loss_MW = 0.009559330488710861
    to = 16
    [[heat.pipes]]
    H_max_MW = 0.34000000000000025
    R_ref_K = 323.15
    S_ref_K = 363.15
    U_W_mK = 0.10696408152492856
    ambient_K = 283.15
    design_area_m2 = 0.0013492063492063502
    flow_max_kg_s = 4.047619047619051
    from = 16
    length_m = 600.0
    loss_MW = 0.007701413869794857
    to = 35
    [[heat.pipes]]
    H_max_MW = 0.25500000000000017
    R_ref_K = 323.15
    S_ref_K = 363.15
    U_W_mK = 0.10011414280629405
    ambient_K = 283.15
    design_area_m2 = 0.0010119047619047627
    flow_max_kg_s = 3.0357142857142883
    from = 35
    length_m = 600.0
    loss_MW = 0.007208218282053171
    to = 36
    [[heat.pipes]]
    H_max_MW = 0.17000000000000012
    R_ref_K = 323.15
    S_ref_K = 363.15
    U_W_mK = 0.09162637264593416
    ambient_K = 283.15
    design_area_m2 = 0.0006746031746031751
    flow_max_kg_s = 2.0238095238095255
    from = 36
    length_m = 600.0
    loss_MW = 0.006597098830507259
    to = 37
    [[heat.pipes]]
    H_max_MW = 0.08500000000000006
    R_ref_K = 323.15
    S_ref_K = 363.15
    U_W_mK = 0.0796805741294717
    ambient_K = 283.15
    design_area_m2 = 0.00033730158730158755
    flow_max_kg_s = 1.0119047619047628
    from = 37
    length_m = 600.0
    loss_MW = 0.005737001337321962
    to = 38

[provenance]
background_H_peak_MW = 1.700000000000001
background_P_peak_MW = 25.583000000000002
inactive_electric_ties = [[6, 38], [18, 27], [25, 24], [19, 33]]
inactive_heat_ties = [[6, 27], [32, 16]]
original_node_ids_preserved = true
protocol_sha256 = "556cd029eb5c74618c3744c6b08fe31878ab7f4150cafb96d259a2ecd4751d48"
table_H_total_MW = 5.529999999999999
table_P_total_MW = 15.52

    [provenance.protocol]
    T = 24
    background_rule = "base_peak_minus_unscaled_table_totals; uniform_on_other_load_nodes"
    budget_sec = 600.0
    commitment_rule = "CHP1_on_at_Pmin; CHP2_zero_min; no_inferred_startup_cost"
    currency = "CNY"
    dt_h = 1.0
    electric_profile = [0.62, 0.59, 0.57, 0.56, 0.58, 0.65, 0.75, 0.86, 0.94, 0.98, 1.0, 0.96, 0.9, 0.87, 0.9, 0.94, 0.98, 1.0, 0.96, 0.9, 0.82, 0.75, 0.7, 0.65]
    heat_profile = [0.8, 0.8, 0.78, 0.76, 0.8, 0.88, 0.96, 1.0, 0.96, 0.88, 0.82, 0.8, 0.78, 0.76, 0.78, 0.84, 0.92, 0.98, 0.94, 0.88, 0.84, 0.82, 0.8, 0.8]
    id = "r9-73-44e38h-8aggregators-24h-v1"
    load_table_rule = "table_7_9_before_factor; multiply_aggregators_once_by_1_5"
    network_rule = "fixed_original_trees; bidirectional_heat_exchange; original_ties_recorded_inactive"
    origin = "synthetic_missing_fields_with_thesis_topology_and_nameplates"
    p2h_rule = "numerical_EB_tables_define_conversion; HP_label_does_not_add_unlisted_capacity"
    profile_origin = "project synthetic hourly arrays; common shape with 7.2, no optimization-derived values"
    pv_profile = [0.0, 0.0, 0.0, 0.0, 0.0, 0.0, 0.05, 0.2, 0.4, 0.65, 0.85, 0.96, 1.0, 0.95, 0.8, 0.6, 0.35, 0.12, 0.0, 0.0, 0.0, 0.0, 0.0, 0.0]
    schema = "r9-trading-protocol-v1"
    storage_rule = "two_source_heat_stores_explicit_project_replacement"

        [provenance.protocol.demand]
        dissatisfaction_CNY_h_MW2 = 10000.0
        flex_fraction = 0.1
        preference = "unadjusted_hourly_reference; independent_of_flex_bounds"
        reactive_rule = "fixed_power_factor_for_demand;_conversion_and_storage_unity_power_factor"

        [provenance.protocol.electric]
        base_MVA = 50.0
        base_kV = 10.0
        capacity_factor = 1.5
        design_rule = "unscaled_table_and_background_plus_base_7_1_absolute_nameplates; freeze_before_7_3_optimization"
        grid_Q_max_Mvar = 50.0
        grid_max_MW = 75.0
        path_squared_voltage_drop_budget = 0.04
        power_factor = 0.9
        transformer_rule = "ideal_nominal_ratio_lossless_unlimited_at_44_1_20; equivalent_10kV_network"
        v_max_pu = 1.05
        v_min_pu = 0.95
        x_over_r = 0.5

        [provenance.protocol.heat]
        R_reference_K = 323.15
        S_reference_K = 363.15
        ambient_K = 283.15
        capacity_factor = 1.5
        cp_J_kgK = 4200.0
        delta_max_K = 70.0
        delta_min_K = 20.0
        design_rule = "unscaled_base_subtree_absolute_heat_envelope; no_resizing_after_solve"
        insulation_W_mK = 0.03
        insulation_thickness_m = 0.1
        length_m = 600.0
        model = "steady_energy_mass_envelope; no_temperature_mixing_or_hydraulic_certificate"
        rho_kg_m3 = 1000.0
        velocity_m_s = 1.0

        [[provenance.protocol.provenance]]
        fields = "topology, actor sites, table loads, CHP/P2H/PV/battery nameplates and variable costs"
        origin = "thesis"
        source = "PDF127-128 and132; tables7-1:4,7-6:9; typed ledgers retain source hashes"
        [[provenance.protocol.provenance]]
        fields = "1.5 factor, unallocated background, HP/EB reconciliation"
        origin = "explicit_project_interpretation_of_ambiguous_source"
        source = "original_text_and_tables_preserved; no_fit_to_tables7-10:11"
        [[provenance.protocol.provenance]]
        fields = "heat_storage, efficiencies, initial/terminal states, flexible-load preferences, settlement"
        origin = "synthetic_explicit_replacement"
        source = "this protocol frozen before optimization; not author parameters"
        [[provenance.protocol.provenance]]
        fields = "network parameters, losses, profiles and transformer equivalence"
        origin = "synthetic_engineering_replacement"
        source = "input-only sizing rules; literal source connectivity preserved; no WMM history inherited"

        [provenance.protocol.settlement]
        H_buy_CNY_MWh = 350.0
        H_sell_CNY_MWh = 175.0
        P_buy_tariff_factor = 1.05
        P_sell_tariff_factor = 0.5
        fee_CNY_MWh = 5.0
        peer_rule = "retail_midpoint; deterministic_actor_ID_matching; not_bargaining"
        retail_limit_MW = 100.0
        utility_rule = "negative_resource_and_dissatisfaction_plus_internal_cash; no_unpublished_gross_benefit_constant"

        [provenance.protocol.storage]
        battery_eta_ch = 0.95
        battery_eta_dis = 0.95
        battery_loss_per_h = 0.0
        cost_basis = "charge_plus_discharge_throughput; explicit_project_interpretation"
        heat_cycle_CNY_MWh = 5.0
        heat_energy_MWh = 2.0
        heat_eta_ch = 0.95
        heat_eta_dis = 0.95
        heat_loss_per_h = 0.001
        heat_owners = ["A1", "A2"]
        heat_power_MW = 0.5
        initial_fraction = 0.5
        terminal = "energy_equal_initial"

    [provenance.source_hashes]
    "inputs.toml" = "34155cc8723c03b06ee738139ed7041a04d86aba29fd231639cfe89602e1a9b7"
    "reported-results.toml" = "3ed021a50df205621e95dbd748adeaf8f2e4795bd5dc335d13fcd8a571d16c16"
    "topology.toml" = "3c111b9582e4e5cd719150b88e73e014889426df048fa2f55f40a95bdb1ec71f"

[settlement]
H_buy = [350.0, 350.0, 350.0, 350.0, 350.0, 350.0, 350.0, 350.0, 350.0, 350.0, 350.0, 350.0, 350.0, 350.0, 350.0, 350.0, 350.0, 350.0, 350.0, 350.0, 350.0, 350.0, 350.0, 350.0]
H_peer = [262.5, 262.5, 262.5, 262.5, 262.5, 262.5, 262.5, 262.5, 262.5, 262.5, 262.5, 262.5, 262.5, 262.5, 262.5, 262.5, 262.5, 262.5, 262.5, 262.5, 262.5, 262.5, 262.5, 262.5]
H_sell = [175.0, 175.0, 175.0, 175.0, 175.0, 175.0, 175.0, 175.0, 175.0, 175.0, 175.0, 175.0, 175.0, 175.0, 175.0, 175.0, 175.0, 175.0, 175.0, 175.0, 175.0, 175.0, 175.0, 175.0]
P_buy = [271.84499999999997, 271.84499999999997, 271.84499999999997, 271.84499999999997, 271.84499999999997, 637.14, 637.14, 637.14, 1086.4350000000002, 1086.4350000000002, 1086.4350000000002, 1086.4350000000002, 637.14, 637.14, 637.14, 637.14, 637.14, 1086.4350000000002, 1086.4350000000002, 1086.4350000000002, 1086.4350000000002, 271.84499999999997, 271.84499999999997, 271.84499999999997]
P_peer = [200.64749999999998, 200.64749999999998, 200.64749999999998, 200.64749999999998, 200.64749999999998, 470.27, 470.27, 470.27, 801.8925000000002, 801.8925000000002, 801.8925000000002, 801.8925000000002, 470.27, 470.27, 470.27, 470.27, 470.27, 801.8925000000002, 801.8925000000002, 801.8925000000002, 801.8925000000002, 200.64749999999998, 200.64749999999998, 200.64749999999998]
P_sell = [129.45, 129.45, 129.45, 129.45, 129.45, 303.4, 303.4, 303.4, 517.35, 517.35, 517.35, 517.35, 303.4, 303.4, 303.4, 303.4, 303.4, 517.35, 517.35, 517.35, 517.35, 129.45, 129.45, 129.45]
fee = [5.0, 5.0, 5.0, 5.0, 5.0, 5.0, 5.0, 5.0, 5.0, 5.0, 5.0, 5.0, 5.0, 5.0, 5.0, 5.0, 5.0, 5.0, 5.0, 5.0, 5.0, 5.0, 5.0, 5.0]

[units]
energy = "MWh"
flow = "kg/s"
money = "CNY"
power = "MW"
temperature = "K"
time = "h"
