row,column,magnitude
1,3,1.010751298123244e-18
2,4,4.0604776221535815e-18
3,5,1.4458162932306915e-17
4,6,4.863602918023285e-17
5,7,3.031795513302772e-16
6,8,2.69769628019872e-15
7,9,3.2610556883722994e-14
8,10,5.7371864186731e-13
9,11,4.974971780304759e-12
10,12,2.9381405467851074e-10
11,13,1.2926676880560223e-9
12,14,1.809000343654127e-8
13,15,1.32808058707223e-7
14,16,6.081698349000525e-7
15,17,7.772644041600276e-6
16,18,9.883194107113339e-5
17,19,0.0006095904626161208
18,20,0.0024199762547434584
19,21,0.014964138641539091
20,22,0.035766245768794655
21,23,0.1663972816178793
22,24,1.0
23,39,1.5417771266656213e-25
24,40,1.1896982809661882e-24
25,41,1.0917908111909872e-24
26,42,4.626992493269997e-7
27,43,4.834306668406766e-6
28,44,3.516736388539275e-5
29,45,0.00032901794647013856
30,46,0.008690280697796707
31,47,0.058771226044342255
32,48,0.3394945303658997
