row,rhs
1,30.0
2,29.559192137407557
3,30.0
4,29.01529969979982
5,29.91734678489087
6,29.057493239470347
7,29.76281891112181
8,29.0010513027497
9,29.573276534842616
10,29.141293189622658
11,29.573276534842616
12,29.141293189622658
13,29.91734678489087
14,29.009521522032962
15,29.785866605268595
16,28.942082639483388
17,29.63228881216827
18,28.880851958665886
19,29.44401772780758
20,29.0158875439041
21,29.44401772780758
22,29.0158875439041
23,30.0
24,28.915781382223187
25,29.949788232368643
26,29.024970769562195
27,29.855548086693474
28,28.952984082433368
29,29.752559107516728
30,28.887302279019664
31,29.63846492894516
32,28.975089858669975
33,29.38535549660693
34,28.962241342693346
35,29.63846492894516
36,28.873715056090887
37,29.452001007273893
38,28.800787749341026
39,29.204816920340306
40,28.791701913749314
41,29.949788232368643
42,28.803706556389876
43,29.879754119220788
44,28.74721933508056
45,29.80589824712484
46,28.699033861088758
47,29.727756326791013
48,28.65922599239682
49,29.646049956968707
50,29.2195688521077
51,29.646049956968707
52,28.595717212972872
53,29.703825291179253
54,28.699603503353273
55,29.600428125815956
56,28.654570632392307
57,29.47380150779096
58,28.612641391172865
59,29.317282673375352
60,28.878464592314728
61,29.317282673375352
62,28.61617518531333
63,29.05446116845202
64,28.61638884532279
65,29.703825291179253
66,28.732780951560876
67,29.584435876275823
68,28.672127126050576
69,29.435089286152568
70,28.60821103533823
71,29.243209564390344
72,28.548246269265206
73,28.98135618900252
74,28.54510003829536
