JuMP_version = "1.31.2"
bound_error = """MathOptInterface.GetAttributeNotAllowed{MathOptInterface.ObjectiveBound}:\n\n## Cause\n\nGetting attribute MathOptInterface.ObjectiveBound() cannot be performed because:\n\nClarabel.MOIwrapper.Optimizer{Float64} does not support getting the attribute MathOptInterface.ObjectiveBound().\n\n## Fixing this error\n\nThis error occurs when we cannot query the attribute from the solver.\nNo other information is available. Check the solver log for details.\n"""
budget_sec = 53.99998429999687
build_sec = 4.822789300000295
case_origin = "synthetic"
class = "SOCP"
elapsed_sec = 6.851157600001898
elastic_rows = []
fixed_flows = true
flow_schedule = [[1.3158478191596452, 1.1271044208329855, 0.7691811718353555, 1.1466674823044907, 0.7650793671734052, 0.7387152111165188, 0.7914506217558924, 0.8658306728044769, 0.830385175458831, 0.7085003972201085, 0.5988609289329753, 0.5738095354028778, 0.5738095316245022, 0.5738095613875388, 0.5738095655149009, 0.5738095732335652, 0.5738095830650091, 0.6018453482106638, 0.5838378228218272, 0.5789811545611557, 1.3388888848824114, 0.7831497773510976, 0.9591507689806897, 0.9563492063492065], [11.097129394877228, 7.459078717117114, 7.228688479354908, 6.977160041592738, 7.526393912936929, 7.7770653844863755, 8.07772584103023, 8.57221745681908, 8.330412639086038, 7.332427862969186, 6.330661581146868, 5.834821920746696, 5.7380952729546655, 5.738095540814511, 5.738095805553287, 6.533094200031359, 7.205684430951655, 6.632039256493118, 6.561869912108497, 7.692563987641468, 13.388888875807421, 8.35955641619652, 9.717415489260397, 9.563492063492065], [4.270442634061905, 2.9984397966698255, 2.9051062977899895, 2.7981984656877223, 3.0135042595326245, 3.1207468078130285, 3.2316906605919953, 3.4306747255974677, 3.338554414466387, 2.939691556552496, 2.5371849204363652, 2.3253396404538127, 2.295238109820599, 2.295238205227241, 2.295238271213603, 2.2952389229692796, 2.4490222907324135, 2.442652307692475, 2.336303251491938, 2.8757044927329014, 5.355555550058197, 3.403330716956677, 3.84939757611251, 3.825396825396826], [2.931553767425478, 2.242656376987328, 2.200481798330228, 2.1162409456141726, 2.2647920893110904, 2.369736028937935, 2.445273133067397, 2.580096014718591, 2.514596637278257, 2.2268664820591932, 1.9309377863880326, 1.7515301142917628, 1.7214285835155883, 1.7214286495769502, 1.7214286869952753, 1.7214288119394707, 1.7346176186177378, 1.8489741429083217, 1.7624937214966847, 2.3018949671777444, 4.01666666214336, 2.829515138168943, 2.913425566009233, 2.8690476190476195], [0.7963324490558492, 0.7470344663375925, 0.7410092343012135, 0.7159655919721918, 0.7586427004777858, 0.798682571958333, 0.8230136352155166, 0.8642145240488909, 0.842636507138248, 0.7494488366359718, 0.6525206826330034, 0.5888602944737165, 0.5738095286913281, 0.5738095508533128, 0.5738095598015809, 0.5738095719822001, 0.5804040049181556, 0.6196613288419073, 0.593150591673711, 0.8640427201729005, 1.338888887053183, 0.8361092516757777, 0.957375838362204, 0.9563492063492065], [0.7963324490558795, 0.7470344663375931, 0.7410092343012155, 0.7159655919721953, 0.7586427004777859, 0.7986825719583324, 0.8230136352155181, 0.8642145240488902, 0.8426365071382484, 0.7494488366359726, 0.652520682633004, 0.5888602944737158, 0.5738095286913281, 0.5738095508533128, 0.5738095598015809, 0.5738095719822001, 0.5804040049181555, 0.6196613288419075, 0.5931505916737114, 0.8640427201728995, 1.338888887053183, 0.8361092516757774, 0.9573758383622036, 0.9563492063492065], [5.487797903212698, 3.7026996869813824, 3.635061855025958, 3.5114841108792176, 3.75877457617375, 3.9296112273581327, 4.066594031799968, 4.287763268822554, 4.172586396037781, 3.695208355260796, 3.2060387417051075, 2.9356727512550864, 2.869047635757315, 2.8690477508042664, 2.869047860212352, 3.077547061108767, 3.487366935553565, 3.051138142395268, 2.928182852800333, 4.243049969151464, 6.694444438337171, 4.370813846472881, 4.817025641179944, 4.7817460317460325], [4.148909036227912, 2.9477827419518534, 2.931261743257639, 2.8310404575133017, 3.011005130080564, 3.1793141600790076, 3.2808813558138703, 3.437869803415278, 3.3492521553452597, 2.983036057851622, 2.6005600753365177, 2.361863225070725, 2.2952381095496586, 2.2952381945527165, 2.295238263125611, 2.295238617926915, 2.3178759469786945, 2.458549826802954, 2.3543733222611594, 3.6692404436050623, 5.355555550403583, 3.491938829721171, 3.869821008553109, 3.825396825396826], [2.8100201665275706, 2.201313830854716, 2.2149330102389393, 2.1414454115942823, 2.2658921984348126, 2.4090957430190225, 2.4837841218496997, 2.5882831088149407, 2.5218665791393877, 2.2569881566550523, 1.9767760144414934, 1.7880536997073324, 1.7214285836110448, 1.7214286462944746, 1.7214286878849416, 1.721428798388734, 1.7440662291935103, 1.8539637482998912, 1.7803126048127422, 3.0954309173379992, 4.016666662322245, 2.58985139264419, 2.8951842388549127, 2.8690476190476195], [0.7355656485988066, 0.7328280227071262, 0.7444790708923387, 0.7244075002700574, 0.7597088225516965, 0.8108340661520931, 0.8360543496417813, 0.8676482807059861, 0.8449758569854341, 0.7589110588738995, 0.6673409565887503, 0.6049233234350073, 0.573809528798554, 0.5738095505211734, 0.5738095606007073, 0.573809572955772, 0.585128313226373, 0.6243391494476416, 0.599856725574125, 1.2608106937437582, 1.3388888871106202, 0.8670140314481691, 0.9559810349443688, 0.9563492063492065], [0.7355656485987662, 0.7328280227071247, 0.7444790708923387, 0.7244075002700572, 0.7597088225516968, 0.8108340661520927, 0.8360543496417826, 0.8676482807059844, 0.8449758569854348, 0.7589110588739004, 0.6673409565887497, 0.6049233234350074, 0.573809528798554, 0.5738095505211734, 0.5738095606007073, 0.573809572955772, 0.5851283132263727, 0.6243391494476407, 0.5998567255741261, 1.2608106937437584, 1.3388888871106202, 0.867014031448169, 0.9559810349443741, 0.9563492063492065], [21.57453510857048, 16.435837481266105, 14.655081926388602, 13.892910701124471, 14.603787527501433, 20.541760288188232, 21.016714994172972, 21.65242443928291, 21.30396859145732, 19.93796141802281, 18.54568436744978, 17.9253169985391, 17.762668060519523, 19.296221828506617, 20.536342435057172, 23.00188100943571, 24.13579271185656, 23.368864940993262, 20.280361440574215, 21.98927214412874, 28.472222208267418, 16.946433191371664, 20.88689602989101, 20.33730158730159], [9.372154193893357, 6.02252047946293, 6.21826160976246, 5.618944711342533, 5.98642247243165, 6.310470352914758, 6.551995129804777, 6.852879502324859, 6.661487103174552, 5.937002560017235, 5.182261721862692, 4.747870151787281, 4.592033119145529, 4.590476422327522, 4.590477113709902, 6.229688389548751, 6.713319794096174, 5.607758951167027, 5.463963253298555, 8.053557872292934, 10.711111103857972, 6.395195893020953, 7.705333641442139, 7.650793650793652], [8.033265316927912, 5.033104558313822, 5.094134422856397, 4.948503755080489, 5.242378533711518, 5.566880748147746, 5.769147713331044, 6.004178334711395, 5.840486422157336, 5.2294709062098, 4.583088567431967, 4.17406062465324, 4.018223593135463, 4.01666684817952, 4.016667252814885, 5.063640923928235, 5.4394105694432175, 4.268870181487212, 4.890153716233403, 7.4797483463620145, 9.372222215745486, 5.821386368729495, 6.884742595305076, 6.6944444444444455], [6.6943764385266205, 4.2917922702059, 4.38247536010453, 4.271543433283509, 4.502796853457365, 4.8053981012612095, 4.977511440767663, 5.158096013086101, 5.017028127604148, 4.5093261493438, 3.966998312278736, 3.600251098916994, 3.4444140678128496, 3.442857292977023, 3.4428575288658885, 3.8809192078331622, 4.149984618450549, 3.6763271095001953, 4.316344186014467, 6.905938819952185, 8.033333327566707, 4.8008635541931355, 5.900215610815599, 5.738095238095239], [2.04034384487779, 1.4355551605365269, 1.4677628476277444, 1.4217895863334329, 1.5083187879674247, 1.6079533060195421, 1.6634774658664477, 1.722615375170271, 1.6763266179351275, 1.5080551587028006, 1.3273907599281924, 1.2027097499103911, 1.1476190533830581, 1.1476190989746278, 1.1476191422727133, 1.1476191772545632, 1.1597293949064276, 1.2305525527959422, 1.3792490182034114, 2.4949708001242876, 2.6777777756221868, 1.7314129641294287, 1.927747308046911, 1.912698412698413], [0.7014549768997758, 0.7168947414047004, 0.7413037599694683, 0.7241693961957876, 0.7608090868191136, 0.8153228166052264, 0.8439297817242027, 0.8695098173656741, 0.8449052843766011, 0.7634791913010512, 0.6759774446890171, 0.6146995809088976, 0.5738095279118337, 0.5738095518532462, 0.573809563083097, 0.5738095658382177, 0.5859198483057042, 0.624802533596523, 0.798702006047097, 1.3388888765178903, 1.3388888874298475, 1.157603440042426, 0.9511500034391686, 0.9563492063492065], [3.315143714751765, 2.128042336695292, 2.1962598276633996, 2.1649931393744906, 2.256329584908986, 2.4218670767234736, 2.5110520460384373, 2.589328349898228, 2.51531038006217, 2.270137003784816, 2.0073403115617903, 1.8237318238020077, 1.7229854893904035, 1.7214286454361696, 1.7214287231568366, 1.721428819875492, 1.7444064103557195, 1.8494594261012893, 2.363285638182306, 3.8371584912917793, 4.016666663687249, 2.1340387154500053, 2.8996646675342377, 2.8690476190476195], [1.9762548411254925, 1.4119358008415086, 1.4723382108035432, 1.4699582654331438, 1.5145815403756584, 1.6324174433316525, 1.6936203387061786, 1.7385485767619364, 1.686065899460114, 1.5276737918895522, 1.3580949147069679, 1.2379758796030012, 1.1491759645102666, 1.147619099142176, 1.1476191321395788, 1.147619148945808, 1.1705968549771297, 1.2462026178047423, 1.7852766161898614, 2.677777762934645, 2.6777777754776646, 1.526177907594023, 1.943388921359956, 1.912698412698413], [0.6373663994951134, 0.7056588497624879, 0.7399331252977871, 0.7632462738316043, 0.7650793662922026, 0.8273533906756975, 0.8587756889596408, 0.8782509622645926, 0.849986737020608, 0.7726884585209828, 0.6906151040917988, 0.6319676362129983, 0.5753664397279676, 0.5738095525180683, 0.5738095616909429, 0.5738095681016364, 0.5937514658873055, 0.6321733505395313, 1.1997138974535684, 1.338888882065755, 1.3388888874475882, 0.7757008389998599, 0.9554256615680556, 0.9563492063492065], [10.86349204034136, 9.656487060595653, 7.748808006083138, 7.6077181309876885, 7.8657216792940865, 13.516790241065712, 13.690152400634538, 13.950741822562739, 13.829560723285237, 13.311849658721679, 12.7853896290782, 12.603637311373037, 12.596825411796113, 14.131935641775483, 14.875613443868835, 15.620025616033839, 16.160969273250053, 16.422217243890287, 13.527072119205087, 13.361904745115792, 16.42222221678131, 9.977427769268408, 11.842673500746436, 11.730158730158731], [9.524603157138454, 8.890607818283545, 7.046163167468064, 6.937551060832032, 7.124078777694639, 12.785579070548716, 12.91303794056637, 13.10608533979289, 13.01445080698067, 12.61337531210522, 12.196958635286071, 12.029827780870805, 12.023015884211405, 13.558125607447366, 13.79974591061845, 14.462372504082932, 14.893712419576131, 15.083328422581998, 12.95326247779067, 12.788095219503122, 15.083333328611552, 8.638538881082997, 11.046131784048258, 10.773809523809526], [8.185714271823144, 7.551719012869474, 6.333149774269518, 6.260602968979051, 6.388543279670017, 12.040977553221898, 12.131204347106351, 12.264371661819728, 12.19794048371086, 11.906618502222855, 11.598599231715578, 11.45601825218847, 11.449206357374285, 12.489226274264396, 12.717360294729044, 13.298846080463223, 13.620320160921363, 13.744439586903972, 12.379452919843605, 12.214285693813103, 13.744444440441693, 7.299649992374128, 10.20107651351841, 9.81746031746032], [6.846825385584618, 6.212830158219678, 5.614845932697845, 5.5757114337406755, 5.655411064344625, 11.285426046902831, 11.343394237959004, 11.424283152140882, 11.380511847307208, 11.192590300292116, 10.990855555502609, 10.88220872438913, 10.875396830898353, 11.40453019420101, 11.62721631891815, 12.128938213715719, 12.340347598008417, 12.40555074883223, 11.805643361366698, 11.640476167375676, 12.405555552238908, 5.96076110418962, 9.172782103910878, 8.861111111111112], [1.3388888781581962, 0.7048936752410359, 0.7275511615498245, 0.7141276325084319, 0.7525061270665095, 0.7927609645821627, 0.8211553097783565, 0.8567811948500205, 0.8345955348246213, 0.7444219921530658, 0.6465474756009968, 0.5806214204163629, 0.5738095287499542, 0.5738097926385963, 0.8000793503975889, 1.2242010933361127, 1.3254844242407575, 1.3388841310275412, 1.3388887607289777, 1.3388888590997232, 1.3388888866779933, 0.5738095247320334, 0.9583928585177021, 0.9563492063492065], [4.169047620685659, 4.169047620440607, 4.169047620250902, 4.169047619849768, 4.169047619724339, 9.727777772756747, 9.72777777485446, 9.727777775844645, 9.727777776673905, 9.72777777675913, 9.727777776784647, 9.7277777766448, 9.727777775859549, 9.727777776599252, 9.727777776648212, 9.72777777676402, 9.727777776954808, 9.727777777232381, 9.727777777268484, 9.727777777268905, 9.727777777367644, 4.813142055454197, 7.186952360630106, 6.9484126984126995], [5.023586502889219, 4.976530124625804, 4.767432722007458, 4.769009016870904, 5.02046781943904, 6.378198030875276, 6.5608655112132785, 6.4604183873586045, 6.133528890454631, 6.277962662456061, 6.137471812484129, 5.858867987364377, 5.916828518718692, 5.941269886687231, 6.171651429264502, 6.484863607448419, 6.556211365127742, 6.768711237162557, 6.581945231316158, 6.535443773028343, 6.889927961576697, 5.150572042903692, 5.697048972131771, 5.738095238095239], [3.6846981201074107, 3.640065527711958, 3.4285438370168624, 3.4301201338129657, 4.422056693210672, 5.039309145723624, 5.221976635466447, 5.59827517555946, 4.7946400053166975, 4.939073777528834, 4.79858292580524, 4.51997909998631, 4.577939634615419, 4.602381012889319, 4.838207871544426, 5.911054023829741, 5.9571524700451155, 5.846653155030908, 5.969991825268228, 5.945522798159683, 6.302829869387729, 4.5767625181956895, 4.811260874485289, 4.7817460317460325], [2.59847317174771, 2.3011766674556933, 2.2952381148807057, 2.2952381260546404, 3.0831679351020425, 3.700420261499972, 3.883087779012906, 4.492043175340132, 3.4557511232306086, 3.600184895740284, 3.459694040124438, 3.18109021402675, 3.239050752073286, 3.26349214362313, 3.7155369557755775, 5.199247614343831, 5.355555480819588, 5.206149429931505, 5.355555449029216, 5.355555499028575, 5.355555485078821, 4.002952965998626, 3.9333012760177164, 3.825396825396826], [0.5738095604336458, 0.5738095330602373, 0.5738095278301573, 0.5738095313594224, 0.610666204560766, 0.7413459830415007, 0.8508806972070224, 0.9029256541170424, 0.8581716559800274, 0.7851444411544041, 0.7039594082224048, 0.6473165948072632, 0.5914132778145096, 0.5738095837126895, 0.7063525441617238, 1.1825824928686768, 1.3388888629704063, 1.2306013416227033, 1.3388888509822496, 1.3388888708963615, 1.338888874796483, 0.5865238879550269, 0.9670605301180647, 0.9563492063492065], [1.1501082539652214, 1.1535574505755386, 1.147619059394573, 1.1476190619988662, 1.2215091133609477, 1.6201853966666744, 1.6933190450939988, 2.250228656847115, 1.716318499804443, 1.5744329759393918, 1.4168457521352258, 1.3066317774542604, 1.3087485955598275, 1.35079370172327, 1.7429377928933936, 2.677776281805098, 2.6777777444207396, 2.636659960632221, 2.6777777331138037, 2.677777753787834, 2.6777777592575833, 2.077540189696411, 1.9493853191994222, 1.912698412698413], [0.5762986829175855, 0.579747922058347, 0.5738095334567349, 0.5738095322879502, 0.6177526871254597, 0.7365105694116855, 0.8527476370294194, 0.9113398394430103, 0.8657593148068493, 0.7953238576151855, 0.7190378204142527, 0.6655527278999745, 0.6092201680890097, 0.5738095941821528, 0.8018617995575535, 1.338887431830361, 1.338888867461153, 1.2977713972399405, 1.338888861314964, 1.33888887520108, 1.338888875327074, 0.7779480694529944, 0.9589635486621064, 0.9563492063492065], [4.145461117331622, 4.19251749539902, 4.4016148964047455, 4.400038598367121, 4.1485797870242225, 5.492436884979615, 5.309769406720408, 5.410216531541684, 5.737106029164331, 5.5926722572513965, 5.733163107257287, 6.011766932250138, 5.953806400259775, 5.929365033101703, 5.6989834905996934, 5.385771312465045, 5.314423554967374, 5.101923683071612, 5.288689688950014, 5.335191147250291, 4.980706958746224, 4.662570012356109, 4.751685523364866, 4.7817460317460325], [2.8888464932713114, 3.069291007232344, 3.0627260111205987, 3.0611497145970143, 3.549938251826253, 4.153547999909777, 3.97088053158371, 4.547535961864377, 4.398217143875397, 4.253783372118038, 4.394274220503727, 4.672878044686188, 4.614917515852712, 4.590476159031658, 4.366425898190068, 4.811961726104536, 4.714997375128548, 4.463540311569337, 4.676226253478043, 4.74493889290937, 4.39362132959177, 4.05462472769832, 3.805008480037624, 3.825396825396826], [1.8132790136110053, 1.7304021563905272, 1.7238371395276424, 1.7222608499289864, 2.211049443282654, 2.8146591159980847, 2.63199168282508, 3.591582227703298, 3.0593282607286345, 2.9148944890682733, 3.0553853343814206, 3.3339891576646097, 3.276028632281304, 3.2515872887705743, 3.205384590570481, 4.016665977300749, 4.016666613086643, 3.821980126001828, 4.016666585908074, 4.016666612863231, 3.2716247153098883, 3.1007496607803766, 2.8775397384572905, 2.8690476190476195], [1.1510634363817869, 1.1565925955820489, 1.150027612682948, 1.148451320098966, 1.2261639173738907, 1.4757702364626086, 1.7034027699786058, 2.2526933800690587, 1.7204393904060538, 1.5760056189964124, 1.7164964500764062, 1.9951002718740711, 1.937139750033124, 1.9126984271022025, 2.064553440366097, 2.6777771531754624, 2.6777777422017515, 2.6310524025913216, 2.677777728130414, 2.67777773921323, 1.932735830054414, 1.9815067637278505, 1.9181932328129314, 1.912698412698413], [0.577253857641109, 0.5827830671921496, 0.5762180874658865, 0.5746417935577159, 0.6204491024935646, 0.7382885056360596, 0.8562297711891201, 0.913804727011602, 0.8679503840240523, 0.7961984844309951, 0.7164241513389937, 0.6562113944547435, 0.5982508709583273, 0.5738096058921722, 0.7976593843409894, 1.3388882982136834, 1.3388888662318288, 1.2921639663298954, 1.33888885864928, 1.3388888606863718, 0.5938469437302473, 0.9282489708913366, 0.9565143993253129, 0.9563492063492065]]
flow_sha256 = "437d17d080ff34f8c3fa93b857decc783154f6718be8c29ff231c40d70b47d7e"
input_sha256 = "d514c3c2e94f962feb65717da43920559b4bcbca8613d2abcef2e1ed292d51b0"
objective_currency_scale = 2.097152e6
objective_kind = "operating_cost_divided_by_frozen_scale"
operation_sha256 = "dd2b2cb059feeebe95767375a4b9e6eb974e544f10e3a9eeacaa4beda6bc049c"
primal = "NEARLY_FEASIBLE_POINT"
rescale_cones = false
seed = 0
solver = "Clarabel"
solver_version = "0.11.1"
status = "incomplete_no_solution"
termination = "ALMOST_OPTIMAL"
threads = 1
variant = "r9_short_pipe_literal_v1"

[operation]
bounded_return = true
core_periods = 24
mode = "VF_VT"
reference_flow = [0.9563492063492065, 9.563492063492065, 3.825396825396826, 2.8690476190476195, 0.9563492063492065, 0.9563492063492065, 4.7817460317460325, 3.825396825396826, 2.8690476190476195, 0.9563492063492065, 0.9563492063492065, 20.33730158730159, 7.650793650793652, 6.6944444444444455, 5.738095238095239, 1.912698412698413, 0.9563492063492065, 2.8690476190476195, 1.912698412698413, 0.9563492063492065, 11.730158730158731, 10.773809523809526, 9.81746031746032, 8.861111111111112, 0.9563492063492065, 6.9484126984126995, 5.738095238095239, 4.7817460317460325, 3.825396825396826, 0.9563492063492065, 1.912698412698413, 0.9563492063492065, 4.7817460317460325, 3.825396825396826, 2.8690476190476195, 1.912698412698413, 0.9563492063492065]
source_temperature_K = 363.15

[source_hashes_at_solve]
"src/algorithms/r3_sensitivity.jl" = "3df89088e79f08b54ca140c45df40aa5d53dd60ee18e068038e67bf205216e42"
"src/components/devices.jl" = "01a86d8bb7bbbf0ad27f79acb099427ec18543a0a4b1b916f411f2e1a4053e2d"
"src/core/case.jl" = "dd5de1049fc740706fa9005f48b60d75e088bc68faa9f6092b9b310e7aaed624"
"src/core/r2_case.jl" = "11026416169278767a8900e84e5fb65f80113e405a4046a44f6b92dc983498d5"
"src/core/r3.jl" = "1a29d3ac34ebf6936b9055b737167e59cf746cc6b5fb1055b8f73db2ebd26f15"
"src/core/r3_operation.jl" = "0766d65a9c5772e8ac51b06142ef33a58b2a07041783ff0902756ce6c55c40b3"
"src/core/r9_inputs.jl" = "be2d4335404b883d81cde43135e352ab399985ef73ee70e6537eb35c23c72cf7"
"src/core/r9_pv.jl" = "8f4e6f87745ba4e9474a1884e4b358dcd5357e03e02296dced3527cfc4949785"
"src/formulations/r1.jl" = "e952963689b39d28dc490066e55c7e5ca2689cd0ce78982a5397b09713466655"
"src/formulations/r2.jl" = "7118267881dc2f362004c14da042ad1e208a87657144538a8e2ec6ce82619c12"
"src/formulations/r3.jl" = "83e7255d85dc0a607a0cf37a232c1e329da070fb9f787f9295380e9ab8495578"
"src/formulations/r9_flow.jl" = "77e4908d9c55f09210552ac9dc06d7595225f082584abbdcc1d18cea67ca8ae0"
"src/formulations/r9_pv.jl" = "345d74bc66c0977a01d7cd1423c01841b13f854999e7e4bf987cdd8953c64da0"
"src/formulations/r9_reduced.jl" = "4289e33cdae925640a20f115bc3559213254d0b7d21dc6214f86cfa224a538b3"
"src/networks/fixed_flow_heat.jl" = "620c069f6b3a520d32ee546ec048074f9cbaa3c785f8c2e31ec7fd7bf245a83b"
"src/networks/r9_short_pipe.jl" = "05bdff61e581ea0c5ea21574fe12c8f357fe4c1491ebcc6fe4288cf4a2486d0a"
"src/networks/water_mass.jl" = "ef76594a25d5a310f8265137e733d811c8dbefcf0aea0b3ff8be5ed7b05bceef"
"src/reporting/r2_runs.jl" = "c0174b63fb559bd87b66604e80018ab5b4a055a4dfe7c0257884ed1955ea1971"
"src/reporting/r3_modes.jl" = "39db6cf0c2226628f47e171a0cdb4f547b81ff0857edc3bf100b65191b564d16"
"src/reporting/r3_runs.jl" = "d58b4c7d4e89bbcae9252d04e531d964e9897f79d8c7cc277c130902f6843416"
"src/reporting/r9_pv.jl" = "f106842c758d291179c246a1b62e4fbd8fc34ac684e24042d603ae282ee136d5"
"src/reporting/r9_reduced.jl" = "5e6168c0ca1fb06f89843ed3ebe46aad2ec558a46e6336ee4622fea2d0ec1ba0"
"src/reporting/runs.jl" = "7cb0ad0bf0bc5ea77af73e08a8261982510ce869caef95e26b7d51730a43b635"
"src/verification/r1.jl" = "c81ba065cd5e6e38e37cc385d89b81e0915c26b10edb2dd0321fd91633c202d3"
"src/verification/r2.jl" = "47fec7dc944afd8d2e5ac99d6885994fa7ce2465c36dfdcf6984d50466391783"
"src/verification/r3.jl" = "82afeb350db18fca6ada3179f87c3d266e21f13bb922ae6841619811ca8dfddb"
"src/verification/r9_flow.jl" = "19676e6bfba28a238962ee812ac9f9431277c202c88878967ae72b06360fbaa4"
"src/verification/r9_pv.jl" = "739b8864ab391b219780f9f7d9d80cf699d3b82b3db79fb800026c2f6f405038"
"src/verification/r9_reduced.jl" = "4dbbc7d0d0816dfa433f010209faddaac90ba5fa65fddbb83d0b1f9dcdf5be18"
"src/verification/r9_sources.jl" = "1b65bc9360e1b1a3816800ecffb442d39336da92db4d11ed7ac055e5fcbeeb60"

[spec]
dynamics = "wmm"
dynamics_product = "exact"
formulation = "wmm_checked_v1"
heat_balance = "exact"
loss = "wmm"
mixing = "exact"
