column,node,t,value_K,relative_K
1,1,1,343.2090532200433,10.059053220043324
2,1,2,343.95781755967835,10.80781755967837
3,1,3,348.56445080571586,15.414450805715887
4,1,4,347.61574111679295,14.46574111679297
5,1,5,343.15000001109365,10.000000011093675
6,1,6,353.962241079184,20.812241079184048
7,1,7,352.2501282096132,19.100128209613217
8,1,8,349.09500402688406,15.945004026884078
9,1,9,349.8408466048138,16.690846604813828
10,1,10,355.2477189794151,22.097718979415106
11,1,11,362.43229510827143,29.282295108271455
12,1,12,368.1496867135661,34.99968671356612
13,1,13,372.7870022512437,39.6370022512437
14,1,14,373.1499999831814,39.9999999831814
15,1,15,373.1499999794148,39.99999997941484
16,1,16,373.149999984723,39.99999998472305
17,1,17,373.14999998848936,39.99999998848938
18,1,18,373.1499999921013,39.99999999210132
19,1,19,373.1499999944012,39.99999999440121
20,1,20,365.8520212524264,32.70202125242645
21,1,21,362.92396021709305,29.773960217093077
22,1,22,363.2403783566274,30.09037835662741
23,1,23,363.1396485156921,29.989648515692124
24,1,24,363.15,30.0
25,15,1,373.1499999948767,39.9999999948767
26,15,2,373.1499999949473,39.9999999949473
27,15,3,373.14999990023387,39.99999990023389
28,15,4,372.0766512027363,38.92665120273631
29,15,5,366.7080837159401,33.55808371594014
30,15,6,343.1500000037539,10.00000000375394
31,15,7,343.1500000037182,10.000000003718242
32,15,8,343.15000000380473,10.000000003804757
33,15,9,343.1500000015273,10.000000001527326
34,15,10,343.15000000147205,10.000000001472074
35,15,11,343.1500000014124,10.000000001412445
36,15,12,343.1500000013407,10.000000001340709
37,15,13,343.15000000257737,10.000000002577394
38,15,14,343.15000000255594,10.000000002555964
39,15,15,343.15000000257675,10.000000002576769
40,15,16,343.15000000266167,10.000000002661693
41,15,17,343.1500000028814,10.00000000288145
42,15,18,343.15000000140344,10.000000001403464
43,15,19,343.15000000145653,10.000000001456556
44,15,20,343.1500000015977,10.000000001597698
45,15,21,345.9713599990969,12.821359999096899
46,15,22,361.7999822627268,28.649982262726837
47,15,23,363.1669387956234,30.016938795623446
48,15,24,363.14376565693334,29.993765656933363
