row,column,coefficient
1,1,0.0
1,2,0.0
1,3,0.0
1,4,0.0
1,5,0.0
1,6,0.0
1,7,0.0
1,8,0.0
1,9,0.0
1,10,0.0
1,11,0.0
1,12,0.0
1,13,0.0
1,14,0.0
1,15,0.0
1,16,0.0
1,17,0.0
1,18,0.0
1,19,0.0
1,20,0.0
1,21,0.0
1,22,0.0
1,23,0.0
1,24,1.0
1,25,0.0
1,26,0.0
1,27,0.0
1,28,0.0
1,29,0.0
1,30,0.0
1,31,0.0
1,32,0.0
1,33,0.0
1,34,0.0
1,35,0.0
1,36,0.0
1,37,0.0
1,38,0.0
1,39,0.0
1,40,0.0
1,41,0.0
1,42,0.0
1,43,0.0
1,44,0.0
1,45,0.0
1,46,0.0
1,47,0.0
1,48,0.0
2,1,0.0
2,2,0.0
2,3,0.0
2,4,0.0
2,5,0.0
2,6,0.0
2,7,0.0
2,8,0.0
2,9,0.0
2,10,0.0
2,11,0.0
2,12,0.0
2,13,0.0
2,14,0.0
2,15,0.0
2,16,0.0
2,17,0.0
2,18,0.0
2,19,0.0
2,20,0.0
2,21,0.0
2,22,0.0
2,23,0.16422717851371593
2,24,0.8211358925685797
2,25,0.0
2,26,0.0
2,27,0.0
2,28,0.0
2,29,0.0
2,30,0.0
2,31,0.0
2,32,0.0
2,33,0.0
2,34,0.0
2,35,0.0
2,36,0.0
2,37,0.0
2,38,0.0
2,39,0.0
2,40,0.0
2,41,0.0
2,42,0.0
2,43,0.0
2,44,0.0
2,45,0.0
2,46,0.0
2,47,0.0
2,48,0.0
3,1,0.0
3,2,0.0
3,3,0.0
3,4,0.0
3,5,0.0
3,6,0.0
3,7,0.0
3,8,0.0
3,9,0.0
3,10,0.0
3,11,0.0
3,12,0.0
3,13,0.0
3,14,0.0
3,15,0.0
3,16,0.0
3,17,0.0
3,18,0.0
3,19,0.0
3,20,0.0
3,21,0.0
3,22,0.0
3,23,0.0
3,24,1.0
3,25,0.0
3,26,0.0
3,27,0.0
3,28,0.0
3,29,0.0
3,30,0.0
3,31,0.0
3,32,0.0
3,33,0.0
3,34,0.0
3,35,0.0
3,36,0.0
3,37,0.0
3,38,0.0
3,39,0.0
3,40,0.0
3,41,0.0
3,42,0.0
3,43,0.0
3,44,0.0
3,45,0.0
3,46,0.0
3,47,0.0
3,48,0.0
4,1,0.0
4,2,0.0
4,3,0.0
4,4,0.0
4,5,0.0
4,6,0.0
4,7,0.0
4,8,0.0
4,9,0.0
4,10,0.0
4,11,0.0
4,12,0.0
4,13,0.0
4,14,0.0
4,15,5.469770131317619e-8
4,16,1.8124073180331858e-6
4,17,3.006603968450014e-5
4,18,0.0002726628760474693
4,19,0.001796818804444231
4,20,0.009630705658719164
4,21,0.06250144300549446
4,22,0.1571360293079786
4,23,0.34232234842809406
4,24,0.392032486812026
4,25,0.0
4,26,0.0
4,27,0.0
4,28,0.0
4,29,0.0
4,30,0.0
4,31,0.0
4,32,0.0
4,33,0.0
4,34,0.0
4,35,0.0
4,36,0.0
4,37,0.0
4,38,0.0
4,39,0.0
4,40,0.0
4,41,0.0
4,42,0.0
4,43,0.0
4,44,0.0
4,45,0.0
4,46,0.0
4,47,0.0
4,48,0.0
5,1,0.0
5,2,0.0
5,3,0.0
5,4,0.0
5,5,0.0
5,6,0.0
5,7,0.0
5,8,0.0
5,9,0.0
5,10,0.0
5,11,0.0
5,12,0.0
5,13,0.0
5,14,0.0
5,15,0.0
5,16,0.0
5,17,0.0
5,18,0.0
5,19,0.0
5,20,0.0
5,21,0.0
5,22,0.0
5,23,0.16621704098879095
5,24,0.8310852049439545
5,25,0.0
5,26,0.0
5,27,0.0
5,28,0.0
5,29,0.0
5,30,0.0
5,31,0.0
5,32,0.0
5,33,0.0
5,34,0.0
5,35,0.0
5,36,0.0
5,37,0.0
5,38,0.0
5,39,0.0
5,40,0.0
5,41,0.0
5,42,0.0
5,43,0.0
5,44,0.0
5,45,0.0
5,46,0.0
5,47,0.0
5,48,0.0
6,1,0.0
6,2,0.0
6,3,0.0
6,4,0.0
6,5,0.0
6,6,0.0
6,7,0.0
6,8,0.0
6,9,0.0
6,10,0.0
6,11,0.0
6,12,0.0
6,13,0.0
6,14,0.0
6,15,0.0
6,16,0.0
6,17,0.0
6,18,1.583944698693381e-5
6,19,0.00028538325458098385
6,20,0.0030605178385471462
6,21,0.033343878511958844
6,22,0.12596044046549273
6,23,0.3559324884183471
6,24,0.44960307883850265
6,25,0.0
6,26,0.0
6,27,0.0
6,28,0.0
6,29,0.0
6,30,0.0
6,31,0.0
6,32,0.0
6,33,0.0
6,34,0.0
6,35,0.0
6,36,0.0
6,37,0.0
6,38,0.0
6,39,0.0
6,40,0.0
6,41,0.0
6,42,0.0
6,43,0.0
6,44,0.0
6,45,0.0
6,46,0.0
6,47,0.0
6,48,0.0
7,1,0.0
7,2,0.0
7,3,0.0
7,4,0.0
7,5,0.0
7,6,0.0
7,7,0.0
7,8,0.0
7,9,0.0
7,10,0.0
7,11,0.0
7,12,0.0
7,13,0.0
7,14,0.0
7,15,0.0
7,16,0.0
7,17,0.0
7,18,0.0
7,19,0.0
7,20,0.0
7,21,0.0
7,22,0.027117584273396174
7,23,0.27600386146404066
7,24,0.688986058197907
7,25,0.0
7,26,0.0
7,27,0.0
7,28,0.0
7,29,0.0
7,30,0.0
7,31,0.0
7,32,0.0
7,33,0.0
7,34,0.0
7,35,0.0
7,36,0.0
7,37,0.0
7,38,0.0
7,39,0.0
7,40,0.0
7,41,0.0
7,42,0.0
7,43,0.0
7,44,0.0
7,45,0.0
7,46,0.0
7,47,0.0
7,48,0.0
8,1,0.0
8,2,0.0
8,3,0.0
8,4,0.0
8,5,0.0
8,6,0.0
8,7,0.0
8,8,0.0
8,9,0.0
8,10,0.0
8,11,0.0
8,12,0.0
8,13,0.0
8,14,0.0
8,15,0.0
8,16,0.0
8,17,0.0
8,18,0.0
8,19,7.371056314879233e-5
8,20,0.0015727444027436928
8,21,0.02507762355656362
8,22,0.12133338352050335
8,23,0.3718205285681975
8,24,0.44660921377092644
8,25,0.0
8,26,0.0
8,27,0.0
8,28,0.0
8,29,0.0
8,30,0.0
8,31,0.0
8,32,0.0
8,33,0.0
8,34,0.0
8,35,0.0
8,36,0.0
8,37,0.0
8,38,0.0
8,39,0.0
8,40,0.0
8,41,0.0
8,42,0.0
8,43,0.0
8,44,0.0
8,45,0.0
8,46,0.0
8,47,0.0
8,48,0.0
9,1,0.0
9,2,0.0
9,3,0.0
9,4,0.0
9,5,0.0
9,6,0.0
9,7,0.0
9,8,0.0
9,9,0.0
9,10,0.0
9,11,0.0
9,12,0.0
9,13,0.0
9,14,0.0
9,15,0.0
9,16,0.0
9,17,0.0
9,18,0.0
9,19,0.0
9,20,0.0
9,21,0.005188014042077464
9,22,0.06695084170542934
9,23,0.3430871654666873
9,24,0.5705056383448646
9,25,0.0
9,26,0.0
9,27,0.0
9,28,0.0
9,29,0.0
9,30,0.0
9,31,0.0
9,32,0.0
9,33,0.0
9,34,0.0
9,35,0.0
9,36,0.0
9,37,0.0
9,38,0.0
9,39,0.0
9,40,0.0
9,41,0.0
9,42,0.0
9,43,0.0
9,44,0.0
9,45,0.0
9,46,0.0
9,47,0.0
9,48,0.0
10,1,0.0
10,2,0.0
10,3,0.0
10,4,0.0
10,5,0.0
10,6,0.0
10,7,0.0
10,8,0.0
10,9,0.0
10,10,0.0
10,11,0.0
10,12,0.0
10,13,0.0
10,14,0.0
10,15,0.0
10,16,0.0
10,17,0.0
10,18,0.0
10,19,0.0
10,20,0.0005928422987123426
10,21,0.017039375503514937
10,22,0.10910791332204678
10,23,0.3760560939890506
10,24,0.46845626284422753
10,25,0.0
10,26,0.0
10,27,0.0
10,28,0.0
10,29,0.0
10,30,0.0
10,31,0.0
10,32,0.0
10,33,0.0
10,34,0.0
10,35,0.0
10,36,0.0
10,37,0.0
10,38,0.0
10,39,0.0
10,40,0.0
10,41,0.0
10,42,0.0
10,43,0.0
10,44,0.0
10,45,0.0
10,46,0.0
10,47,0.0
10,48,0.0
11,1,0.0
11,2,0.0
11,3,0.0
11,4,0.0
11,5,0.0
11,6,0.0
11,7,0.0
11,8,0.0
11,9,0.0
11,10,0.0
11,11,0.0
11,12,0.0
11,13,0.0
11,14,0.0
11,15,0.0
11,16,0.0
11,17,0.0
11,18,0.0
11,19,0.0
11,20,0.0
11,21,0.005188014042077464
11,22,0.06695084170542934
11,23,0.3430871654666873
11,24,0.5705056383448646
11,25,0.0
11,26,0.0
11,27,0.0
11,28,0.0
11,29,0.0
11,30,0.0
11,31,0.0
11,32,0.0
11,33,0.0
11,34,0.0
11,35,0.0
11,36,0.0
11,37,0.0
11,38,0.0
11,39,0.0
11,40,0.0
11,41,0.0
11,42,0.0
11,43,0.0
11,44,0.0
11,45,0.0
11,46,0.0
11,47,0.0
11,48,0.0
12,1,0.0
12,2,0.0
12,3,0.0
12,4,0.0
12,5,0.0
12,6,0.0
12,7,0.0
12,8,0.0
12,9,0.0
12,10,0.0
12,11,0.0
12,12,0.0
12,13,0.0
12,14,0.0
12,15,0.0
12,16,0.0
12,17,0.0
12,18,0.0
12,19,0.0
12,20,0.0005928422987123426
12,21,0.017039375503514937
12,22,0.10910791332204678
12,23,0.3760560939890506
12,24,0.46845626284422753
12,25,0.0
12,26,0.0
12,27,0.0
12,28,0.0
12,29,0.0
12,30,0.0
12,31,0.0
12,32,0.0
12,33,0.0
12,34,0.0
12,35,0.0
12,36,0.0
12,37,0.0
12,38,0.0
12,39,0.0
12,40,0.0
12,41,0.0
12,42,0.0
12,43,0.0
12,44,0.0
12,45,0.0
12,46,0.0
12,47,0.0
12,48,0.0
13,1,0.0
13,2,0.0
13,3,0.0
13,4,0.0
13,5,0.0
13,6,0.0
13,7,0.0
13,8,0.0
13,9,0.0
13,10,0.0
13,11,0.0
13,12,0.0
13,13,0.0
13,14,0.0
13,15,0.0
13,16,0.0
13,17,0.0
13,18,0.0
13,19,0.0
13,20,0.0
13,21,0.0
13,22,0.0
13,23,0.16621704098879095
13,24,0.8310852049439545
13,25,0.0
13,26,0.0
13,27,0.0
13,28,0.0
13,29,0.0
13,30,0.0
13,31,0.0
13,32,0.0
13,33,0.0
13,34,0.0
13,35,0.0
13,36,0.0
13,37,0.0
13,38,0.0
13,39,0.0
13,40,0.0
13,41,0.0
13,42,0.0
13,43,0.0
13,44,0.0
13,45,0.0
13,46,0.0
13,47,0.0
13,48,0.0
14,1,0.0
14,2,0.0
14,3,0.0
14,4,0.0
14,5,0.0
14,6,0.0
14,7,0.0
14,8,0.0
14,9,0.0
14,10,0.0
14,11,0.0
14,12,0.0
14,13,0.0
14,14,0.0
14,15,0.0
14,16,5.479140613073356e-7
14,17,1.612741750347749e-5
14,18,0.0001934497287944357
14,19,0.0015267017384506035
14,20,0.008976020515307753
14,21,0.06086569997674101
14,22,0.15796655402365667
14,23,0.35086088471338306
14,24,0.38529445060068
14,25,0.0
14,26,0.0
14,27,0.0
14,28,0.0
14,29,0.0
14,30,0.0
14,31,0.0
14,32,0.0
14,33,0.0
14,34,0.0
14,35,0.0
14,36,0.0
14,37,0.0
14,38,0.0
14,39,0.0
14,40,0.0
14,41,0.0
14,42,0.0
14,43,0.0
14,44,0.0
14,45,0.0
14,46,0.0
14,47,0.0
14,48,0.0
15,1,0.0
15,2,0.0
15,3,0.0
15,4,0.0
15,5,0.0
15,6,0.0
15,7,0.0
15,8,0.0
15,9,0.0
15,10,0.0
15,11,0.0
15,12,0.0
15,13,0.0
15,14,0.0
15,15,0.0
15,16,0.0
15,17,0.0
15,18,0.0
15,19,0.0
15,20,0.0
15,21,0.0
15,22,0.027138583554082534
15,23,0.27621759298595533
15,24,0.6895195943521314
15,25,0.0
15,26,0.0
15,27,0.0
15,28,0.0
15,29,0.0
15,30,0.0
15,31,0.0
15,32,0.0
15,33,0.0
15,34,0.0
15,35,0.0
15,36,0.0
15,37,0.0
15,38,0.0
15,39,0.0
15,40,0.0
15,41,0.0
15,42,0.0
15,43,0.0
15,44,0.0
15,45,0.0
15,46,0.0
15,47,0.0
15,48,0.0
16,1,0.0
16,2,0.0
16,3,0.0
16,4,0.0
16,5,0.0
16,6,0.0
16,7,0.0
16,8,0.0
16,9,0.0
16,10,0.0
16,11,0.0
16,12,0.0
16,13,0.0
16,14,0.0
16,15,0.0
16,16,0.0
16,17,3.229392993077691e-6
16,18,7.358271863054436e-5
16,19,0.0008469852538986432
16,20,0.006359177189916786
16,21,0.052800564797942845
16,22,0.16045723909212978
16,23,0.37034530279112754
16,24,0.37301154623452515
16,25,0.0
16,26,0.0
16,27,0.0
16,28,0.0
16,29,0.0
16,30,0.0
16,31,0.0
16,32,0.0
16,33,0.0
16,34,0.0
16,35,0.0
16,36,0.0
16,37,0.0
16,38,0.0
16,39,0.0
16,40,0.0
16,41,0.0
16,42,0.0
16,43,0.0
16,44,0.0
16,45,0.0
16,46,0.0
16,47,0.0
16,48,0.0
17,1,0.0
17,2,0.0
17,3,0.0
17,4,0.0
17,5,0.0
17,6,0.0
17,7,0.0
17,8,0.0
17,9,0.0
17,10,0.0
17,11,0.0
17,12,0.0
17,13,0.0
17,14,0.0
17,15,0.0
17,16,0.0
17,17,0.0
17,18,0.0
17,19,0.0
17,20,0.0
17,21,0.005193165515815754
17,22,0.0670689828328141
17,23,0.3438033438262934
17,24,0.5716331733131954
17,25,0.0
17,26,0.0
17,27,0.0
17,28,0.0
17,29,0.0
17,30,0.0
17,31,0.0
17,32,0.0
17,33,0.0
17,34,0.0
17,35,0.0
17,36,0.0
17,37,0.0
17,38,0.0
17,39,0.0
17,40,0.0
17,41,0.0
17,42,0.0
17,43,0.0
17,44,0.0
17,45,0.0
17,46,0.0
17,47,0.0
17,48,0.0
18,1,0.0
18,2,0.0
18,3,0.0
18,4,0.0
18,5,0.0
18,6,0.0
18,7,0.0
18,8,0.0
18,9,0.0
18,10,0.0
18,11,0.0
18,12,0.0
18,13,0.0
18,14,0.0
18,15,0.0
18,16,0.0
18,17,0.0
18,18,1.7658049562893e-5
18,19,0.0003869380774468261
18,20,0.004162598750639367
18,21,0.04464640199925095
18,22,0.15928574863060851
18,23,0.3831470045932699
18,24,0.3705276694370302
18,25,0.0
18,26,0.0
18,27,0.0
18,28,0.0
18,29,0.0
18,30,0.0
18,31,0.0
18,32,0.0
18,33,0.0
18,34,0.0
18,35,0.0
18,36,0.0
18,37,0.0
18,38,0.0
18,39,0.0
18,40,0.0
18,41,0.0
18,42,0.0
18,43,0.0
18,44,0.0
18,45,0.0
18,46,0.0
18,47,0.0
18,48,0.0
19,1,0.0
19,2,0.0
19,3,0.0
19,4,0.0
19,5,0.0
19,6,0.0
19,7,0.0
19,8,0.0
19,9,0.0
19,10,0.0
19,11,0.0
19,12,0.0
19,13,0.0
19,14,0.0
19,15,0.0
19,16,0.0
19,17,0.0
19,18,0.0
19,19,0.0
19,20,0.000585120454930964
19,21,0.01714185721258279
19,22,0.11035571690805956
19,23,0.37993593315313445
19,24,0.47332372540787615
19,25,0.0
19,26,0.0
19,27,0.0
19,28,0.0
19,29,0.0
19,30,0.0
19,31,0.0
19,32,0.0
19,33,0.0
19,34,0.0
19,35,0.0
19,36,0.0
19,37,0.0
19,38,0.0
19,39,0.0
19,40,0.0
19,41,0.0
19,42,0.0
19,43,0.0
19,44,0.0
19,45,0.0
19,46,0.0
19,47,0.0
19,48,0.0
20,1,0.0
20,2,0.0
20,3,0.0
20,4,0.0
20,5,0.0
20,6,0.0
20,7,0.0
20,8,0.0
20,9,0.0
20,10,0.0
20,11,0.0
20,12,0.0
20,13,0.0
20,14,0.0
20,15,0.0
20,16,0.0
20,17,0.0
20,18,0.0
20,19,0.00011983265572488924
20,20,0.002402730102143736
20,21,0.03530178745621109
20,22,0.15010548799062762
20,23,0.3903049004686845
20,24,0.38865361284819483
20,25,0.0
20,26,0.0
20,27,0.0
20,28,0.0
20,29,0.0
20,30,0.0
20,31,0.0
20,32,0.0
20,33,0.0
20,34,0.0
20,35,0.0
20,36,0.0
20,37,0.0
20,38,0.0
20,39,0.0
20,40,0.0
20,41,0.0
20,42,0.0
20,43,0.0
20,44,0.0
20,45,0.0
20,46,0.0
20,47,0.0
20,48,0.0
21,1,0.0
21,2,0.0
21,3,0.0
21,4,0.0
21,5,0.0
21,6,0.0
21,7,0.0
21,8,0.0
21,9,0.0
21,10,0.0
21,11,0.0
21,12,0.0
21,13,0.0
21,14,0.0
21,15,0.0
21,16,0.0
21,17,0.0
21,18,0.0
21,19,0.0
21,20,0.000585120454930964
21,21,0.01714185721258279
21,22,0.11035571690805956
21,23,0.37993593315313445
21,24,0.47332372540787615
21,25,0.0
21,26,0.0
21,27,0.0
21,28,0.0
21,29,0.0
21,30,0.0
21,31,0.0
21,32,0.0
21,33,0.0
21,34,0.0
21,35,0.0
21,36,0.0
21,37,0.0
21,38,0.0
21,39,0.0
21,40,0.0
21,41,0.0
21,42,0.0
21,43,0.0
21,44,0.0
21,45,0.0
21,46,0.0
21,47,0.0
21,48,0.0
22,1,0.0
22,2,0.0
22,3,0.0
22,4,0.0
22,5,0.0
22,6,0.0
22,7,0.0
22,8,0.0
22,9,0.0
22,10,0.0
22,11,0.0
22,12,0.0
22,13,0.0
22,14,0.0
22,15,0.0
22,16,0.0
22,17,0.0
22,18,0.0
22,19,0.00011983265572488925
22,20,0.0024027301021437362
22,21,0.0353017874562111
22,22,0.15010548799062762
22,23,0.3903049004686845
22,24,0.38865361284819483
22,25,0.0
22,26,0.0
22,27,0.0
22,28,0.0
22,29,0.0
22,30,0.0
22,31,0.0
22,32,0.0
22,33,0.0
22,34,0.0
22,35,0.0
22,36,0.0
22,37,0.0
22,38,0.0
22,39,0.0
22,40,0.0
22,41,0.0
22,42,0.0
22,43,0.0
22,44,0.0
22,45,0.0
22,46,0.0
22,47,0.0
22,48,0.0
23,1,0.0
23,2,0.0
23,3,0.0
23,4,0.0
23,5,0.0
23,6,0.0
23,7,0.0
23,8,0.0
23,9,0.0
23,10,0.0
23,11,0.0
23,12,0.0
23,13,0.0
23,14,0.0
23,15,0.0
23,16,0.0
23,17,0.0
23,18,0.0
23,19,0.0
23,20,0.0
23,21,0.0
23,22,0.0
23,23,0.0
23,24,1.0
23,25,0.0
23,26,0.0
23,27,0.0
23,28,0.0
23,29,0.0
23,30,0.0
23,31,0.0
23,32,0.0
23,33,0.0
23,34,0.0
23,35,0.0
23,36,0.0
23,37,0.0
23,38,0.0
23,39,0.0
23,40,0.0
23,41,0.0
23,42,0.0
23,43,0.0
23,44,0.0
23,45,0.0
23,46,0.0
23,47,0.0
23,48,0.0
24,1,0.0
24,2,0.0
24,3,1.010751298123244e-18
24,4,5.151739285963287e-17
24,5,1.6274252477275958e-15
24,6,4.8047189017510834e-14
24,7,1.0791241968635617e-12
24,8,2.0522163220944105e-11
24,9,3.330942644261434e-10
24,10,4.441316113561959e-9
24,11,4.73374797469947e-8
24,12,4.1217592818402794e-7
24,13,3.0016171864076503e-6
24,14,1.958514493694961e-5
24,15,0.00010806677452905053
24,16,0.000546146028292231
24,17,0.0024888404463786597
24,18,0.009410126877573645
24,19,0.02451840162465464
24,20,0.05659698331311078
24,21,0.1381344897501189
24,22,0.15830410496941433
24,23,0.2471805293415777
24,24,0.21520936971461066
24,25,0.0
24,26,0.0
24,27,0.0
24,28,0.0
24,29,0.0
24,30,0.0
24,31,0.0
24,32,0.0
24,33,1.2794309815027808e-14
24,34,7.131976908302555e-13
24,35,1.9571741812084004e-11
24,36,3.711070943084452e-10
24,37,5.6580273210913716e-9
24,38,7.238186963050527e-8
24,39,8.339132416400596e-7
24,40,7.822593361427233e-6
24,41,5.594005654787471e-5
24,42,0.00031258617983359073
24,43,0.001372826785075013
24,44,0.004532892378078916
24,45,0.010972182948570112
24,46,0.04362485468908718
24,47,0.029605780217353907
24,48,0.016461762432231353
25,1,0.0
25,2,0.0
25,3,0.0
25,4,0.0
25,5,0.0
25,6,0.0
25,7,0.0
25,8,0.0
25,9,0.0
25,10,0.0
25,11,0.0
25,12,0.0
25,13,0.0
25,14,0.0
25,15,0.0
25,16,0.0
25,17,0.0
25,18,0.0
25,19,0.0
25,20,0.0
25,21,0.0
25,22,0.0
25,23,0.1663972816178793
25,24,0.8319864080893966
25,25,0.0
25,26,0.0
25,27,0.0
25,28,0.0
25,29,0.0
25,30,0.0
25,31,0.0
25,32,0.0
25,33,0.0
25,34,0.0
25,35,0.0
25,36,0.0
25,37,0.0
25,38,0.0
25,39,0.0
25,40,0.0
25,41,0.0
25,42,0.0
25,43,0.0
25,44,0.0
25,45,0.0
25,46,0.0
25,47,0.0
25,48,0.0
26,1,0.0
26,2,0.0
26,3,0.0
26,4,0.0
26,5,0.0
26,6,0.0
26,7,0.0
26,8,0.0
26,9,0.0
26,10,0.0
26,11,0.0
26,12,2.9381405467851074e-10
26,13,9.688839404607335e-9
26,14,1.5902295590564977e-7
26,15,2.0966062475397314e-6
26,16,2.3044170213856527e-5
26,17,0.00018799590566151946
26,18,0.0011778290796696344
26,19,0.005867313392076453
26,20,0.026772890385745853
26,21,0.11305118636218779
26,22,0.18868171481731266
26,23,0.3330269081249877
26,24,0.2942753194607016
26,25,0.0
26,26,0.0
26,27,0.0
26,28,0.0
26,29,0.0
26,30,0.0
26,31,0.0
26,32,0.0
26,33,0.0
26,34,0.0
26,35,0.0
26,36,0.0
26,37,0.0
26,38,0.0
26,39,0.0
26,40,0.0
26,41,0.0
26,42,0.0
26,43,0.0
26,44,0.0
26,45,0.0
26,46,0.0
26,47,0.0
26,48,0.0
27,1,0.0
27,2,0.0
27,3,0.0
27,4,0.0
27,5,0.0
27,6,0.0
27,7,0.0
27,8,0.0
27,9,0.0
27,10,0.0
27,11,0.0
27,12,0.0
27,13,0.0
27,14,0.0
27,15,0.0
27,16,0.0
27,17,0.0
27,18,0.0
27,19,0.0
27,20,0.0
27,21,0.0
27,22,0.026913347271223728
27,23,0.2771564968807686
27,24,0.6911296453054775
27,25,0.0
27,26,0.0
27,27,0.0
27,28,0.0
27,29,0.0
27,30,0.0
27,31,0.0
27,32,0.0
27,33,0.0
27,34,0.0
27,35,0.0
27,36,0.0
27,37,0.0
27,38,0.0
27,39,0.0
27,40,0.0
27,41,0.0
27,42,0.0
27,43,0.0
27,44,0.0
27,45,0.0
27,46,0.0
27,47,0.0
27,48,0.0
28,1,0.0
28,2,0.0
28,3,0.0
28,4,0.0
28,5,0.0
28,6,0.0
28,7,0.0
28,8,0.0
28,9,0.0
28,10,0.0
28,11,0.0
28,12,0.0
28,13,1.2926676880560223e-9
28,14,3.8343162115338676e-8
28,15,7.248029926429585e-7
28,16,1.0070820466593449e-5
28,17,9.90766137346192e-5
28,18,0.0007323215604350107
28,19,0.0042056597841226085
28,20,0.02168081522257019
28,21,0.10362820357813497
28,22,0.19364428383864613
28,23,0.35170054807809337
28,24,0.28608114254686456
28,25,0.0
28,26,0.0
28,27,0.0
28,28,0.0
28,29,0.0
28,30,0.0
28,31,0.0
28,32,0.0
28,33,0.0
28,34,0.0
28,35,0.0
28,36,0.0
28,37,0.0
28,38,0.0
28,39,0.0
28,40,0.0
28,41,0.0
28,42,0.0
28,43,0.0
28,44,0.0
28,45,0.0
28,46,0.0
28,47,0.0
28,48,0.0
29,1,0.0
29,2,0.0
29,3,0.0
29,4,0.0
29,5,0.0
29,6,0.0
29,7,0.0
29,8,0.0
29,9,0.0
29,10,0.0
29,11,0.0
29,12,0.0
29,13,0.0
29,14,0.0
29,15,0.0
29,16,0.0
29,17,0.0
29,18,0.0
29,19,0.0
29,20,0.0
29,21,0.005470023568914588
29,22,0.06660408740261385
29,23,0.34567516874303755
29,24,0.5739625280713504
29,25,0.0
29,26,0.0
29,27,0.0
29,28,0.0
29,29,0.0
29,30,0.0
29,31,0.0
29,32,0.0
29,33,0.0
29,34,0.0
29,35,0.0
29,36,0.0
29,37,0.0
29,38,0.0
29,39,0.0
29,40,0.0
29,41,0.0
29,42,0.0
29,43,0.0
29,44,0.0
29,45,0.0
29,46,0.0
29,47,0.0
29,48,0.0
30,1,0.0
30,2,0.0
30,3,0.0
30,4,0.0
30,5,0.0
30,6,0.0
30,7,0.0
30,8,0.0
30,9,0.0
30,10,0.0
30,11,0.0
30,12,0.0
30,13,0.0
30,14,4.592629290277479e-9
30,15,1.7376279568080153e-7
30,16,3.4933732923404467e-6
30,17,4.498339482476612e-5
30,18,0.00041367614658883393
30,19,0.002835034347327019
30,20,0.016917020990477916
30,21,0.09302725280182653
30,22,0.19477056426813896
30,23,0.3656956236846823
30,24,0.28681979869210045
30,25,0.0
30,26,0.0
30,27,0.0
30,28,0.0
30,29,0.0
30,30,0.0
30,31,0.0
30,32,0.0
30,33,0.0
30,34,0.0
30,35,0.0
30,36,0.0
30,37,0.0
30,38,0.0
30,39,0.0
30,40,0.0
30,41,0.0
30,42,0.0
30,43,0.0
30,44,0.0
30,45,0.0
30,46,0.0
30,47,0.0
30,48,0.0
31,1,0.0
31,2,0.0
31,3,0.0
31,4,0.0
31,5,0.0
31,6,0.0
31,7,0.0
31,8,0.0
31,9,0.0
31,10,0.0
31,11,0.0
31,12,0.0
31,13,0.0
31,14,0.0
31,15,0.0
31,16,0.0
31,17,0.0
31,18,0.0
31,19,0.0
31,20,0.0006335328054824826
31,21,0.018066847710008875
31,22,0.10931113589238647
31,23,0.3833494426642652
31,24,0.4764699012975883
31,25,0.0
31,26,0.0
31,27,0.0
31,28,0.0
31,29,0.0
31,30,0.0
31,31,0.0
31,32,0.0
31,33,0.0
31,34,0.0
31,35,0.0
31,36,0.0
31,37,0.0
31,38,0.0
31,39,0.0
31,40,0.0
31,41,0.0
31,42,0.0
31,43,0.0
31,44,0.0
31,45,0.0
31,46,0.0
31,47,0.0
31,48,0.0
32,1,0.0
32,2,0.0
32,3,0.0
32,4,0.0
32,5,0.0
32,6,0.0
32,7,0.0
32,8,0.0
32,9,0.0
32,10,0.0
32,11,0.0
32,12,0.0
32,13,0.0
32,14,0.0
32,15,0.0
32,16,0.0
32,17,1.471644302986448e-6
32,18,4.8135327133093684e-5
32,19,0.0007360826993139621
32,20,0.007598064531796879
32,21,0.06323882081157572
32,22,0.1776960509911074
32,23,0.38613713011984263
32,24,0.32950872836918255
32,25,0.0
32,26,0.0
32,27,0.0
32,28,0.0
32,29,0.0
32,30,0.0
32,31,0.0
32,32,0.0
32,33,0.0
32,34,0.0
32,35,0.0
32,36,0.0
32,37,0.0
32,38,0.0
32,39,0.0
32,40,0.0
32,41,0.0
32,42,0.0
32,43,0.0
32,44,0.0
32,45,0.0
32,46,0.0
32,47,0.0
32,48,0.0
33,1,0.0
33,2,0.0
33,3,0.0
33,4,0.0
33,5,0.0
33,6,0.0
33,7,0.0
33,8,0.0
33,9,0.0
33,10,0.0
33,11,0.0
33,12,0.0
33,13,0.0
33,14,0.0
33,15,0.0
33,16,0.0
33,17,0.0
33,18,0.0
33,19,9.309945959337377e-5
33,20,0.002600345321387765
33,21,0.03727871268481486
33,22,0.14886358386594228
33,23,0.3967443699085181
33,24,0.39363580985506624
33,25,0.0
33,26,0.0
33,27,0.0
33,28,0.0
33,29,0.0
33,30,0.0
33,31,0.0
33,32,0.0
33,33,0.0
33,34,0.0
33,35,0.0
33,36,0.0
33,37,0.0
33,38,0.0
33,39,0.0
33,40,0.0
33,41,0.0
33,42,0.0
33,43,0.0
33,44,0.0
33,45,0.0
33,46,0.0
33,47,0.0
33,48,0.0
34,1,0.0
34,2,0.0
34,3,0.0
34,4,0.0
34,5,0.0
34,6,0.0
34,7,0.0
34,8,0.0
34,9,0.0
34,10,0.0
34,11,0.0
34,12,0.0
34,13,0.0
34,14,0.0
34,15,0.0
34,16,0.0
34,17,0.0
34,18,1.6689211553326193e-5
34,19,0.00047863310485629304
34,20,0.006500329055633637
34,21,0.06156218253410623
34,22,0.18139041819301582
34,23,0.391553237207024
34,24,0.323208476825065
34,25,0.0
34,26,0.0
34,27,0.0
34,28,0.0
34,29,0.0
34,30,0.0
34,31,0.0
34,32,0.0
34,33,0.0
34,34,0.0
34,35,0.0
34,36,0.0
34,37,0.0
34,38,0.0
34,39,0.0
34,40,0.0
34,41,0.0
34,42,0.0
34,43,0.0
34,44,0.0
34,45,0.0
34,46,0.0
34,47,0.0
34,48,0.0
35,1,0.0
35,2,0.0
35,3,0.0
35,4,0.0
35,5,0.0
35,6,0.0
35,7,0.0
35,8,0.0
35,9,0.0
35,10,0.0
35,11,0.0
35,12,0.0
35,13,0.0
35,14,0.0
35,15,0.0
35,16,0.0
35,17,0.0
35,18,0.0
35,19,0.0
35,20,0.0006335328054824826
35,21,0.018066847710008875
35,22,0.10931113589238647
35,23,0.3833494426642652
35,24,0.4764699012975883
35,25,0.0
35,26,0.0
35,27,0.0
35,28,0.0
35,29,0.0
35,30,0.0
35,31,0.0
35,32,0.0
35,33,0.0
35,34,0.0
35,35,0.0
35,36,0.0
35,37,0.0
35,38,0.0
35,39,0.0
35,40,0.0
35,41,0.0
35,42,0.0
35,43,0.0
35,44,0.0
35,45,0.0
35,46,0.0
35,47,0.0
35,48,0.0
36,1,0.0
36,2,0.0
36,3,0.0
36,4,0.0
36,5,0.0
36,6,0.0
36,7,0.0
36,8,0.0
36,9,0.0
36,10,0.0
36,11,0.0
36,12,0.0
36,13,0.0
36,14,0.0
36,15,4.207555712960531e-8
36,16,1.5957252830461872e-6
36,17,2.902089264239337e-5
36,18,0.0003267281355998822
36,19,0.0025050183899891624
36,20,0.015955031423040972
36,21,0.09196618821440831
36,22,0.1977313049563204
36,23,0.36998010891162825
36,24,0.28179587461031375
36,25,0.0
36,26,0.0
36,27,0.0
36,28,0.0
36,29,0.0
36,30,0.0
36,31,0.0
36,32,0.0
36,33,0.0
36,34,0.0
36,35,0.0
36,36,0.0
36,37,0.0
36,38,0.0
36,39,0.0
36,40,0.0
36,41,0.0
36,42,0.0
36,43,0.0
36,44,0.0
36,45,0.0
36,46,0.0
36,47,0.0
36,48,0.0
37,1,0.0
37,2,0.0
37,3,0.0
37,4,0.0
37,5,0.0
37,6,0.0
37,7,0.0
37,8,0.0
37,9,0.0
37,10,0.0
37,11,0.0
37,12,0.0
37,13,0.0
37,14,0.0
37,15,0.0
37,16,0.0
37,17,0.0
37,18,0.0
37,19,9.331060766092504e-5
37,20,0.002606242862490313
37,21,0.03736326020183135
37,22,0.14920120406480625
37,23,0.39764417971819793
37,24,0.3945285695008567
37,25,0.0
37,26,0.0
37,27,0.0
37,28,0.0
37,29,0.0
37,30,0.0
37,31,0.0
37,32,0.0
37,33,0.0
37,34,0.0
37,35,0.0
37,36,0.0
37,37,0.0
37,38,0.0
37,39,0.0
37,40,0.0
37,41,0.0
37,42,0.0
37,43,0.0
37,44,0.0
37,45,0.0
37,46,0.0
37,47,0.0
37,48,0.0
38,1,0.0
38,2,0.0
38,3,0.0
38,4,0.0
38,5,0.0
38,6,0.0
38,7,0.0
38,8,0.0
38,9,0.0
38,10,0.0
38,11,0.0
38,12,0.0
38,13,0.0
38,14,0.0
38,15,0.0
38,16,3.287400416146564e-7
38,17,1.1501921078757964e-5
38,18,0.00018684183894802133
38,19,0.001850534431485551
38,20,0.01401662749819007
38,21,0.09043472304954389
38,22,0.20358990824405257
38,23,0.37532990470401095
38,24,0.27285794290935117
38,25,0.0
38,26,0.0
38,27,0.0
38,28,0.0
38,29,0.0
38,30,0.0
38,31,0.0
38,32,0.0
38,33,0.0
38,34,0.0
38,35,0.0
38,36,0.0
38,37,0.0
38,38,0.0
38,39,0.0
38,40,0.0
38,41,0.0
38,42,0.0
38,43,0.0
38,44,0.0
38,45,0.0
38,46,0.0
38,47,0.0
38,48,0.0
39,1,0.0
39,2,0.0
39,3,0.0
39,4,0.0
39,5,0.0
39,6,0.0
39,7,0.0
39,8,0.0
39,9,0.0
39,10,0.0
39,11,0.0
39,12,0.0
39,13,0.0
39,14,0.0
39,15,0.0
39,16,0.0
39,17,0.0
39,18,1.677321689347768e-5
39,19,0.0004815625733103632
39,20,0.00654613881601839
39,21,0.06203928244371547
39,22,0.18288668480198303
39,23,0.3948692228971484
39,24,0.3259512548081687
39,25,0.0
39,26,0.0
39,27,0.0
39,28,0.0
39,29,0.0
39,30,0.0
39,31,0.0
39,32,0.0
39,33,0.0
39,34,0.0
39,35,0.0
39,36,0.0
39,37,0.0
39,38,0.0
39,39,0.0
39,40,0.0
39,41,0.0
39,42,0.0
39,43,0.0
39,44,0.0
39,45,0.0
39,46,0.0
39,47,0.0
39,48,0.0
40,1,0.0
40,2,0.0
40,3,0.0
40,4,0.0
40,5,0.0
40,6,0.0
40,7,0.0
40,8,0.0
40,9,0.0
40,10,0.0
40,11,0.0
40,12,0.0
40,13,0.0
40,14,0.0
40,15,0.0
40,16,0.0
40,17,3.5242538260148373e-6
40,18,0.00010646093039063039
40,19,0.001443831520294859
40,20,0.012820242401699346
40,21,0.08974277571675467
40,22,0.20765291670246033
40,23,0.37881974392686274
40,24,0.2676425923509515
40,25,0.0
40,26,0.0
40,27,0.0
40,28,0.0
40,29,0.0
40,30,0.0
40,31,0.0
40,32,0.0
40,33,0.0
40,34,0.0
40,35,0.0
40,36,0.0
40,37,0.0
40,38,0.0
40,39,0.0
40,40,0.0
40,41,0.0
40,42,0.0
40,43,0.0
40,44,0.0
40,45,0.0
40,46,0.0
40,47,0.0
40,48,0.0
41,1,0.0
41,2,0.0
41,3,0.0
41,4,0.0
41,5,0.0
41,6,0.0
41,7,0.0
41,8,0.0
41,9,0.0
41,10,0.0
41,11,0.0
41,12,0.0
41,13,0.0
41,14,0.0
41,15,0.0
41,16,0.0
41,17,0.0
41,18,0.0
41,19,0.0
41,20,0.0
41,21,0.0
41,22,0.0
41,23,0.1663972816178793
41,24,0.8319864080893966
41,25,0.0
41,26,0.0
41,27,0.0
41,28,0.0
41,29,0.0
41,30,0.0
41,31,0.0
41,32,0.0
41,33,0.0
41,34,0.0
41,35,0.0
41,36,0.0
41,37,0.0
41,38,0.0
41,39,0.0
41,40,0.0
41,41,0.0
41,42,0.0
41,43,0.0
41,44,0.0
41,45,0.0
41,46,0.0
41,47,0.0
41,48,0.0
42,1,0.0
42,2,0.0
42,3,0.0
42,4,4.0604776221535815e-18
42,5,2.631413631805343e-16
42,6,1.1957868937711335e-14
42,7,3.701129750191833e-13
42,8,9.049873648551841e-12
42,9,1.797723585155896e-10
42,10,2.8210144989299457e-9
42,11,3.426159694335171e-8
42,12,3.322708241669395e-7
42,13,2.656150233047993e-6
42,14,1.8857947173408674e-5
42,15,0.00011235115338569471
42,16,0.00060812785941704
42,17,0.0029535299409471495
42,18,0.01171786370952714
42,19,0.03057938085341369
42,20,0.06531544242947074
42,21,0.137102853514346
42,22,0.1349355829067027
42,23,0.21001898100919886
42,24,0.1754327091262357
42,25,0.0
42,26,0.0
42,27,0.0
42,28,0.0
42,29,0.0
42,30,0.0
42,31,0.0
42,32,0.0
42,33,0.0
42,34,9.427894234751772e-14
42,35,5.13271630760526e-12
42,36,1.4572798301073655e-10
42,37,2.9280861748992473e-9
42,38,4.5934421840038366e-8
42,39,6.248724201535768e-7
42,40,6.7357122887965035e-6
42,41,5.479716421417912e-5
42,42,0.00034637984830343397
42,43,0.0017055030666700318
42,44,0.00627085475716018
42,45,0.016885916756365353
42,46,0.07460369065545845
42,47,0.055198178568478605
42,48,0.03432973952952117
43,1,0.0
43,2,0.0
43,3,0.0
43,4,0.0
43,5,0.0
43,6,0.0
43,7,0.0
43,8,0.0
43,9,0.0
43,10,0.0
43,11,0.0
43,12,0.0
43,13,0.0
43,14,0.0
43,15,0.0
43,16,0.0
43,17,0.0
43,18,0.0
43,19,0.0
43,20,0.0
43,21,0.0
43,22,0.02693516785068777
43,23,0.2773812075160981
43,24,0.691689993640947
43,25,0.0
43,26,0.0
43,27,0.0
43,28,0.0
43,29,0.0
43,30,0.0
43,31,0.0
43,32,0.0
43,33,0.0
43,34,0.0
43,35,0.0
43,36,0.0
43,37,0.0
43,38,0.0
43,39,0.0
43,40,0.0
43,41,0.0
43,42,0.0
43,43,0.0
43,44,0.0
43,45,0.0
43,46,0.0
43,47,0.0
43,48,0.0
44,1,0.0
44,2,0.0
44,3,0.0
44,4,0.0
44,5,1.4458162932306915e-17
44,6,1.3178916817250687e-15
44,7,6.165319339769594e-14
44,8,2.022878796244697e-12
44,9,5.058102071922238e-11
44,10,9.567097898890817e-10
44,11,1.3550007075289577e-8
44,12,1.4996167917536041e-7
44,13,1.3486657376234108e-6
44,14,1.0668424575135381e-5
44,15,7.041333397254462e-5
44,16,0.00042080187003817193
44,17,0.002246810483566859
44,18,0.009676345315215001
44,19,0.027091140788575416
44,20,0.06145759926703601
44,21,0.13615142444081307
44,22,0.1404479119299593
44,23,0.2140787086109247
44,24,0.15591379356901663
44,25,0.0
44,26,0.0
44,27,0.0
44,28,0.0
44,29,0.0
44,30,0.0
44,31,0.0
44,32,0.0
44,33,0.0
44,34,0.0
44,35,4.742566798525989e-13
44,36,2.5392416343377275e-11
44,37,7.301150596791048e-10
44,38,1.4777160728667172e-8
44,39,2.478357418986773e-7
44,40,3.189406546813039e-6
44,41,3.053553969087579e-5
44,42,0.0002244074671293
44,43,0.0012624418027139728
44,44,0.005234545183002473
44,45,0.01582556613584605
44,46,0.07826092303632082
44,47,0.06389733998461229
44,48,0.044963765285174734
45,1,0.0
45,2,0.0
45,3,0.0
45,4,0.0
45,5,0.0
45,6,0.0
45,7,0.0
45,8,0.0
45,9,0.0
45,10,0.0
45,11,0.0
45,12,0.0
45,13,0.0
45,14,0.0
45,15,0.0
45,16,0.0
45,17,0.0
45,18,0.0
45,19,0.0
45,20,0.0
45,21,0.005466934278745435
45,22,0.06668431862588566
45,23,0.3463569256399244
45,24,0.5749815708192081
45,25,0.0
45,26,0.0
45,27,0.0
45,28,0.0
45,29,0.0
45,30,0.0
45,31,0.0
45,32,0.0
45,33,0.0
45,34,0.0
45,35,0.0
45,36,0.0
45,37,0.0
45,38,0.0
45,39,0.0
45,40,0.0
45,41,0.0
45,42,0.0
45,43,0.0
45,44,0.0
45,45,0.0
45,46,0.0
45,47,0.0
45,48,0.0
46,1,0.0
46,2,0.0
46,3,0.0
46,4,0.0
46,5,0.0
46,6,4.863602918023285e-17
46,7,5.0062996652936994e-15
46,8,2.687337801288925e-13
46,9,9.725156093928128e-12
46,10,2.4552806972390403e-10
46,11,4.367873774542894e-9
46,12,5.834407836949443e-8
46,13,6.157249338429707e-7
46,14,5.598056331912029e-6
46,15,4.184522569908401e-5
46,16,0.000280368218870396
46,17,0.0016629057227758935
46,18,0.007829909291740158
46,19,0.023676794323421364
46,20,0.057524629366143526
46,21,0.13562509690537622
46,22,0.14510950661164673
46,23,0.2129863636089702
46,24,0.13847220366325588
46,25,0.0
46,26,0.0
46,27,0.0
46,28,0.0
46,29,0.0
46,30,0.0
46,31,0.0
46,32,0.0
46,33,0.0
46,34,0.0
46,35,0.0
46,36,1.582678936596171e-12
46,37,9.804910625137709e-11
46,38,3.1664619231606055e-9
46,39,7.53209782034766e-8
46,40,1.2720896549674938e-6
46,41,1.5271635435490908e-5
46,42,0.00013563737231070394
46,43,0.0008905983567567776
46,44,0.0042184487435746165
46,45,0.01444838197991812
46,46,0.08052599308245574
46,47,0.07350136889984683
46,48,0.05936816954901137
47,1,0.0
47,2,0.0
47,3,0.0
47,4,0.0
47,5,0.0
47,6,0.0
47,7,0.0
47,8,0.0
47,9,0.0
47,10,0.0
47,11,0.0
47,12,0.0
47,13,0.0
47,14,0.0
47,15,0.0
47,16,0.0
47,17,0.0
47,18,0.0
47,19,0.0
47,20,0.0006263332716422109
47,21,0.0180607353960644
47,22,0.10967667237038903
47,23,0.38454776453452394
47,24,0.4778956493750146
47,25,0.0
47,26,0.0
47,27,0.0
47,28,0.0
47,29,0.0
47,30,0.0
47,31,0.0
47,32,0.0
47,33,0.0
47,34,0.0
47,35,0.0
47,36,0.0
47,37,0.0
47,38,0.0
47,39,0.0
47,40,0.0
47,41,0.0
47,42,0.0
47,43,0.0
47,44,0.0
47,45,0.0
47,46,0.0
47,47,0.0
47,48,0.0
48,1,0.0
48,2,0.0
48,3,0.0
48,4,0.0
48,5,0.0
48,6,0.0
48,7,3.031795513302772e-16
48,8,3.357489976346319e-14
48,9,1.8940670009849517e-12
48,10,6.531040201872525e-11
48,11,1.4649429887069453e-9
48,12,2.353913121044089e-8
48,13,2.893481364814285e-7
48,14,2.9952270674492834e-6
48,15,2.51027428237471e-5
48,16,0.00018687754221636795
48,17,0.001223173288633869
48,18,0.006277263113689146
48,19,0.020503702581665305
48,20,0.05347931963533287
48,21,0.13433648138474152
48,22,0.1479297270098306
48,23,0.20839630865953815
48,24,0.12255255767502467
48,25,0.0
48,26,0.0
48,27,0.0
48,28,0.0
48,29,0.0
48,30,0.0
48,31,0.0
48,32,0.0
48,33,0.0
48,34,0.0
48,35,0.0
48,36,0.0
48,37,9.419519077851465e-12
48,38,6.042329819952822e-10
48,39,2.1846516906700825e-8
48,40,4.978184943742693e-7
48,41,7.527088284932226e-6
48,42,8.025010119640684e-5
48,43,0.0006110409022003604
48,44,0.003304539794494827
48,45,0.0128487770661978
48,46,0.08089555363296543
48,47,0.08354339214739753
48,48,0.07915369229189206
49,1,0.0
49,2,0.0
49,3,0.0
49,4,0.0
49,5,0.0
49,6,0.0
49,7,0.0
49,8,0.0
49,9,0.0
49,10,0.0
49,11,0.0
49,12,0.0
49,13,0.0
49,14,0.0
49,15,0.0
49,16,0.0
49,17,0.0
49,18,0.0
49,19,0.00010077238836812903
49,20,0.0026617615069127088
49,21,0.03755908289933224
49,22,0.1499969708134875
49,23,0.4004546762667774
49,24,0.3971243616066542
49,25,0.0
49,26,0.0
49,27,0.0
49,28,0.0
49,29,0.0
49,30,0.0
49,31,0.0
49,32,0.0
49,33,0.0
49,34,0.0
49,35,0.0
49,36,0.0
49,37,0.0
49,38,0.0
49,39,0.0
49,40,0.0
49,41,0.0
49,42,0.0
49,43,0.0
49,44,0.0
49,45,0.0
49,46,0.0
49,47,0.0
49,48,0.0
50,1,0.0
50,2,0.0
50,3,0.0
50,4,0.0
50,5,0.0
50,6,0.0
50,7,0.0
50,8,0.0
50,9,0.0
50,10,0.0
50,11,0.0
50,12,0.0
50,13,0.0
50,14,0.0
50,15,0.0
50,16,0.0
50,17,0.0
50,18,1.7051358045438133e-5
50,19,0.000514723210638503
50,20,0.006759615143318123
50,21,0.062098427216328106
50,22,0.18211342627789243
50,23,0.3956609135453737
50,24,0.3260911686886128
50,25,0.0
50,26,0.0
50,27,0.0
50,28,0.0
50,29,0.0
50,30,0.0
50,31,0.0
50,32,0.0
50,33,0.0
50,34,0.0
50,35,0.0
50,36,0.0
50,37,0.0
50,38,0.0
50,39,0.0
50,40,0.0
50,41,0.0
50,42,0.0
50,43,0.0
50,44,0.0
50,45,0.0
50,46,0.0
50,47,0.0
50,48,0.0
51,1,0.0
51,2,0.0
51,3,0.0
51,4,0.0
51,5,0.0
51,6,0.0
51,7,0.0
51,8,0.0
51,9,0.0
51,10,0.0
51,11,0.0
51,12,0.0
51,13,0.0
51,14,0.0
51,15,0.0
51,16,0.0
51,17,0.0
51,18,0.0
51,19,0.00010077238836812903
51,20,0.0026617615069127088
51,21,0.03755908289933224
51,22,0.1499969708134875
51,23,0.4004546762667774
51,24,0.3971243616066542
51,25,0.0
51,26,0.0
51,27,0.0
51,28,0.0
51,29,0.0
51,30,0.0
51,31,0.0
51,32,0.0
51,33,0.0
51,34,0.0
51,35,0.0
51,36,0.0
51,37,0.0
51,38,0.0
51,39,0.0
51,40,0.0
51,41,0.0
51,42,0.0
51,43,0.0
51,44,0.0
51,45,0.0
51,46,0.0
51,47,0.0
51,48,0.0
52,1,0.0
52,2,0.0
52,3,0.0
52,4,0.0
52,5,0.0
52,6,0.0
52,7,0.0
52,8,2.69769628019872e-15
52,9,3.18276150363761e-13
52,10,1.6761717042324775e-11
52,11,5.004901833506073e-10
52,12,9.9673031159113e-9
52,13,1.4509005029886364e-7
52,14,1.7275656486518233e-6
52,15,1.6359101818061093e-5
52,16,0.0001363377521654965
52,17,0.000992644931662117
52,18,0.005594344931439198
52,19,0.019835498286149944
52,20,0.05518508180123508
52,21,0.14175911260456622
52,22,0.1440339648773329
52,23,0.17418551906124846
52,24,0.07799089812074145
52,25,0.0
52,26,0.0
52,27,0.0
52,28,0.0
52,29,0.0
52,30,0.0
52,31,0.0
52,32,0.0
52,33,0.0
52,34,0.0
52,35,0.0
52,36,0.0
52,37,0.0
52,38,7.577969133864609e-11
52,39,5.5022119757912615e-9
52,40,1.902564452061189e-7
52,41,3.808607756031689e-6
52,42,4.985031331557898e-5
52,43,0.00044773112850236244
52,44,0.0028164391380532585
52,45,0.012611203265554479
52,46,0.09011641793598543
52,47,0.10619563644730778
52,48,0.12153659136249279
53,1,0.0
53,2,0.0
53,3,0.0
53,4,0.0
53,5,0.0
53,6,0.0
53,7,0.0
53,8,0.0
53,9,0.0
53,10,0.0
53,11,0.0
53,12,0.0
53,13,0.0
53,14,0.0
53,15,0.0
53,16,0.0
53,17,0.0
53,18,1.1391727507123877e-5
53,19,0.0003438779797808817
53,20,0.00451598597369841
53,21,0.04148692201432206
53,22,0.12166693831764745
53,23,0.26433444775001097
53,24,0.2178560632109929
53,25,0.0
53,26,0.0
53,27,0.0
53,28,0.0
53,29,0.0
53,30,0.0
53,31,0.0
53,32,0.0
53,33,0.0
53,34,0.0
53,35,0.0
53,36,0.0
53,37,0.0
53,38,0.0
53,39,0.0
53,40,0.0
53,41,0.0
53,42,0.0
53,43,0.0
53,44,0.0
53,45,0.0
53,46,0.0
53,47,0.0
53,48,0.3394945303658997
54,1,0.0
54,2,0.0
54,3,0.0
54,4,0.0
54,5,0.0
54,6,0.0
54,7,0.0
54,8,0.0
54,9,1.955817230545106e-14
54,10,1.908325728482613e-12
54,11,8.098571828822812e-11
54,12,2.1335459241228158e-9
54,13,3.9700108648769023e-8
54,14,5.9009277259323e-7
54,15,6.843814725377938e-6
54,16,6.887231230154214e-5
54,17,0.0005951884934396347
54,18,0.003857839327023163
54,19,0.015318200683984016
54,20,0.046803292606924625
54,21,0.13111981860001248
54,22,0.14611264494918996
54,23,0.18752815872951983
54,24,0.09105904886935842
54,25,0.0
54,26,0.0
54,27,0.0
54,28,0.0
54,29,0.0
54,30,0.0
54,31,0.0
54,32,0.0
54,33,0.0
54,34,0.0
54,35,0.0
54,36,0.0
54,37,0.0
54,38,0.0
54,39,5.1054707754646e-10
54,40,3.121770429400214e-8
54,41,9.10206622053193e-7
54,42,1.7635123834208783e-5
54,43,0.00021557866950680242
54,44,0.0017529518095899769
54,45,0.010100745240819666
54,46,0.07771166573525708
54,47,0.1028404300428213
54,48,0.14190125615888044
55,1,0.0
55,2,0.0
55,3,0.0
55,4,0.0
55,5,0.0
55,6,0.0
55,7,0.0
55,8,0.0
55,9,0.0
55,10,0.0
55,11,0.0
55,12,0.0
55,13,0.0
55,14,0.0
55,15,0.0
55,16,0.0
55,17,1.5742611434853246e-6
55,18,7.102740086371647e-5
55,19,0.0010715995279331405
55,20,0.009257330138768243
55,21,0.061887175882164594
55,22,0.14061932484837594
55,23,0.25824482261790993
55,24,0.1808390746461505
55,25,0.0
55,26,0.0
55,27,0.0
55,28,0.0
55,29,0.0
55,30,0.0
55,31,0.0
55,32,0.0
55,33,0.0
55,34,0.0
55,35,0.0
55,36,0.0
55,37,0.0
55,38,0.0
55,39,0.0
55,40,0.0
55,41,0.0
55,42,0.0
55,43,0.0
55,44,0.0
55,45,0.0
55,46,0.0
55,47,0.05182554480915191
55,48,0.2818093552867472
56,1,0.0
56,2,0.0
56,3,0.0
56,4,0.0
56,5,0.0
56,6,0.0
56,7,0.0
56,8,0.0
56,9,0.0
56,10,1.7855806517612153e-13
56,11,1.500678630633521e-11
56,12,5.94103585586702e-10
56,13,1.4569530138218163e-8
56,14,2.66061442915443e-7
56,15,3.648315390995602e-6
56,16,4.2490076298682367e-5
56,17,0.00041817915001266973
56,18,0.0030243614030869078
56,19,0.013208648411208614
56,20,0.0438190071599605
56,21,0.1309983410653167
56,22,0.15058998043863142
56,23,0.1901254994269783
56,24,0.08811209818215081
56,25,0.0
56,26,0.0
56,27,0.0
56,28,0.0
56,29,0.0
56,30,0.0
56,31,0.0
56,32,0.0
56,33,0.0
56,34,0.0
56,35,0.0
56,36,0.0
56,37,0.0
56,38,0.0
56,39,0.0
56,40,4.750644258724557e-9
56,41,2.712894494009951e-7
56,42,7.702039236057222e-6
56,43,0.00012118983576303187
56,44,0.0012179655826939243
56,45,0.008423042997137435
56,46,0.07688357771851406
56,47,0.11108052408453507
56,48,0.1373088953826001
57,1,0.0
57,2,0.0
57,3,0.0
57,4,0.0
57,5,0.0
57,6,0.0
57,7,0.0
57,8,0.0
57,9,0.0
57,10,0.0
57,11,0.0
57,12,0.0
57,13,0.0
57,14,0.0
57,15,0.0
57,16,1.1943549576241412e-7
57,17,8.046335581368341e-6
57,18,0.00020272155650629992
57,19,0.0022022039913590584
57,20,0.014931594146238016
57,21,0.08101558445143892
57,22,0.1525112882127033
57,23,0.24641304016979568
57,24,0.15003486526592386
57,25,0.0
57,26,0.0
57,27,0.0
57,28,0.0
57,29,0.0
57,30,0.0
57,31,0.0
57,32,0.0
57,33,0.0
57,34,0.0
57,35,0.0
57,36,0.0
57,37,0.0
57,38,0.0
57,39,0.0
57,40,0.0
57,41,0.0
57,42,0.0
57,43,0.0
57,44,0.0
57,45,0.0
57,46,0.014134025142104809
57,47,0.08592362989890141
57,48,0.2338058228502665
58,1,0.0
58,2,0.0
58,3,0.0
58,4,0.0
58,5,0.0
58,6,0.0
58,7,0.0
58,8,0.0
58,9,0.0
58,10,0.0
58,11,2.068840398815859e-12
58,12,1.4594863830604974e-10
58,13,4.8478591791558265e-9
58,14,1.0998438815945064e-7
58,15,1.8130917806931646e-6
58,16,2.494690752934189e-5
58,17,0.0002851333501987699
58,18,0.002333072712925159
58,19,0.011284168748679336
58,20,0.040650036281586886
58,21,0.12929818796275516
58,22,0.15376372744723815
58,23,0.1933035905260539
58,24,0.08760635408733468
58,25,0.0
58,26,0.0
58,27,0.0
58,28,0.0
58,29,0.0
58,30,0.0
58,31,0.0
58,32,0.0
58,33,0.0
58,34,0.0
58,35,0.0
58,36,0.0
58,37,0.0
58,38,0.0
58,39,0.0
58,40,0.0
58,41,6.367928363229693e-8
58,42,2.8077583907074577e-6
58,43,5.9154020942910576e-5
58,44,0.0007776341143783419
58,45,0.006832337995873539
58,46,0.07494990472925221
58,47,0.1161419529274359
58,48,0.13652077247509745
59,1,0.0
59,2,0.0
59,3,0.0
59,4,0.0
59,5,0.0
59,6,0.0
59,7,0.0
59,8,0.0
59,9,0.0
59,10,0.0
59,11,0.0
59,12,0.0
59,13,0.0
59,14,0.0
59,15,1.7355008478016888e-8
59,16,1.0247447784480715e-6
59,17,3.070565285197451e-5
59,18,0.0004967785655053189
59,19,0.00403360303557987
59,20,0.021989458536644867
59,21,0.09925312548580859
59,22,0.1586114869985286
59,23,0.23098350052193106
59,24,0.12438873171364524
59,25,0.0
59,26,0.0
59,27,0.0
59,28,0.0
59,29,0.0
59,30,0.0
59,31,0.0
59,32,0.0
59,33,0.0
59,34,0.0
59,35,0.0
59,36,0.0
59,37,0.0
59,38,0.0
59,39,0.0
59,40,0.0
59,41,0.0
59,42,0.0
59,43,0.0
59,44,0.0
59,45,0.0009129949897872372
59,46,0.03475103700942433
59,47,0.10686497084563988
59,48,0.1938403431766549
60,1,0.0
60,2,0.0
60,3,0.0
60,4,0.0
60,5,0.0
60,6,0.0
60,7,0.0
60,8,0.0
60,9,0.0
60,10,0.0
60,11,0.0
60,12,0.0
60,13,0.0
60,14,2.272846188575814e-9
60,15,1.4145085565747493e-7
60,16,4.339633137940988e-6
60,17,8.610693398096871e-5
60,18,0.001035799864677355
60,19,0.006685971623964916
60,20,0.030192580083948567
60,21,0.11543859737059005
60,22,0.15874170781867056
60,23,0.2117212827924538
60,24,0.10214620260913998
60,25,0.0
60,26,0.0
60,27,0.0
60,28,0.0
60,29,0.0
60,30,0.0
60,31,0.0
60,32,0.0
60,33,0.0
60,34,0.0
60,35,0.0
60,36,0.0
60,37,0.0
60,38,0.0
60,39,0.0
60,40,0.0
60,41,0.0
60,42,0.0
60,43,0.0
60,44,0.0001147297764169451
60,45,0.0029430689327273993
60,46,0.05656370664834222
60,47,0.11717760007574042
60,48,0.15917884759472778
61,1,0.0
61,2,0.0
61,3,0.0
61,4,0.0
61,5,0.0
61,6,0.0
61,7,0.0
61,8,0.0
61,9,0.0
61,10,0.0
61,11,0.0
61,12,0.0
61,13,0.0
61,14,0.0
61,15,1.7355008478016888e-8
61,16,1.0247447784480715e-6
61,17,3.070565285197451e-5
61,18,0.0004967785655053189
61,19,0.00403360303557987
61,20,0.021989458536644867
61,21,0.09925312548580859
61,22,0.1586114869985286
61,23,0.23098350052193106
61,24,0.12438873171364524
61,25,0.0
61,26,0.0
61,27,0.0
61,28,0.0
61,29,0.0
61,30,0.0
61,31,0.0
61,32,0.0
61,33,0.0
61,34,0.0
61,35,0.0
61,36,0.0
61,37,0.0
61,38,0.0
61,39,0.0
61,40,0.0
61,41,0.0
61,42,0.0
61,43,0.0
61,44,0.0
61,45,0.0009129949897872372
61,46,0.03475103700942433
61,47,0.10686497084563988
61,48,0.1938403431766549
62,1,0.0
62,2,0.0
62,3,0.0
62,4,0.0
62,5,0.0
62,6,0.0
62,7,0.0
62,8,0.0
62,9,0.0
62,10,0.0
62,11,0.0
62,12,2.2868593325124813e-11
62,13,1.513864784420484e-9
62,14,5.116457604205133e-8
62,15,1.103838068013308e-6
62,16,1.8317080023382768e-5
62,17,0.00023810181794268911
62,18,0.002115213220614248
62,19,0.010790302502241576
62,20,0.04018754622892327
62,21,0.1301113094321191
62,22,0.1551124942855182
62,23,0.19332347042214992
62,24,0.08603089346467546
62,25,0.0
62,26,0.0
62,27,0.0
62,28,0.0
62,29,0.0
62,30,0.0
62,31,0.0
62,32,0.0
62,33,0.0
62,34,0.0
62,35,0.0
62,36,0.0
62,37,0.0
62,38,0.0
62,39,0.0
62,40,0.0
62,41,0.0
62,42,8.470965425807607e-7
62,43,3.38849369254607e-5
62,44,0.0006168030178982714
62,45,0.006430611252453604
62,46,0.07615259035352075
62,47,0.11872017480704708
62,48,0.13406566401349979
63,1,0.0
63,2,0.0
63,3,0.0
63,4,0.0
63,5,0.0
63,6,0.0
63,7,0.0
63,8,0.0
63,9,0.0
63,10,0.0
63,11,0.0
63,12,0.0
63,13,0.0
63,14,2.2866977957482566e-9
63,15,1.4231291209429916e-7
63,16,4.366080547273574e-6
63,17,8.663170307019388e-5
63,18,0.0010421124312324063
63,19,0.006726718531066135
63,20,0.030376585390135793
63,21,0.11614212500539102
63,22,0.15970914142224613
63,23,0.21301159449679502
63,24,0.10276872122910216
63,25,0.0
63,26,0.0
63,27,0.0
63,28,0.0
63,29,0.0
63,30,0.0
63,31,0.0
63,32,0.0
63,33,0.0
63,34,0.0
63,35,0.0
63,36,0.0
63,37,0.0
63,38,0.0
63,39,0.0
63,40,0.0
63,41,0.0
63,42,0.0
63,43,0.0
63,44,0.00011542898422163402
63,45,0.002961005137536359
63,46,0.05690842783917698
63,47,0.11789172586824544
63,48,0.16014894529783097
64,1,0.0
64,2,0.0
64,3,0.0
64,4,0.0
64,5,0.0
64,6,0.0
64,7,0.0
64,8,0.0
64,9,0.0
64,10,0.0
64,11,0.0
64,12,0.0
64,13,3.0668688835189526e-10
64,14,2.0356111708444652e-8
64,15,6.328484539583821e-7
64,16,1.3144700646537858e-5
64,17,0.0001972830154988318
64,18,0.0019144424431213815
64,19,0.010323776941831099
64,20,0.039765895559185
64,21,0.13097206898454627
64,22,0.15640004545441885
64,23,0.19319500071265858
64,24,0.08438696434911452
64,25,0.0
64,26,0.0
64,27,0.0
64,28,0.0
64,29,0.0
64,30,0.0
64,31,0.0
64,32,0.0
64,33,0.0
64,34,0.0
64,35,0.0
64,36,0.0
64,37,0.0
64,38,0.0
64,39,0.0
64,40,0.0
64,41,0.0
64,42,0.0
64,43,1.401159146003137e-5
64,44,0.00046009101141835377
64,45,0.006032105560739326
64,46,0.07755924470380945
64,47,0.12121126544773256
64,48,0.13150385813664583
65,1,0.0
65,2,0.0
65,3,0.0
65,4,0.0
65,5,0.0
65,6,0.0
65,7,0.0
65,8,0.0
65,9,0.0
65,10,0.0
65,11,0.0
65,12,0.0
65,13,0.0
65,14,0.0
65,15,0.0
65,16,0.0
65,17,0.0
65,18,1.1391727507123877e-5
65,19,0.0003438779797808817
65,20,0.00451598597369841
65,21,0.04148692201432206
65,22,0.12166693831764745
65,23,0.26433444775001097
65,24,0.2178560632109929
65,25,0.0
65,26,0.0
65,27,0.0
65,28,0.0
65,29,0.0
65,30,0.0
65,31,0.0
65,32,0.0
65,33,0.0
65,34,0.0
65,35,0.0
65,36,0.0
65,37,0.0
65,38,0.0
65,39,0.0
65,40,0.0
65,41,0.0
65,42,0.0
65,43,0.0
65,44,0.0
65,45,0.0
65,46,0.0
65,47,0.0
65,48,0.3394945303658997
66,1,0.0
66,2,0.0
66,3,0.0
66,4,0.0
66,5,0.0
66,6,0.0
66,7,0.0
66,8,0.0
66,9,3.2610556883722994e-14
66,10,3.672520855402087e-12
66,11,1.6231389596700119e-10
66,12,4.087506175145933e-9
66,13,6.895955890008066e-8
66,14,9.066266910503831e-7
66,15,9.231018882818927e-6
66,16,8.160737295117968e-5
66,17,0.0006270228692936871
66,18,0.003733725418141423
66,19,0.014167899563819914
66,20,0.043119049195164134
66,21,0.1246844132539979
66,22,0.14612020772875567
66,23,0.1928128859755628
66,24,0.09748347517577771
66,25,0.0
66,26,0.0
66,27,0.0
66,28,0.0
66,29,0.0
66,30,0.0
66,31,0.0
66,32,0.0
66,33,0.0
66,34,0.0
66,35,0.0
66,36,0.0
66,37,0.0
66,38,0.0
66,39,8.512668900819046e-10
66,40,6.510527535762553e-8
66,41,1.833568663748726e-6
66,42,2.7260836879867014e-5
66,43,0.0002666028038073881
66,44,0.0018160579184924774
66,45,0.00840834108187053
66,46,0.07295280559598753
66,47,0.09948951365486973
66,48,0.15191271766984968
67,1,0.0
67,2,0.0
67,3,0.0
67,4,0.0
67,5,0.0
67,6,0.0
67,7,0.0
67,8,0.0
67,9,0.0
67,10,0.0
67,11,0.0
67,12,0.0
67,13,0.0
67,14,0.0
67,15,0.0
67,16,0.0
67,17,1.5734106160219697e-6
67,18,7.09890268268959e-5
67,19,0.00107102057390636
67,20,0.009252328672808832
67,21,0.06185374004279636
67,22,0.1405433523211006
67,23,0.25810530045869595
67,24,0.18074137255900274
67,25,0.0
67,26,0.0
67,27,0.0
67,28,0.0
67,29,0.0
67,30,0.0
67,31,0.0
67,32,0.0
67,33,0.0
67,34,0.0
67,35,0.0
67,36,0.0
67,37,0.0
67,38,0.0
67,39,0.0
67,40,0.0
67,41,0.0
67,42,0.0
67,43,0.0
67,44,0.0
67,45,0.0
67,46,0.0
67,47,0.051797544976121726
67,48,0.28165710189658155
68,1,0.0
68,2,0.0
68,3,0.0
68,4,0.0
68,5,0.0
68,6,0.0
68,7,0.0
68,8,0.0
68,9,0.0
68,10,5.7371864186731e-13
68,11,4.1599601259023815e-11
68,12,1.3720867004602153e-9
68,13,2.8112411906645706e-8
68,14,4.3523821398058797e-7
68,15,5.137871778904545e-6
68,16,5.2194995537923984e-5
68,17,0.00045676355180386167
68,18,0.003043197656980544
68,19,0.012708083855159332
68,20,0.04172422030652524
68,21,0.12674458151177212
68,22,0.1501134473790948
68,23,0.19315572636730732
68,24,0.09248430264565269
68,25,0.0
68,26,0.0
68,27,0.0
68,28,0.0
68,29,0.0
68,30,0.0
68,31,0.0
68,32,0.0
68,33,0.0
68,34,0.0
68,35,0.0
68,36,0.0
68,37,0.0
68,38,0.0
68,39,0.0
68,40,1.5264128055049457e-8
68,41,6.679619242930577e-7
68,42,1.3175219015236867e-5
68,43,0.00016217918354749554
68,44,0.0013565311929293717
68,45,0.0074168933905018
68,46,0.07409517112392759
68,47,0.10804403600928433
68,48,0.14412229079203917
69,1,0.0
69,2,0.0
69,3,0.0
69,4,0.0
69,5,0.0
69,6,0.0
69,7,0.0
69,8,0.0
69,9,0.0
69,10,0.0
69,11,0.0
69,12,0.0
69,13,0.0
69,14,0.0
69,15,0.0
69,16,1.1919097879590487e-7
69,17,8.032150029248279e-6
69,18,0.00020240153661275957
69,19,0.0021990050314074044
69,20,0.014911225670585478
69,21,0.08090978448230803
69,22,0.15231580142323187
69,23,0.246093527685259
69,24,0.14983364794163515
69,25,0.0
69,26,0.0
69,27,0.0
69,28,0.0
69,29,0.0
69,30,0.0
69,31,0.0
69,32,0.0
69,33,0.0
69,34,0.0
69,35,0.0
69,36,0.0
69,37,0.0
69,38,0.0
69,39,0.0
69,40,0.0
69,41,0.0
69,42,0.0
69,43,0.0
69,44,0.0
69,45,0.0
69,46,0.014105088945790208
69,47,0.08582302616875254
69,48,0.23349225718675434
70,1,0.0
70,2,0.0
70,3,0.0
70,4,0.0
70,5,0.0
70,6,0.0
70,7,0.0
70,8,0.0
70,9,0.0
70,10,0.0
70,11,3.64869328613185e-12
70,12,2.4814573548146957e-10
70,13,7.854213082966583e-9
70,14,1.6722440796786845e-7
70,15,2.5363155578899883e-6
70,16,3.165603189693634e-5
70,17,0.00032860899156441693
70,18,0.002498193706695408
70,19,0.011532583920685305
70,20,0.040612237146408395
70,21,0.12836004465361853
70,22,0.1529358309949336
70,23,0.19295173250217262
70,24,0.08860810436832758
70,25,0.0
70,26,0.0
70,27,0.0
70,28,0.0
70,29,0.0
70,30,0.0
70,31,0.0
70,32,0.0
70,33,0.0
70,34,0.0
70,35,0.0
70,36,0.0
70,37,0.0
70,38,0.0
70,39,0.0
70,40,0.0
70,41,1.1230744275287522e-7
70,42,4.609043054198572e-6
70,43,8.682137388318689e-5
70,44,0.0009704188189368111
70,45,0.006590295920615101
70,46,0.07594213022003783
70,47,0.11404979344550492
70,48,0.13808184328569134
71,1,0.0
71,2,0.0
71,3,0.0
71,4,0.0
71,5,0.0
71,6,0.0
71,7,0.0
71,8,0.0
71,9,0.0
71,10,0.0
71,11,0.0
71,12,0.0
71,13,0.0
71,14,0.0
71,15,1.6121431961104318e-8
71,16,9.745320220240808e-7
71,17,2.9773694929572198e-5
71,18,0.00048812559241091764
71,19,0.003995980908549957
71,20,0.02188472525787032
71,21,0.09898267461988575
71,22,0.1582226122897634
71,23,0.23034191332922405
71,24,0.12406284184555806
71,25,0.0
71,26,0.0
71,27,0.0
71,28,0.0
71,29,0.0
71,30,0.0
71,31,0.0
71,32,0.0
71,33,0.0
71,34,0.0
71,35,0.0
71,36,0.0
71,37,0.0
71,38,0.0
71,39,0.0
71,40,0.0
71,41,0.0
71,42,0.0
71,43,0.0
71,44,0.0
71,45,0.0008481002257836957
71,46,0.034958424504124924
71,47,0.10653636789929591
71,48,0.19333249489331322
72,1,0.0
72,2,0.0
72,3,0.0
72,4,0.0
72,5,0.0
72,6,0.0
72,7,0.0
72,8,0.0
72,9,0.0
72,10,0.0
72,11,0.0
72,12,3.059729210106032e-11
72,13,1.9219330398481008e-9
72,14,6.173045792478628e-8
72,15,1.2573571985759292e-6
72,16,1.9703729058530233e-5
72,17,0.0002444821274585613
72,18,0.002113789655868144
72,19,0.010673352966012616
72,20,0.03979129076309258
72,21,0.12950513814797152
72,22,0.1547876260279462
72,23,0.19251629407642715
72,24,0.08579824679869345
72,25,0.0
72,26,0.0
72,27,0.0
72,28,0.0
72,29,0.0
72,30,0.0
72,31,0.0
72,32,0.0
72,33,0.0
72,34,0.0
72,35,0.0
72,36,0.0
72,37,0.0
72,38,0.0
72,39,0.0
72,40,0.0
72,41,0.0
72,42,1.1333823634296648e-6
72,43,4.060541878436764e-5
72,44,0.0006773654524426877
72,45,0.005967045382540314
72,46,0.07774528197400603
72,47,0.11801951291313051
72,48,0.13370312064681705
73,1,0.0
73,2,0.0
73,3,0.0
73,4,0.0
73,5,0.0
73,6,0.0
73,7,0.0
73,8,0.0
73,9,0.0
73,10,0.0
73,11,0.0
73,12,0.0
73,13,0.0
73,14,2.4336470381843417e-9
73,15,1.4382830734901144e-7
73,16,4.301482512602895e-6
73,17,8.467483232649812e-5
73,18,0.0010211916689193208
73,19,0.006634473506020652
73,20,0.03015388370492951
73,21,0.11577181445305922
73,22,0.15931718393340857
73,23,0.21226611883396843
73,24,0.1024923681128147
73,25,0.0
73,26,0.0
73,27,0.0
73,28,0.0
73,29,0.0
73,30,0.0
73,31,0.0
73,32,0.0
73,33,0.0
73,34,0.0
73,35,0.0
73,36,0.0
73,37,0.0
73,38,0.0
73,39,0.0
73,40,0.0
73,41,0.0
73,42,0.0
73,43,0.0
73,44,0.00012284675574267815
73,45,0.0027498952681345714
73,46,0.05775436915792383
73,47,0.11734421456822176
73,48,0.15971829227837236
74,1,0.0
74,2,0.0
74,3,0.0
74,4,0.0
74,5,0.0
74,6,0.0
74,7,0.0
74,8,0.0
74,9,0.0
74,10,0.0
74,11,0.0
74,12,0.0
74,13,3.5239321876642486e-10
74,14,2.2773040687943104e-8
74,15,6.786436306015172e-7
74,16,1.3544841493552258e-5
74,17,0.00019756280190633274
74,18,0.0018914555834131173
74,19,0.01017801877477485
74,20,0.039374322454277084
74,21,0.13041417308819725
74,22,0.15604054624813918
74,23,0.1923514184491111
74,24,0.0841584545204991
74,25,0.0
74,26,0.0
74,27,0.0
74,28,0.0
74,29,0.0
74,30,0.0
74,31,0.0
74,32,0.0
74,33,0.0
74,34,0.0
74,35,0.0
74,36,0.0
74,37,0.0
74,38,0.0
74,39,0.0
74,40,0.0
74,41,0.0
74,42,0.0
74,43,1.6099774728468887e-5
74,44,0.0004975247210304088
74,45,0.005599312408079806
74,46,0.07917688612052484
74,47,0.12045530658319259
74,48,0.1311477613826406
