coordinate,free_column,numerator,denominator,approximate
1,1,1,1,1.0
1,2,0,1,0.0
1,25,0,1,0.0
1,26,0,1,0.0
1,27,0,1,0.0
1,28,0,1,0.0
1,29,0,1,0.0
1,30,0,1,0.0
1,31,0,1,0.0
1,32,0,1,0.0
1,33,0,1,0.0
1,34,0,1,0.0
1,35,0,1,0.0
1,36,0,1,0.0
1,37,0,1,0.0
1,38,0,1,0.0
2,1,0,1,0.0
2,2,1,1,1.0
2,25,0,1,0.0
2,26,0,1,0.0
2,27,0,1,0.0
2,28,0,1,0.0
2,29,0,1,0.0
2,30,0,1,0.0
2,31,0,1,0.0
2,32,0,1,0.0
2,33,0,1,0.0
2,34,0,1,0.0
2,35,0,1,0.0
2,36,0,1,0.0
2,37,0,1,0.0
2,38,0,1,0.0
3,1,0,1,0.0
3,2,0,1,0.0
3,25,0,1,0.0
3,26,0,1,0.0
3,27,0,1,0.0
3,28,0,1,0.0
3,29,0,1,0.0
3,30,0,1,0.0
3,31,0,1,0.0
3,32,0,1,0.0
3,33,-66431854659690201088,5248120790005319,-12658.217544498031
3,34,413052089148771427639999263056461824,864431308896679093312843314559,477831.0143300714
3,35,-21228551385989280568544038930093830175232462902263808,2027930835477503126868132327635408672181883981,-1.0468084519751748e7
3,36,2766761117275573499559791358376145208025787841163105997448271005483008,16003714137100699267924004677888537301484034973898051876331081,1.7288243801240575e8
3,37,-33568208831889764488503382548167946507624638862587757911777368967165710707462040977408,14058604073194346516200842359011607836136924437645475896477388905055152626077,-2.387734134706485e9
3,38,9824962535612184463183936734865483007716358618277381486830256170577567013370548884692331594906733641728,336537031603717346606540448826412587366994809458518408931210131206522496712045487537604909891,2.9194298436617157e10
4,1,0,1,0.0
4,2,0,1,0.0
4,25,0,1,0.0
4,26,0,1,0.0
4,27,0,1,0.0
4,28,0,1,0.0
4,29,0,1,0.0
4,30,0,1,0.0
4,31,0,1,0.0
4,32,0,1,0.0
4,33,0,1,0.0
4,34,-3824408251382831104,164712540637961,-23218.68290398665
4,35,3658943975120471283444047962112000,4246273119028941395792772689,861683.6158568191
4,36,-618858182275827071587419725049365111599508940128256,33510088192427419660480644402027142349422589,-1.846781717559538e7
4,37,61647385916130044448012212132270882046057480805255007307580204646400,206060631190677155504205661009566208896638306736118983377191,2.991711010488216e8
4,38,-2873428714979277001390147478782101048953746756030537795086766982889032283130773372928,704673022302644118151493513125912633437570421377749801668984548908631140479,-4.077676630204799e9
5,1,0,1,0.0
5,2,0,1,0.0
5,25,0,1,0.0
5,26,0,1,0.0
5,27,0,1,0.0
5,28,0,1,0.0
5,29,0,1,0.0
5,30,0,1,0.0
5,31,0,1,0.0
5,32,0,1,0.0
5,33,0,1,0.0
5,34,0,1,0.0
5,35,-76952545904306454528,2345971061675059,-32802.00133814147
5,36,22400269418550013996289166018427224064,18513575309444904262389239291959,1.2099375212049005e6
5,37,-418978958134305138490378767191526205605951146362404864,16263413794137224124120094035806754024186533603,-2.576205484517293e7
5,38,162066206987406139523267565562000270664861615600756072989900068253335552,389316106601064630953199535790802088233130381779548420912063549,4.16284361832162e8
6,1,0,1,0.0
6,2,0,1,0.0
6,25,0,1,0.0
6,26,0,1,0.0
6,27,0,1,0.0
6,28,0,1,0.0
6,29,0,1,0.0
6,30,0,1,0.0
6,31,0,1,0.0
6,32,0,1,0.0
6,33,0,1,0.0
6,34,0,1,0.0
6,35,0,1,0.0
6,36,-256804339704923127808,7891646922629101,-32541.286023395583
6,37,57363773656503154693774434294898360320,48527408721603878669773354684919,1.1820901871268766e6
6,38,-4141557122249202877924564587130879427454899503369289728,165950941578574721507235362638111115031358748111,-2.4956514755827714e7
7,1,0,1,0.0
7,2,0,1,0.0
7,25,0,1,0.0
7,26,0,1,0.0
7,27,0,1,0.0
7,28,0,1,0.0
7,29,0,1,0.0
7,30,0,1,0.0
7,31,0,1,0.0
7,32,0,1,0.0
7,33,0,1,0.0
7,34,0,1,0.0
7,35,0,1,0.0
7,36,0,1,0.0
7,37,-191050544206394687488,6149211843532019,-31069.110817404853
7,38,23506507558204840148067296495529885696,21028683011997727588617095028011,1.1178307050799811e6
8,1,0,1,0.0
8,2,0,1,0.0
8,25,0,1,0.0
8,26,0,1,0.0
8,27,0,1,0.0
8,28,0,1,0.0
8,29,0,1,0.0
8,30,0,1,0.0
8,31,0,1,0.0
8,32,0,1,0.0
8,33,0,1,0.0
8,34,0,1,0.0
8,35,0,1,0.0
8,36,0,1,0.0
8,37,0,1,0.0
8,38,-96062171210544676864,3419736308827369,-28090.520009563104
9,1,0,1,0.0
9,2,0,1,0.0
9,25,0,1,0.0
9,26,0,1,0.0
9,27,0,1,0.0
9,28,0,1,0.0
9,29,0,1,0.0
9,30,0,1,0.0
9,31,0,1,0.0
9,32,0,1,0.0
9,33,0,1,0.0
9,34,0,1,0.0
9,35,0,1,0.0
9,36,0,1,0.0
9,37,0,1,0.0
9,38,0,1,0.0
10,1,0,1,0.0
10,2,0,1,0.0
10,25,0,1,0.0
10,26,0,1,0.0
10,27,0,1,0.0
10,28,0,1,0.0
10,29,0,1,0.0
10,30,0,1,0.0
10,31,0,1,0.0
10,32,0,1,0.0
10,33,0,1,0.0
10,34,0,1,0.0
10,35,0,1,0.0
10,36,0,1,0.0
10,37,0,1,0.0
10,38,0,1,0.0
11,1,0,1,0.0
11,2,0,1,0.0
11,25,0,1,0.0
11,26,0,1,0.0
11,27,0,1,0.0
11,28,0,1,0.0
11,29,0,1,0.0
11,30,0,1,0.0
11,31,0,1,0.0
11,32,0,1,0.0
11,33,0,1,0.0
11,34,0,1,0.0
11,35,0,1,0.0
11,36,0,1,0.0
11,37,0,1,0.0
11,38,0,1,0.0
12,1,0,1,0.0
12,2,0,1,0.0
12,25,0,1,0.0
12,26,0,1,0.0
12,27,0,1,0.0
12,28,0,1,0.0
12,29,0,1,0.0
12,30,0,1,0.0
12,31,0,1,0.0
12,32,0,1,0.0
12,33,0,1,0.0
12,34,0,1,0.0
12,35,0,1,0.0
12,36,0,1,0.0
12,37,0,1,0.0
12,38,0,1,0.0
13,1,0,1,0.0
13,2,0,1,0.0
13,25,0,1,0.0
13,26,0,1,0.0
13,27,0,1,0.0
13,28,0,1,0.0
13,29,0,1,0.0
13,30,0,1,0.0
13,31,0,1,0.0
13,32,0,1,0.0
13,33,0,1,0.0
13,34,0,1,0.0
13,35,0,1,0.0
13,36,0,1,0.0
13,37,0,1,0.0
13,38,0,1,0.0
14,1,0,1,0.0
14,2,0,1,0.0
14,25,0,1,0.0
14,26,0,1,0.0
14,27,0,1,0.0
14,28,0,1,0.0
14,29,0,1,0.0
14,30,0,1,0.0
14,31,0,1,0.0
14,32,0,1,0.0
14,33,0,1,0.0
14,34,0,1,0.0
14,35,0,1,0.0
14,36,0,1,0.0
14,37,0,1,0.0
14,38,0,1,0.0
15,1,0,1,0.0
15,2,0,1,0.0
15,25,0,1,0.0
15,26,0,1,0.0
15,27,0,1,0.0
15,28,0,1,0.0
15,29,0,1,0.0
15,30,0,1,0.0
15,31,0,1,0.0
15,32,0,1,0.0
15,33,0,1,0.0
15,34,0,1,0.0
15,35,0,1,0.0
15,36,0,1,0.0
15,37,0,1,0.0
15,38,0,1,0.0
16,1,0,1,0.0
16,2,0,1,0.0
16,25,0,1,0.0
16,26,0,1,0.0
16,27,0,1,0.0
16,28,0,1,0.0
16,29,0,1,0.0
16,30,0,1,0.0
16,31,0,1,0.0
16,32,0,1,0.0
16,33,0,1,0.0
16,34,0,1,0.0
16,35,0,1,0.0
16,36,0,1,0.0
16,37,0,1,0.0
16,38,0,1,0.0
17,1,0,1,0.0
17,2,0,1,0.0
17,25,0,1,0.0
17,26,0,1,0.0
17,27,0,1,0.0
17,28,0,1,0.0
17,29,0,1,0.0
17,30,0,1,0.0
17,31,0,1,0.0
17,32,0,1,0.0
17,33,0,1,0.0
17,34,0,1,0.0
17,35,0,1,0.0
17,36,0,1,0.0
17,37,0,1,0.0
17,38,0,1,0.0
18,1,0,1,0.0
18,2,0,1,0.0
18,25,0,1,0.0
18,26,0,1,0.0
18,27,0,1,0.0
18,28,0,1,0.0
18,29,0,1,0.0
18,30,0,1,0.0
18,31,0,1,0.0
18,32,0,1,0.0
18,33,0,1,0.0
18,34,0,1,0.0
18,35,0,1,0.0
18,36,0,1,0.0
18,37,0,1,0.0
18,38,0,1,0.0
19,1,0,1,0.0
19,2,0,1,0.0
19,25,0,1,0.0
19,26,0,1,0.0
19,27,0,1,0.0
19,28,0,1,0.0
19,29,0,1,0.0
19,30,0,1,0.0
19,31,0,1,0.0
19,32,0,1,0.0
19,33,0,1,0.0
19,34,0,1,0.0
19,35,0,1,0.0
19,36,0,1,0.0
19,37,0,1,0.0
19,38,0,1,0.0
20,1,0,1,0.0
20,2,0,1,0.0
20,25,0,1,0.0
20,26,0,1,0.0
20,27,0,1,0.0
20,28,0,1,0.0
20,29,0,1,0.0
20,30,0,1,0.0
20,31,0,1,0.0
20,32,0,1,0.0
20,33,0,1,0.0
20,34,0,1,0.0
20,35,0,1,0.0
20,36,0,1,0.0
20,37,0,1,0.0
20,38,0,1,0.0
21,1,0,1,0.0
21,2,0,1,0.0
21,25,0,1,0.0
21,26,0,1,0.0
21,27,0,1,0.0
21,28,0,1,0.0
21,29,0,1,0.0
21,30,0,1,0.0
21,31,0,1,0.0
21,32,0,1,0.0
21,33,0,1,0.0
21,34,0,1,0.0
21,35,0,1,0.0
21,36,0,1,0.0
21,37,0,1,0.0
21,38,0,1,0.0
22,1,0,1,0.0
22,2,0,1,0.0
22,25,0,1,0.0
22,26,0,1,0.0
22,27,0,1,0.0
22,28,0,1,0.0
22,29,0,1,0.0
22,30,0,1,0.0
22,31,0,1,0.0
22,32,0,1,0.0
22,33,0,1,0.0
22,34,0,1,0.0
22,35,0,1,0.0
22,36,0,1,0.0
22,37,0,1,0.0
22,38,0,1,0.0
23,1,0,1,0.0
23,2,0,1,0.0
23,25,0,1,0.0
23,26,0,1,0.0
23,27,0,1,0.0
23,28,0,1,0.0
23,29,0,1,0.0
23,30,0,1,0.0
23,31,0,1,0.0
23,32,0,1,0.0
23,33,0,1,0.0
23,34,0,1,0.0
23,35,0,1,0.0
23,36,0,1,0.0
23,37,0,1,0.0
23,38,0,1,0.0
24,1,0,1,0.0
24,2,0,1,0.0
24,25,0,1,0.0
24,26,0,1,0.0
24,27,0,1,0.0
24,28,0,1,0.0
24,29,0,1,0.0
24,30,0,1,0.0
24,31,0,1,0.0
24,32,0,1,0.0
24,33,0,1,0.0
24,34,0,1,0.0
24,35,0,1,0.0
24,36,0,1,0.0
24,37,0,1,0.0
24,38,0,1,0.0
25,1,0,1,0.0
25,2,0,1,0.0
25,25,1,1,1.0
25,26,0,1,0.0
25,27,0,1,0.0
25,28,0,1,0.0
25,29,0,1,0.0
25,30,0,1,0.0
25,31,0,1,0.0
25,32,0,1,0.0
25,33,0,1,0.0
25,34,0,1,0.0
25,35,0,1,0.0
25,36,0,1,0.0
25,37,0,1,0.0
25,38,0,1,0.0
26,1,0,1,0.0
26,2,0,1,0.0
26,25,0,1,0.0
26,26,1,1,1.0
26,27,0,1,0.0
26,28,0,1,0.0
26,29,0,1,0.0
26,30,0,1,0.0
26,31,0,1,0.0
26,32,0,1,0.0
26,33,0,1,0.0
26,34,0,1,0.0
26,35,0,1,0.0
26,36,0,1,0.0
26,37,0,1,0.0
26,38,0,1,0.0
27,1,0,1,0.0
27,2,0,1,0.0
27,25,0,1,0.0
27,26,0,1,0.0
27,27,1,1,1.0
27,28,0,1,0.0
27,29,0,1,0.0
27,30,0,1,0.0
27,31,0,1,0.0
27,32,0,1,0.0
27,33,0,1,0.0
27,34,0,1,0.0
27,35,0,1,0.0
27,36,0,1,0.0
27,37,0,1,0.0
27,38,0,1,0.0
28,1,0,1,0.0
28,2,0,1,0.0
28,25,0,1,0.0
28,26,0,1,0.0
28,27,0,1,0.0
28,28,1,1,1.0
28,29,0,1,0.0
28,30,0,1,0.0
28,31,0,1,0.0
28,32,0,1,0.0
28,33,0,1,0.0
28,34,0,1,0.0
28,35,0,1,0.0
28,36,0,1,0.0
28,37,0,1,0.0
28,38,0,1,0.0
29,1,0,1,0.0
29,2,0,1,0.0
29,25,0,1,0.0
29,26,0,1,0.0
29,27,0,1,0.0
29,28,0,1,0.0
29,29,1,1,1.0
29,30,0,1,0.0
29,31,0,1,0.0
29,32,0,1,0.0
29,33,0,1,0.0
29,34,0,1,0.0
29,35,0,1,0.0
29,36,0,1,0.0
29,37,0,1,0.0
29,38,0,1,0.0
30,1,0,1,0.0
30,2,0,1,0.0
30,25,0,1,0.0
30,26,0,1,0.0
30,27,0,1,0.0
30,28,0,1,0.0
30,29,0,1,0.0
30,30,1,1,1.0
30,31,0,1,0.0
30,32,0,1,0.0
30,33,0,1,0.0
30,34,0,1,0.0
30,35,0,1,0.0
30,36,0,1,0.0
30,37,0,1,0.0
30,38,0,1,0.0
31,1,0,1,0.0
31,2,0,1,0.0
31,25,0,1,0.0
31,26,0,1,0.0
31,27,0,1,0.0
31,28,0,1,0.0
31,29,0,1,0.0
31,30,0,1,0.0
31,31,1,1,1.0
31,32,0,1,0.0
31,33,0,1,0.0
31,34,0,1,0.0
31,35,0,1,0.0
31,36,0,1,0.0
31,37,0,1,0.0
31,38,0,1,0.0
32,1,0,1,0.0
32,2,0,1,0.0
32,25,0,1,0.0
32,26,0,1,0.0
32,27,0,1,0.0
32,28,0,1,0.0
32,29,0,1,0.0
32,30,0,1,0.0
32,31,0,1,0.0
32,32,1,1,1.0
32,33,0,1,0.0
32,34,0,1,0.0
32,35,0,1,0.0
32,36,0,1,0.0
32,37,0,1,0.0
32,38,0,1,0.0
33,1,0,1,0.0
33,2,0,1,0.0
33,25,0,1,0.0
33,26,0,1,0.0
33,27,0,1,0.0
33,28,0,1,0.0
33,29,0,1,0.0
33,30,0,1,0.0
33,31,0,1,0.0
33,32,0,1,0.0
33,33,1,1,1.0
33,34,0,1,0.0
33,35,0,1,0.0
33,36,0,1,0.0
33,37,0,1,0.0
33,38,0,1,0.0
34,1,0,1,0.0
34,2,0,1,0.0
34,25,0,1,0.0
34,26,0,1,0.0
34,27,0,1,0.0
34,28,0,1,0.0
34,29,0,1,0.0
34,30,0,1,0.0
34,31,0,1,0.0
34,32,0,1,0.0
34,33,0,1,0.0
34,34,1,1,1.0
34,35,0,1,0.0
34,36,0,1,0.0
34,37,0,1,0.0
34,38,0,1,0.0
35,1,0,1,0.0
35,2,0,1,0.0
35,25,0,1,0.0
35,26,0,1,0.0
35,27,0,1,0.0
35,28,0,1,0.0
35,29,0,1,0.0
35,30,0,1,0.0
35,31,0,1,0.0
35,32,0,1,0.0
35,33,0,1,0.0
35,34,0,1,0.0
35,35,1,1,1.0
35,36,0,1,0.0
35,37,0,1,0.0
35,38,0,1,0.0
36,1,0,1,0.0
36,2,0,1,0.0
36,25,0,1,0.0
36,26,0,1,0.0
36,27,0,1,0.0
36,28,0,1,0.0
36,29,0,1,0.0
36,30,0,1,0.0
36,31,0,1,0.0
36,32,0,1,0.0
36,33,0,1,0.0
36,34,0,1,0.0
36,35,0,1,0.0
36,36,1,1,1.0
36,37,0,1,0.0
36,38,0,1,0.0
37,1,0,1,0.0
37,2,0,1,0.0
37,25,0,1,0.0
37,26,0,1,0.0
37,27,0,1,0.0
37,28,0,1,0.0
37,29,0,1,0.0
37,30,0,1,0.0
37,31,0,1,0.0
37,32,0,1,0.0
37,33,0,1,0.0
37,34,0,1,0.0
37,35,0,1,0.0
37,36,0,1,0.0
37,37,1,1,1.0
37,38,0,1,0.0
38,1,0,1,0.0
38,2,0,1,0.0
38,25,0,1,0.0
38,26,0,1,0.0
38,27,0,1,0.0
38,28,0,1,0.0
38,29,0,1,0.0
38,30,0,1,0.0
38,31,0,1,0.0
38,32,0,1,0.0
38,33,0,1,0.0
38,34,0,1,0.0
38,35,0,1,0.0
38,36,0,1,0.0
38,37,0,1,0.0
38,38,1,1,1.0
39,1,0,1,0.0
39,2,0,1,0.0
39,25,0,1,0.0
39,26,0,1,0.0
39,27,0,1,0.0
39,28,0,1,0.0
39,29,0,1,0.0
39,30,0,1,0.0
39,31,0,1,0.0
39,32,0,1,0.0
39,33,0,1,0.0
39,34,0,1,0.0
39,35,0,1,0.0
39,36,0,1,0.0
39,37,0,1,0.0
39,38,0,1,0.0
40,1,0,1,0.0
40,2,0,1,0.0
40,25,0,1,0.0
40,26,0,1,0.0
40,27,0,1,0.0
40,28,0,1,0.0
40,29,0,1,0.0
40,30,0,1,0.0
40,31,0,1,0.0
40,32,0,1,0.0
40,33,0,1,0.0
40,34,0,1,0.0
40,35,0,1,0.0
40,36,0,1,0.0
40,37,0,1,0.0
40,38,0,1,0.0
41,1,0,1,0.0
41,2,0,1,0.0
41,25,0,1,0.0
41,26,0,1,0.0
41,27,0,1,0.0
41,28,0,1,0.0
41,29,0,1,0.0
41,30,0,1,0.0
41,31,0,1,0.0
41,32,0,1,0.0
41,33,0,1,0.0
41,34,0,1,0.0
41,35,0,1,0.0
41,36,0,1,0.0
41,37,0,1,0.0
41,38,0,1,0.0
42,1,0,1,0.0
42,2,0,1,0.0
42,25,0,1,0.0
42,26,0,1,0.0
42,27,0,1,0.0
42,28,0,1,0.0
42,29,0,1,0.0
42,30,0,1,0.0
42,31,0,1,0.0
42,32,0,1,0.0
42,33,0,1,0.0
42,34,0,1,0.0
42,35,0,1,0.0
42,36,0,1,0.0
42,37,0,1,0.0
42,38,0,1,0.0
43,1,0,1,0.0
43,2,0,1,0.0
43,25,0,1,0.0
43,26,0,1,0.0
43,27,0,1,0.0
43,28,0,1,0.0
43,29,0,1,0.0
43,30,0,1,0.0
43,31,0,1,0.0
43,32,0,1,0.0
43,33,0,1,0.0
43,34,0,1,0.0
43,35,0,1,0.0
43,36,0,1,0.0
43,37,0,1,0.0
43,38,0,1,0.0
44,1,0,1,0.0
44,2,0,1,0.0
44,25,0,1,0.0
44,26,0,1,0.0
44,27,0,1,0.0
44,28,0,1,0.0
44,29,0,1,0.0
44,30,0,1,0.0
44,31,0,1,0.0
44,32,0,1,0.0
44,33,0,1,0.0
44,34,0,1,0.0
44,35,0,1,0.0
44,36,0,1,0.0
44,37,0,1,0.0
44,38,0,1,0.0
45,1,0,1,0.0
45,2,0,1,0.0
45,25,0,1,0.0
45,26,0,1,0.0
45,27,0,1,0.0
45,28,0,1,0.0
45,29,0,1,0.0
45,30,0,1,0.0
45,31,0,1,0.0
45,32,0,1,0.0
45,33,0,1,0.0
45,34,0,1,0.0
45,35,0,1,0.0
45,36,0,1,0.0
45,37,0,1,0.0
45,38,0,1,0.0
46,1,0,1,0.0
46,2,0,1,0.0
46,25,0,1,0.0
46,26,0,1,0.0
46,27,0,1,0.0
46,28,0,1,0.0
46,29,0,1,0.0
46,30,0,1,0.0
46,31,0,1,0.0
46,32,0,1,0.0
46,33,0,1,0.0
46,34,0,1,0.0
46,35,0,1,0.0
46,36,0,1,0.0
46,37,0,1,0.0
46,38,0,1,0.0
47,1,0,1,0.0
47,2,0,1,0.0
47,25,0,1,0.0
47,26,0,1,0.0
47,27,0,1,0.0
47,28,0,1,0.0
47,29,0,1,0.0
47,30,0,1,0.0
47,31,0,1,0.0
47,32,0,1,0.0
47,33,0,1,0.0
47,34,0,1,0.0
47,35,0,1,0.0
47,36,0,1,0.0
47,37,0,1,0.0
47,38,0,1,0.0
48,1,0,1,0.0
48,2,0,1,0.0
48,25,0,1,0.0
48,26,0,1,0.0
48,27,0,1,0.0
48,28,0,1,0.0
48,29,0,1,0.0
48,30,0,1,0.0
48,31,0,1,0.0
48,32,0,1,0.0
48,33,0,1,0.0
48,34,0,1,0.0
48,35,0,1,0.0
48,36,0,1,0.0
48,37,0,1,0.0
48,38,0,1,0.0
