row,residual
1,0.0
2,0.0
3,0.0
4,0.0
5,3.552713678800501e-15
6,2.1316282072803006e-14
7,1.7763568394002505e-14
8,1.4210854715202004e-14
9,4.618527782440651e-14
10,3.552713678800501e-14
11,4.618527782440651e-14
12,3.552713678800501e-14
13,3.552713678800501e-15
14,3.197442310920451e-14
15,5.684341886080802e-14
16,0.0
17,1.4210854715202004e-14
18,2.4868995751603507e-14
19,7.105427357601002e-15
20,5.684341886080802e-14
21,7.105427357601002e-15
22,5.684341886080802e-14
23,0.0
24,8.171241461241152e-14
25,9.592326932761353e-14
26,1.2789769243681803e-13
27,4.973799150320701e-14
28,1.0658141036401503e-13
29,3.552713678800501e-15
30,9.947598300641403e-14
31,2.1316282072803006e-14
32,1.4210854715202004e-14
33,3.552713678800501e-15
34,3.552713678800501e-14
35,2.1316282072803006e-14
36,8.526512829121202e-14
37,4.618527782440651e-14
38,9.237055564881302e-14
39,7.105427357601002e-14
40,1.0658141036401503e-13
41,9.592326932761353e-14
42,5.3290705182007514e-14
43,1.2434497875801753e-13
44,2.842170943040401e-14
45,7.460698725481052e-14
46,2.1316282072803006e-14
47,1.7763568394002505e-14
48,1.7763568394002505e-14
49,1.7763568394002505e-14
50,0.0
51,1.7763568394002505e-14
52,7.105427357601002e-15
53,2.4868995751603507e-14
54,9.237055564881302e-14
55,3.197442310920451e-14
56,5.684341886080802e-14
57,7.815970093361102e-14
58,6.750155989720952e-14
59,8.171241461241152e-14
60,7.815970093361102e-14
61,8.171241461241152e-14
62,4.263256414560601e-14
63,8.171241461241152e-14
64,8.881784197001252e-14
65,2.4868995751603507e-14
66,0.0
67,1.0658141036401503e-13
68,7.105427357601002e-15
69,9.237055564881302e-14
70,1.7763568394002505e-14
71,5.3290705182007514e-14
72,3.552713678800501e-15
73,2.1316282072803006e-14
74,3.197442310920451e-14
