algorithm = "r9_boundary_admm_fixed_v1"
best_model_iteration = 0
best_physical_iteration = 0
boundary_scale = [5.300659574468085, 1.2945929862315801, 2.5, 0.5, 4.9913225806451615, 1.5503150575859663, 2.9, 0.5, 4.422000000000001, 2.1416723475929844, 1.0, 1.6995, 4.422000000000001, 2.1416723475929844, 1.0, 1.2705000000000002, 1.7820000000000003, 0.8630619908210534, 1.0, 3.4320000000000004, 4.3725, 2.11769840340351, 1.0, 0.9405, 4.7355, 2.293507327459651, 1.0, 0.5115, 1.0, 1.0, 1.0, 1.2705000000000002]
budget_overrun = false
budget_sec = 521.6416615999769
built_block_count = 9
central_solution_injected = false
consensus_tolerance = 0.0001
cost_optimization_complete = false
cost_scale = 1.4239038999645007e6
elapsed_sec = 14.093870699987747
full_thermal_physics_certified = false
initialization = "zero_messages_and_scaled_duals"
input_sha256 = "5f1ddce8f60ff26281cadd450d5755327d54ab9bb197012dbe9f0121e025cad8"
max_iterations = 1000
model_version = "r9_trading_reconfiguration_v1"
origin = "synthetic"
rho = 1.0
schema = "r9-distributed-run-v1"
source_unchanged = true
status = "solver_failure"
trace = []

[fixed_modes]
heat_direction = [[1, 1, 1, 1, 1, 1, 1, 1, 1, 1, 1, 1, 1, 1, 1, 1, 1, 1, 1, 1, 1, 1, 1, 1], [1, 1, 1, 1, 1, 1, 1, 1, 1, 1, 1, 1, 1, 1, 1, 1, 1, 1, 1, 1, 1, 1, 1, 1], [1, 1, 1, 1, 1, 1, 1, 1, 1, 1, 1, 1, 1, 1, 1, 1, 1, 1, 1, 1, 1, 1, 1, 1], [1, 1, 1, 1, 1, 1, 1, 1, 1, 1, 1, 1, 1, 1, 1, 1, 1, 1, 1, 1, 1, 1, 1, 1], [1, 1, 1, 1, 1, 1, 1, 1, 1, 1, 1, 1, 1, 1, 1, 1, 1, 1, 1, 1, 1, 1, 1, 1], [1, 1, 1, 1, 1, 1, 1, 1, 1, 1, 1, 1, 1, 1, 1, 1, 1, 1, 1, 1, 1, 1, 1, 1], [1, 1, 1, 1, 1, 1, 1, 1, 1, 1, 1, 1, 1, 1, 1, 1, 1, 1, 1, 1, 1, 1, 1, 1], [1, 1, 1, 1, 1, 1, 1, 1, 1, 1, 1, 1, 1, 1, 1, 1, 1, 1, 1, 1, 1, 1, 1, 1], [1, 1, 1, 1, 1, 1, 1, 1, 1, 1, 1, 1, 1, 1, 1, 1, 1, 1, 1, 1, 1, 1, 1, 1], [1, 1, 1, 1, 1, 1, 1, 1, 1, 1, 1, 1, 1, 1, 1, 1, 1, 1, 1, 1, 1, 1, 1, 1], [1, 1, 1, 1, 1, 1, 1, 1, 1, 1, 1, 1, 1, 1, 1, 1, 1, 1, 1, 1, 1, 1, 1, 1], [1, 1, 1, 1, 1, 1, 1, 1, 1, 1, 1, 1, 1, 1, 1, 1, 1, 1, 1, 1, 1, 1, 1, 1], [1, 1, 1, 1, 1, 1, 1, 1, 1, 1, 1, 1, 1, 1, 1, 1, 1, 1, 1, 1, 1, 1, 1, 1], [1, 1, 1, 1, 1, 1, 1, 1, 1, 1, 1, 1, 1, 1, 1, 1, 1, 1, 1, 1, 1, 1, 1, 1], [1, 1, 1, 1, 1, 1, 1, 1, 1, 1, 1, 1, 1, 1, 1, 1, 1, 1, 1, 1, 1, 1, 1, 1], [1, 1, 1, 1, 1, 1, 1, 1, 1, 1, 1, 1, 1, 1, 1, 1, 1, 1, 1, 1, 1, 1, 1, 1], [1, 1, 1, 1, 1, 1, 1, 1, 1, 1, 1, 1, 1, 1, 1, 1, 1, 1, 1, 1, 1, 1, 1, 1], [1, 1, 1, 1, 1, 1, 1, 1, 1, 1, 1, 1, 1, 1, 1, 1, 1, 1, 1, 1, 1, 1, 1, 1], [1, 1, 1, 1, 1, 1, 1, 1, 1, 1, 1, 1, 1, 1, 1, 1, 1, 1, 1, 1, 1, 1, 1, 1], [1, 1, 1, 1, 1, 1, 1, 1, 1, 1, 1, 1, 1, 1, 1, 1, 1, 1, 1, 1, 1, 1, 1, 1], [1, 1, 1, 1, 1, 1, 1, 1, 1, 1, 1, 1, 1, 1, 1, 1, 1, 1, 1, 1, 1, 1, 1, 1], [1, 1, 1, 1, 1, 1, 1, 1, 1, 1, 1, 1, 1, 1, 1, 1, 1, 1, 1, 1, 1, 1, 1, 1], [1, 1, 1, 1, 1, 1, 1, 1, 1, 1, 1, 1, 1, 1, 1, 1, 1, 1, 1, 1, 1, 1, 1, 1], [1, 1, 1, 1, 1, 1, 1, 1, 1, 1, 1, 1, 1, 1, 1, 1, 1, 1, 1, 1, 1, 1, 1, 1], [1, 1, 1, 1, 1, 1, 1, 1, 1, 1, 1, 1, 1, 1, 1, 1, 1, 1, 1, 1, 1, 1, 1, 1], [1, 1, 1, 1, 1, 1, 1, 1, 1, 1, 1, 1, 1, 1, 1, 1, 1, 1, 1, 1, 1, 1, 1, 1], [1, 1, 1, 1, 1, 1, 1, 1, 1, 1, 1, 1, 1, 1, 1, 1, 1, 1, 1, 1, 1, 1, 1, 1], [1, 1, 1, 1, 1, 1, 1, 1, 1, 1, 1, 1, 1, 1, 1, 1, 1, 1, 1, 1, 1, 1, 1, 1], [1, 1, 1, 1, 1, 1, 1, 1, 1, 1, 1, 1, 1, 1, 1, 1, 1, 1, 1, 1, 1, 1, 1, 1], [1, 1, 1, 1, 1, 1, 1, 1, 1, 1, 1, 1, 1, 1, 1, 1, 1, 1, 1, 1, 1, 1, 1, 1], [1, 1, 1, 1, 1, 1, 1, 1, 1, 1, 1, 1, 1, 1, 1, 1, 1, 1, 1, 1, 1, 1, 1, 1], [1, 1, 1, 1, 1, 1, 1, 1, 1, 1, 1, 1, 1, 1, 1, 1, 1, 1, 1, 1, 1, 1, 1, 1], [1, 1, 1, 1, 1, 1, 1, 1, 1, 1, 1, 1, 1, 1, 1, 1, 1, 1, 1, 1, 1, 1, 1, 1], [1, 1, 1, 1, 1, 1, 1, 1, 1, 1, 1, 1, 1, 1, 1, 1, 1, 1, 1, 1, 1, 1, 1, 1], [1, 1, 1, 1, 1, 1, 1, 1, 1, 1, 1, 1, 1, 1, 1, 1, 1, 1, 1, 1, 1, 1, 1, 1], [1, 1, 1, 1, 1, 1, 1, 1, 1, 1, 1, 1, 1, 1, 1, 1, 1, 1, 1, 1, 1, 1, 1, 1], [1, 1, 1, 1, 1, 1, 1, 1, 1, 1, 1, 1, 1, 1, 1, 1, 1, 1, 1, 1, 1, 1, 1, 1], [0, 0, 0, 0, 0, 0, 0, 0, 0, 0, 0, 0, 0, 0, 0, 0, 0, 0, 0, 0, 0, 0, 0, 0], [0, 0, 0, 0, 0, 0, 0, 0, 0, 0, 0, 0, 0, 0, 0, 0, 0, 0, 0, 0, 0, 0, 0, 0]]
u_E = [[1, 1, 1, 1, 1, 1, 1, 1, 1, 1, 1, 1, 1, 1, 1, 1, 1, 1, 1, 1, 1, 1, 1, 1], [1, 1, 1, 1, 1, 1, 1, 1, 1, 1, 1, 1, 1, 1, 1, 1, 1, 1, 1, 1, 1, 1, 1, 1], [1, 1, 1, 1, 1, 1, 1, 1, 1, 1, 1, 1, 1, 1, 1, 1, 1, 1, 1, 1, 1, 1, 1, 1], [1, 1, 1, 1, 1, 1, 1, 1, 1, 1, 1, 1, 1, 1, 1, 1, 1, 1, 1, 1, 1, 1, 1, 1], [1, 1, 1, 1, 1, 1, 1, 1, 1, 1, 1, 1, 1, 1, 1, 1, 1, 1, 1, 1, 1, 1, 1, 1], [1, 1, 1, 1, 1, 1, 1, 1, 1, 1, 1, 1, 1, 1, 1, 1, 1, 1, 1, 1, 1, 1, 1, 1], [1, 1, 1, 1, 1, 1, 1, 1, 1, 1, 1, 1, 1, 1, 1, 1, 1, 1, 1, 1, 1, 1, 1, 1], [1, 1, 1, 1, 1, 1, 1, 1, 1, 1, 1, 1, 1, 1, 1, 1, 1, 1, 1, 1, 1, 1, 1, 1], [1, 1, 1, 1, 1, 1, 1, 1, 1, 1, 1, 1, 1, 1, 1, 1, 1, 1, 1, 1, 1, 1, 1, 1], [1, 1, 1, 1, 1, 1, 1, 1, 1, 1, 1, 1, 1, 1, 1, 1, 1, 1, 1, 1, 1, 1, 1, 1], [1, 1, 1, 1, 1, 1, 1, 1, 1, 1, 1, 1, 1, 1, 1, 1, 1, 1, 1, 1, 1, 1, 1, 1], [1, 1, 1, 1, 1, 1, 1, 1, 1, 1, 1, 1, 1, 1, 1, 1, 1, 1, 1, 1, 1, 1, 1, 1], [1, 1, 1, 1, 1, 1, 1, 1, 1, 1, 1, 1, 1, 1, 1, 1, 1, 1, 1, 1, 1, 1, 1, 1], [1, 1, 1, 1, 1, 1, 1, 1, 1, 1, 1, 1, 1, 1, 1, 1, 1, 1, 1, 1, 1, 1, 1, 1], [1, 1, 1, 1, 1, 1, 1, 1, 1, 1, 1, 1, 1, 1, 1, 1, 1, 1, 1, 1, 1, 1, 1, 1], [1, 1, 1, 1, 1, 1, 1, 1, 1, 1, 1, 1, 1, 1, 1, 1, 1, 1, 1, 1, 1, 1, 1, 1], [1, 1, 1, 1, 1, 1, 1, 1, 1, 1, 1, 1, 1, 1, 1, 1, 1, 1, 1, 1, 1, 1, 1, 1], [1, 1, 1, 1, 1, 1, 1, 1, 1, 1, 1, 1, 1, 1, 1, 1, 1, 1, 1, 1, 1, 1, 1, 1], [1, 1, 1, 1, 1, 1, 1, 1, 1, 1, 1, 1, 1, 1, 1, 1, 1, 1, 1, 1, 1, 1, 1, 1], [1, 1, 1, 1, 1, 1, 1, 1, 1, 1, 1, 1, 1, 1, 1, 1, 1, 1, 1, 1, 1, 1, 1, 1], [1, 1, 1, 1, 1, 1, 1, 1, 1, 1, 1, 1, 1, 1, 1, 1, 1, 1, 1, 1, 1, 1, 1, 1], [1, 1, 1, 1, 1, 1, 1, 1, 1, 1, 1, 1, 1, 1, 1, 1, 1, 1, 1, 1, 1, 1, 1, 1], [1, 1, 1, 1, 1, 1, 1, 1, 1, 1, 1, 1, 1, 1, 1, 1, 1, 1, 1, 1, 1, 1, 1, 1], [1, 1, 1, 1, 1, 1, 1, 1, 1, 1, 1, 1, 1, 1, 1, 1, 1, 1, 1, 1, 1, 1, 1, 1], [1, 1, 1, 1, 1, 1, 1, 1, 1, 1, 1, 1, 1, 1, 1, 1, 1, 1, 1, 1, 1, 1, 1, 1], [1, 1, 1, 1, 1, 1, 1, 1, 1, 1, 1, 1, 1, 1, 1, 1, 1, 1, 1, 1, 1, 1, 1, 1], [1, 1, 1, 1, 1, 1, 1, 1, 1, 1, 1, 1, 1, 1, 1, 1, 1, 1, 1, 1, 1, 1, 1, 1], [1, 1, 1, 1, 1, 1, 1, 1, 1, 1, 1, 1, 1, 1, 1, 1, 1, 1, 1, 1, 1, 1, 1, 1], [1, 1, 1, 1, 1, 1, 1, 1, 1, 1, 1, 1, 1, 1, 1, 1, 1, 1, 1, 1, 1, 1, 1, 1], [1, 1, 1, 1, 1, 1, 1, 1, 1, 1, 1, 1, 1, 1, 1, 1, 1, 1, 1, 1, 1, 1, 1, 1], [1, 1, 1, 1, 1, 1, 1, 1, 1, 1, 1, 1, 1, 1, 1, 1, 1, 1, 1, 1, 1, 1, 1, 1], [1, 1, 1, 1, 1, 1, 1, 1, 1, 1, 1, 1, 1, 1, 1, 1, 1, 1, 1, 1, 1, 1, 1, 1], [1, 1, 1, 1, 1, 1, 1, 1, 1, 1, 1, 1, 1, 1, 1, 1, 1, 1, 1, 1, 1, 1, 1, 1], [1, 1, 1, 1, 1, 1, 1, 1, 1, 1, 1, 1, 1, 1, 1, 1, 1, 1, 1, 1, 1, 1, 1, 1], [1, 1, 1, 1, 1, 1, 1, 1, 1, 1, 1, 1, 1, 1, 1, 1, 1, 1, 1, 1, 1, 1, 1, 1], [1, 1, 1, 1, 1, 1, 1, 1, 1, 1, 1, 1, 1, 1, 1, 1, 1, 1, 1, 1, 1, 1, 1, 1], [1, 1, 1, 1, 1, 1, 1, 1, 1, 1, 1, 1, 1, 1, 1, 1, 1, 1, 1, 1, 1, 1, 1, 1], [1, 1, 1, 1, 1, 1, 1, 1, 1, 1, 1, 1, 1, 1, 1, 1, 1, 1, 1, 1, 1, 1, 1, 1], [1, 1, 1, 1, 1, 1, 1, 1, 1, 1, 1, 1, 1, 1, 1, 1, 1, 1, 1, 1, 1, 1, 1, 1], [1, 1, 1, 1, 1, 1, 1, 1, 1, 1, 1, 1, 1, 1, 1, 1, 1, 1, 1, 1, 1, 1, 1, 1], [1, 1, 1, 1, 1, 1, 1, 1, 1, 1, 1, 1, 1, 1, 1, 1, 1, 1, 1, 1, 1, 1, 1, 1], [1, 1, 1, 1, 1, 1, 1, 1, 1, 1, 1, 1, 1, 1, 1, 1, 1, 1, 1, 1, 1, 1, 1, 1], [1, 1, 1, 1, 1, 1, 1, 1, 1, 1, 1, 1, 1, 1, 1, 1, 1, 1, 1, 1, 1, 1, 1, 1], [0, 0, 0, 0, 0, 0, 0, 0, 0, 0, 0, 0, 0, 0, 0, 0, 0, 0, 0, 0, 0, 0, 0, 0], [0, 0, 0, 0, 0, 0, 0, 0, 0, 0, 0, 0, 0, 0, 0, 0, 0, 0, 0, 0, 0, 0, 0, 0], [0, 0, 0, 0, 0, 0, 0, 0, 0, 0, 0, 0, 0, 0, 0, 0, 0, 0, 0, 0, 0, 0, 0, 0], [0, 0, 0, 0, 0, 0, 0, 0, 0, 0, 0, 0, 0, 0, 0, 0, 0, 0, 0, 0, 0, 0, 0, 0]]
u_H = [[1], [1], [1], [1], [1], [1], [1], [1], [1], [1], [1], [1], [1], [1], [1], [1], [1], [1], [1], [1], [1], [1], [1], [1], [1], [1], [1], [1], [1], [1], [1], [1], [1], [1], [1], [1], [1], [0], [0]]
z_storage = [[0, 0, 0, 0, 0, 0, 0, 0, 0, 0, 0, 0, 0, 0, 0, 0, 0, 0, 0, 0, 0, 0, 0, 0], [0, 0, 0, 0, 0, 0, 0, 0, 0, 0, 0, 0, 0, 0, 0, 0, 0, 0, 0, 0, 0, 0, 0, 0], [0, 0, 0, 0, 0, 0, 0, 0, 0, 0, 0, 0, 0, 0, 0, 0, 0, 0, 0, 0, 0, 0, 0, 0], [0, 0, 0, 0, 0, 0, 0, 0, 0, 0, 0, 0, 0, 0, 0, 0, 0, 0, 0, 0, 0, 0, 0, 0], [0, 0, 0, 0, 0, 0, 0, 0, 0, 0, 0, 0, 0, 0, 0, 0, 0, 0, 0, 0, 0, 0, 0, 0], [0, 0, 0, 0, 0, 0, 0, 0, 0, 0, 0, 0, 0, 0, 0, 0, 0, 0, 0, 0, 0, 0, 0, 0], [0, 0, 0, 0, 0, 0, 0, 0, 0, 0, 0, 0, 0, 0, 0, 0, 0, 0, 0, 0, 0, 0, 0, 0], [0, 0, 0, 0, 0, 0, 0, 0, 0, 0, 0, 0, 0, 0, 0, 0, 0, 0, 0, 0, 0, 0, 0, 0], [0, 0, 0, 0, 0, 0, 0, 0, 0, 0, 0, 0, 0, 0, 0, 0, 0, 0, 0, 0, 0, 0, 0, 0], [1, 1, 1, 1, 1, 1, 1, 1, 0, 0, 0, 0, 1, 1, 1, 1, 1, 0, 0, 0, 0, 1, 1, 1], [1, 1, 1, 1, 1, 1, 1, 1, 0, 0, 0, 0, 1, 1, 1, 1, 1, 0, 0, 0, 0, 1, 1, 1], [1, 1, 1, 1, 1, 1, 1, 1, 0, 0, 0, 0, 1, 1, 1, 1, 1, 0, 0, 0, 0, 1, 1, 1], [1, 1, 1, 1, 1, 1, 1, 1, 0, 0, 0, 0, 1, 1, 1, 1, 1, 0, 0, 0, 0, 1, 1, 1]]

[last_attempt]
iteration = 1

    [[last_attempt.agents]]
    actor = 2
    allocated_budget_sec = 512.9200339000672
    augmented_objective = 6.066472498234759
    convex_fixed_mode = true
    cost = 10621.738577712333
    elapsed_sec = 4.732013300061226
    input_sha256 = "5f1ddce8f60ff26281cadd450d5755327d54ab9bb197012dbe9f0121e025cad8"
    message = [[-1.3559400000008164, -1.290330000000857, -1.2465900000008878, -1.2247200000009044, -1.2684600000008706, -1.42155000000078, -1.4902500000009715, -1.2808200000011534, -0.3772736962372101, -0.19326000000506083, -0.000887956438892612, -0.0008879564384809413, -0.0008879564386881089, -0.0008879564387853645, -0.06830000002520653, -0.3386124695577881, -1.0932600000016428, -1.666381242038698, -1.6663812420559272, -1.6663812420446853, -1.6663812420409798, -1.640250000003897, -1.530900000021641, -1.5020320296956355], [0.656711714833885, 0.6249353415354711, 0.603751092669862, 0.5931589682370577, 0.6143432171026665, 0.6884880881322993, 0.7944093324603517, 0.9109227012212077, 0.9956596966836601, 1.0380281944148526, 1.0592124432804602, 1.016843945549252, 0.9532911989524409, 0.9215148256539936, 0.9532911989524979, 0.9956596966836545, 1.0380281944148657, 1.0592124432804289, 1.0168439455492273, 0.9532911989524109, 0.8685542034899824, 0.7944093324603467, 0.7414487102963258, 0.6884880881322988], [4.102926826465094e-13, 4.338284212224747e-13, 4.510716892763503e-13, 4.60220667215544e-13, 4.422977413832812e-13, 3.8916077400558065e-13, 3.7008170899512023e-13, 4.3803202343025864e-13, 3.9594200974193925e-12, 6.5330156317327775e-12, 1.3531676372833559e-6, 1.3570382482183093e-6, 1.3577658608994981e-6, 1.357236357596659e-6, 1.8801898086726436e-11, 2.698581034481417e-12, 5.273915496949663e-13, 1.9202139294899257e-12, 1.9396851100598497e-12, 1.92780944248402e-12, 1.916424353343319e-12, 3.3741980700219907e-13, 3.6594073022901327e-13, 3.65420631850743e-13], [0.0015646449958083785, 0.0015662120857514448, 0.0015677807443531355, 0.00156935097318368, 0.001570922773814879, 0.0015724961478201047, 0.0015740710967743, 0.0015756476222539809, 1.006954543088594e-17, 1.0074036345483963e-17, 1.0078516876797933e-17, 1.0083053907719628e-17, 0.0015835539528237185, 0.0015851399706519195, 0.0015867275760855783, 0.001588316770713892, 0.0015899075561276383, 1.0109905923141243e-17, 1.0114394269249352e-17, 1.011877745394343e-17, 1.0123187648739757e-17, 0.0015978854007671617, 0.0015994857643893787, 0.0016010877299772043]]
    model_types = ["(JuMP.AffExpr, MathOptInterface.EqualTo{Float64})", "(JuMP.AffExpr, MathOptInterface.LessThan{Float64})", "(Vector{JuMP.AffExpr}, MathOptInterface.RotatedSecondOrderCone)", "(JuMP.VariableRef, MathOptInterface.EqualTo{Float64})", "(JuMP.VariableRef, MathOptInterface.GreaterThan{Float64})", "(JuMP.VariableRef, MathOptInterface.LessThan{Float64})"]
    primal_status = "NEARLY_FEASIBLE_POINT"
    solver = "Clarabel"
    status = "solver_failure"
    termination = "ALMOST_OPTIMAL"

        [last_attempt.agents.values]
        E = [[0.0, 0.0, 0.0, 0.0, 0.0, 0.0, 0.0, 0.0, 0.0, 0.0, 0.0, 0.0, 0.0, 0.0, 0.0, 0.0, 0.0, 0.0, 0.0, 0.0, 0.0, 0.0, 0.0, 0.0, 0.0], [0.0, 0.0, 0.0, 0.0, 0.0, 0.0, 0.0, 0.0, 0.0, 0.0, 0.0, 0.0, 0.0, 0.0, 0.0, 0.0, 0.0, 0.0, 0.0, 0.0, 0.0, 0.0, 0.0, 0.0, 0.0], [0.0, 0.0, 0.0, 0.0, 0.0, 0.0, 0.0, 0.0, 0.0, 0.0, 0.0, 0.0, 0.0, 0.0, 0.0, 0.0, 0.0, 0.0, 0.0, 0.0, 0.0, 0.0, 0.0, 0.0, 0.0], [0.0, 0.0, 0.0, 0.0, 0.0, 0.0, 0.0, 0.0, 0.0, 0.0, 0.0, 0.0, 0.0, 0.0, 0.0, 0.0, 0.0, 0.0, 0.0, 0.0, 0.0, 0.0, 0.0, 0.0, 0.0], [0.0, 0.0, 0.0, 0.0, 0.0, 0.0, 0.0, 0.0, 0.0, 0.0, 0.0, 0.0, 0.0, 0.0, 0.0, 0.0, 0.0, 0.0, 0.0, 0.0, 0.0, 0.0, 0.0, 0.0, 0.0], [0.0, 0.0, 0.0, 0.0, 0.0, 0.0, 0.0, 0.0, 0.0, 0.0, 0.0, 0.0, 0.0, 0.0, 0.0, 0.0, 0.0, 0.0, 0.0, 0.0, 0.0, 0.0, 0.0, 0.0, 0.0], [0.0, 0.0, 0.0, 0.0, 0.0, 0.0, 0.0, 0.0, 0.0, 0.0, 0.0, 0.0, 0.0, 0.0, 0.0, 0.0, 0.0, 0.0, 0.0, 0.0, 0.0, 0.0, 0.0, 0.0, 0.0], [0.0, 0.0, 0.0, 0.0, 0.0, 0.0, 0.0, 0.0, 0.0, 0.0, 0.0, 0.0, 0.0, 0.0, 0.0, 0.0, 0.0, 0.0, 0.0, 0.0, 0.0, 0.0, 0.0, 0.0, 0.0], [0.0, 0.0, 0.0, 0.0, 0.0, 0.0, 0.0, 0.0, 0.0, 0.0, 0.0, 0.0, 0.0, 0.0, 0.0, 0.0, 0.0, 0.0, 0.0, 0.0, 0.0, 0.0, 0.0, 0.0, 0.0], [1.0, 1.000000000000267, 1.0000000000005538, 1.0000000000008546, 1.0000000000011633, 1.0000000000014555, 1.0000000000017035, 1.0000000000019362, 1.0000000000022222, 0.49630915393211644, 0.49630915392990543, 0.49630915392900615, 0.496309153928106, 0.971309153926425, 1.446309153924759, 1.9213091539233051, 1.9999999999991753, 1.9999999999997737, 1.8309276231977627, 1.3749920885192692, 1.0571828696184145, 0.9235420717662967, 0.9235420717695398, 0.9235420717896142, 1.0000000000000002], [0.0, 0.0, 0.0, 0.0, 0.0, 0.0, 0.0, 0.0, 0.0, 0.0, 0.0, 0.0, 0.0, 0.0, 0.0, 0.0, 0.0, 0.0, 0.0, 0.0, 0.0, 0.0, 0.0, 0.0, 0.0], [1.0000000000000002, 1.0004864127460185, 1.0009738278147366, 1.001462245694058, 1.0019516668728885, 1.0024420918411399, 1.0029335210897274, 1.0034259551105733, 1.0039193943966036, 1.0029154750005618, 1.0019125595239293, 1.000910646961117, 0.9999097363108675, 1.0004142028295184, 1.0009196715985877, 1.00142614312427, 1.001933617913325, 1.002442096473733, 1.0014396543755826, 1.0004382147195339, 0.9994377765031414, 0.9984383387249663, 0.9989578915169702, 0.9994784451016232, 0.9999999999999999], [0.0, 0.0, 0.0, 0.0, 0.0, 0.0, 0.0, 0.0, 0.0, 0.0, 0.0, 0.0, 0.0, 0.0, 0.0, 0.0, 0.0, 0.0, 0.0, 0.0, 0.0, 0.0, 0.0, 0.0, 0.0]]
        H_D = [[0.0, 0.0, 0.0, 0.0, 0.0, 0.0, 0.0, 0.0, 0.0, 0.0, 0.0, 0.0, 0.0, 0.0, 0.0, 0.0, 0.0, 0.0, 0.0, 0.0, 0.0, 0.0, 0.0, 0.0], [3.844564154760378e-19, 3.81795029148681e-19, 3.7912226724314256e-19, 3.764493692546665e-19, 3.73775672152368e-19, 3.710882736774249e-19, 3.6839986286698856e-19, 3.6569640951571816e-19, -1.0255333781842913e-21, -1.0377722154216257e-21, -1.052131684588212e-21, -1.0533819702075565e-21, 3.5240576539068303e-19, 3.497885121124307e-19, 3.471843048918158e-19, 3.4455140771696795e-19, 3.4191041460137854e-19, -1.091313505070101e-21, -1.09959148655658e-21, -1.1089819815600043e-21, -1.1051977169322783e-21, 3.289943668575603e-19, 3.2645985743460356e-19, 3.2391212771963034e-19], [0.0, 0.0, 0.0, 0.0, 0.0, 0.0, 0.0, 0.0, 0.0, 0.0, 0.0, 0.0, 0.0, 0.0, 0.0, 0.0, 0.0, 0.0, 0.0, 0.0, 0.0, 0.0, 0.0, 0.0], [0.0, 0.0, 0.0, 0.0, 0.0, 0.0, 0.0, 0.0, 0.0, 0.0, 0.0, 0.0, 0.0, 0.0, 0.0, 0.0, 0.0, 0.0, 0.0, 0.0, 0.0, 0.0, 0.0, 0.0], [0.0, 0.0, 0.0, 0.0, 0.0, 0.0, 0.0, 0.0, 0.0, 0.0, 0.0, 0.0, 0.0, 0.0, 0.0, 0.0, 0.0, 0.0, 0.0, 0.0, 0.0, 0.0, 0.0, 0.0], [0.0, 0.0, 0.0, 0.0, 0.0, 0.0, 0.0, 0.0, 0.0, 0.0, 0.0, 0.0, 0.0, 0.0, 0.0, 0.0, 0.0, 0.0, 0.0, 0.0, 0.0, 0.0, 0.0, 0.0], [0.0, 0.0, 0.0, 0.0, 0.0, 0.0, 0.0, 0.0, 0.0, 0.0, 0.0, 0.0, 0.0, 0.0, 0.0, 0.0, 0.0, 0.0, 0.0, 0.0, 0.0, 0.0, 0.0, 0.0], [0.0, 0.0, 0.0, 0.0, 0.0, 0.0, 0.0, 0.0, 0.0, 0.0, 0.0, 0.0, 0.0, 0.0, 0.0, 0.0, 0.0, 0.0, 0.0, 0.0, 0.0, 0.0, 0.0, 0.0], [0.0, 0.0, 0.0, 0.0, 0.0, 0.0, 0.0, 0.0, 0.0, 0.0, 0.0, 0.0, 0.0, 0.0, 0.0, 0.0, 0.0, 0.0, 0.0, 0.0, 0.0, 0.0, 0.0, 0.0]]
        H_cons = [[0.0, 0.0, 0.0, 0.0, 0.0, 0.0, 0.0, 0.0, 0.0, 0.0, 0.0, 0.0, 0.0, 0.0, 0.0, 0.0, 0.0, 0.0, 0.0, 0.0, 0.0, 0.0, 0.0, 0.0], [0.0, 0.0, 0.0, 0.0, 0.0, 0.0, 0.0, 0.0, 0.0, 0.0, 0.0, 0.0, 0.0, 0.0, 0.0, 0.0, 0.0, 0.0, 0.0, 0.0, 0.0, 0.0, 0.0, 0.0], [0.0, 0.0, 0.0, 0.0, 0.0, 0.0, 0.0, 0.0, 0.0, 0.0, 0.0, 0.0, 0.0, 0.0, 0.0, 0.0, 0.0, 0.0, 0.0, 0.0, 0.0, 0.0, 0.0, 0.0], [0.0, 0.0, 0.0, 0.0, 0.0, 0.0, 0.0, 0.0, 0.0, 0.0, 0.0, 0.0, 0.0, 0.0, 0.0, 0.0, 0.0, 0.0, 0.0, 0.0, 0.0, 0.0, 0.0, 0.0], [1.2077561568472732e-18, 1.1994503986013124e-18, 1.1911385114663113e-18, 1.1828468297208726e-18, 1.1745683146151723e-18, 1.1662960885507592e-18, 1.15803032515524e-18, 1.1497705766392521e-18, -1.4145084616858746e-23, -5.7406121548704935e-24, -1.416003106364731e-23, -1.418366361411443e-23, 1.1084788043846055e-18, 1.1002606080939917e-18, 1.0920539027761458e-18, 1.0838757756323636e-18, 1.0757061006746043e-18, -1.4234529025657996e-23, -5.821123130783515e-24, -1.4138809108906157e-23, -1.4250181200337748e-23, 1.0351654061529076e-18, 1.0271255706575253e-18, 1.0190918459349482e-18], [0.0, 0.0, 0.0, 0.0, 0.0, 0.0, 0.0, 0.0, 0.0, 0.0, 0.0, 0.0, 0.0, 0.0, 0.0, 0.0, 0.0, 0.0, 0.0, 0.0, 0.0, 0.0, 0.0, 0.0], [0.0, 0.0, 0.0, 0.0, 0.0, 0.0, 0.0, 0.0, 0.0, 0.0, 0.0, 0.0, 0.0, 0.0, 0.0, 0.0, 0.0, 0.0, 0.0, 0.0, 0.0, 0.0, 0.0, 0.0], [0.0, 0.0, 0.0, 0.0, 0.0, 0.0, 0.0, 0.0, 0.0, 0.0, 0.0, 0.0, 0.0, 0.0, 0.0, 0.0, 0.0, 0.0, 0.0, 0.0, 0.0, 0.0, 0.0, 0.0], [1.207756156847391e-18, 1.199450398601442e-18, 1.1911385114665586e-18, 1.1828468297208607e-18, 1.1745684091460131e-18, 1.1662960885508653e-18, 1.1580303251553342e-18, 1.1497705766394996e-18, -1.4145084562537227e-23, -5.740612193985928e-24, -1.416003108405583e-23, -1.4183663663598426e-23, 1.1084788043846527e-18, 1.1002607026248914e-18, 1.0920539027760634e-18, 1.0838757756325521e-18, 1.0757061006744866e-18, -1.4234529185428935e-23, -5.8211232197661926e-24, -1.413880905698749e-23, -1.4250181154786364e-23, 1.0351654061529193e-18, 1.027125570657596e-18, 1.019100347512618e-18], [1.2077561568472967e-18, 1.1994503986013713e-18, 1.1911385114665704e-18, 1.1828468297208607e-18, 1.1745684091460484e-18, 1.1662960885505589e-18, 1.1580303251550043e-18, 1.1497705766394407e-18, -1.414508458964127e-23, -5.646081379101957e-24, -1.406550021548903e-23, -1.408913292563703e-23, 1.1084788043846292e-18, 1.1002606080939564e-18, 1.0920539027761223e-18, 1.0838757756325521e-18, 1.0757061006746398e-18, -1.4234529056347535e-23, -5.821123129931452e-24, -1.4138809254511642e-23, -1.4250181228773636e-23, 1.03516540615299e-18, 1.0271255706577256e-18, 1.0190918459349482e-18], [0.0, 0.0, 0.0, 0.0, 0.0, 0.0, 0.0, 0.0, 0.0, 0.0, 0.0, 0.0, 0.0, 0.0, 0.0, 0.0, 0.0, 0.0, 0.0, 0.0, 0.0, 0.0, 0.0, 0.0], [0.0015646449958083746, 0.0015662120857514409, 0.0015677807443531316, 0.0015693509731836762, 0.001570922773814875, 0.0015724961478201008, 0.001574071096774296, 0.001575647622253977, 1.0070613399517893e-17, 1.0075091245005113e-17, 1.0079611394044885e-17, 1.008414974615004e-17, 0.0015835539528237148, 0.0015851399706519158, 0.0015867275760855747, 0.0015883167707138883, 0.0015899075561276348, 1.011103994023358e-17, 1.011551132410539e-17, 1.011992885235241e-17, 1.0124335597000273e-17, 0.0015978854007671582, 0.0015994857643893752, 0.0016010877299772008], [0.0, 0.0, 0.0, 0.0, 0.0, 0.0, 0.0, 0.0, 0.0, 0.0, 0.0, 0.0, 0.0, 0.0, 0.0, 0.0, 0.0, 0.0, 0.0, 0.0, 0.0, 0.0, 0.0, 0.0]]
        H_gen = [[1.9196674896144098e-19, 1.9196674896144098e-19, 1.9196674896144098e-19, 1.9196674896144098e-19, 1.9196674896144098e-19, 1.9196674896144098e-19, 1.9196674896144098e-19, 1.9196674896144098e-19, 1.9196674896144098e-19, 1.9196674896144098e-19, 1.9196674896144098e-19, 1.9196674896144098e-19, 1.9196674896144098e-19, 1.9196674896144098e-19, 1.9196674896144098e-19, 1.9196674896144098e-19, 1.9196674896144098e-19, 1.9196674896144098e-19, 1.9196674896144098e-19, 1.9196674896144098e-19, 1.9196674896144098e-19, 1.9196674896144098e-19, 1.9196674896144098e-19, 1.9196674896144098e-19], [1.9693342462512285e-19, 1.9693342462512285e-19, 1.9693342462512285e-19, 1.9693342462512285e-19, 1.9693342462512285e-19, 1.9693342462512285e-19, 1.9693342462512285e-19, 1.9693342462512285e-19, 1.9693342462512285e-19, 1.9693342462512285e-19, 1.9693342462512285e-19, 1.9693342462512285e-19, 1.9693342462512285e-19, 1.9693342462512285e-19, 1.9693342462512285e-19, 1.9693342462512285e-19, 1.9693342462512285e-19, 1.9693342462512285e-19, 1.9693342462512285e-19, 1.9693342462512285e-19, 1.9693342462512285e-19, 1.9693342462512285e-19, 1.9693342462512285e-19, 1.9693342462512285e-19], [0.0, 0.0, 0.0, 0.0, 0.0, 0.0, 0.0, 0.0, 0.0, 0.0, 0.0, 0.0, 0.0, 0.0, 0.0, 0.0, 0.0, 0.0, 0.0, 0.0, 0.0, 0.0, 0.0, 0.0], [0.0, 0.0, 0.0, 0.0, 0.0, 0.0, 0.0, 0.0, 0.0, 0.0, 0.0, 0.0, 0.0, 0.0, 0.0, 0.0, 0.0, 0.0, 0.0, 0.0, 0.0, 0.0, 0.0, 0.0], [4.1036229639960586e-13, 4.3389804417023434e-13, 4.5114134021106775e-13, 4.60290369712892e-13, 4.423675713621605e-13, 3.8923082984685245e-13, 3.701518980805643e-13, 4.3810210737694016e-13, 2.3956495059873945e-12, 4.9825123048271494e-12, 1.3531641648420141e-6, 1.35703477505632e-6, 1.357765302120653e-6, 1.3572357989177504e-6, 1.8801918136303456e-11, 2.6986455148041668e-12, 5.274620904838716e-13, 3.2779549589593643e-13, 3.4941763308368734e-13, 3.384477878909134e-13, 3.282739810921737e-13, 3.3749124792605153e-13, 3.660121644585536e-13, 3.654921405432421e-13], [0.0, 0.0, 0.0, 0.0, 0.0, 0.0, 0.0, 0.0, 0.0, 0.0, 0.0, 0.0, 0.0, 0.0, 0.0, 0.0, 0.0, 0.0, 0.0, 0.0, 0.0, 0.0, 0.0, 0.0], [0.0, 0.0, 0.0, 0.0, 0.0, 0.0, 0.0, 0.0, 0.0, 0.0, 0.0, 0.0, 0.0, 0.0, 0.0, 0.0, 0.0, 0.0, 0.0, 0.0, 0.0, 0.0, 0.0, 0.0], [0.0, 0.0, 0.0, 0.0, 0.0, 0.0, 0.0, 0.0, 0.0, 0.0, 0.0, 0.0, 0.0, 0.0, 0.0, 0.0, 0.0, 0.0, 0.0, 0.0, 0.0, 0.0, 0.0, 0.0], [3.5227992267650126e-19, 3.7245353852348157e-19, 3.872070177248408e-19, 3.9507571989990713e-19, 3.797045244859115e-19, 3.3407400351430157e-19, 3.177036703099273e-19, 3.7611478213758496e-19, 3.4045000125517036e-18, 5.617748756803732e-18, 1.7420999630448322e-13, 1.7443811332129905e-13, 1.7447985801714036e-13, 1.7444868030064445e-13, 1.6168069781322687e-17, 2.320561659170899e-18, 4.529249159255275e-19, 1.6506314236691042e-18, 1.6674761657297574e-18, 1.6572494838195845e-18, 1.6473286800343063e-18, 2.8974771406817345e-19, 3.142082076842024e-19, 3.137324280879321e-19], [3.5227992267667985e-19, 3.72453538523765e-19, 3.872070177240732e-19, 3.9507571990111098e-19, 3.7970452448588573e-19, 3.3407400351357265e-19, 3.1770367030988125e-19, 3.7611478213749473e-19, 3.4045000125506436e-18, 5.6177487568045865e-18, 1.7420999630448322e-13, 1.7443811332129918e-13, 1.7447985801714036e-13, 1.7444868030064432e-13, 1.616806978132292e-17, 2.320561659171429e-18, 4.529670064880436e-19, 1.6506314236680145e-18, 1.6674761657295217e-18, 1.6572494838193635e-18, 1.647328680034704e-18, 2.8970609151929106e-19, 3.1420820768390787e-19, 3.137324280885248e-19], [0.0, 0.0, 0.0, 0.0, 0.0, 0.0, 0.0, 0.0, 0.0, 0.0, 0.0, 0.0, 0.0, 0.0, 0.0, 0.0, 0.0, 0.0, 0.0, 0.0, 0.0, 0.0, 0.0, 0.0], [-7.031831294179721e-17, -7.03678548367051e-17, -7.042534875292419e-17, -7.049264878783229e-17, -7.058938792829054e-17, -7.0723989278862e-17, -7.082449278471874e-17, -7.083617624581682e-17, 1.5637637824319724e-12, 1.550492091408114e-12, 3.1240213488389917e-12, 3.1242857625812222e-12, 2.0981912937461586e-13, 2.097815480554617e-13, -5.238571658353014e-17, -6.912144606813367e-17, -7.144668082781583e-17, 1.592415132331142e-12, 1.5902641420238309e-12, 1.589358340094139e-12, 1.5881470775937855e-12, -7.202037765805253e-17, -7.206264595566117e-17, -7.213615735533244e-17], [0.0, 0.0, 0.0, 0.0, 0.0, 0.0, 0.0, 0.0, 0.0, 0.0, 0.0, 0.0, 0.0, 0.0, 0.0, 0.0, 0.0, 0.0, 0.0, 0.0, 0.0, 0.0, 0.0, 0.0]]
        P_D = [[0.0, 0.0, 0.0, 0.0, 0.0, 0.0, 0.0, 0.0, 0.0, 0.0, 0.0, 0.0, 0.0, 0.0, 0.0, 0.0, 0.0, 0.0, 0.0, 0.0, 0.0, 0.0, 0.0, 0.0], [1.3559400000000976, 1.2903300000000926, 1.2465900000000898, 1.2247200000000886, 1.268460000000091, 1.4215500000001033, 1.6402500000001323, 1.8808200000001607, 2.0557800000002056, 2.1432600000001587, 2.1870000000001584, 2.099520000000173, 1.9683000000001976, 1.9026900000001237, 1.9683000000003155, 2.055780000000194, 2.1432600000001854, 2.1870000000000935, 2.099520000000122, 1.9683000000001356, 1.7933400000001403, 1.640250000000122, 1.5309000000001183, 1.4215500000001022], [0.0, 0.0, 0.0, 0.0, 0.0, 0.0, 0.0, 0.0, 0.0, 0.0, 0.0, 0.0, 0.0, 0.0, 0.0, 0.0, 0.0, 0.0, 0.0, 0.0, 0.0, 0.0, 0.0, 0.0], [0.0, 0.0, 0.0, 0.0, 0.0, 0.0, 0.0, 0.0, 0.0, 0.0, 0.0, 0.0, 0.0, 0.0, 0.0, 0.0, 0.0, 0.0, 0.0, 0.0, 0.0, 0.0, 0.0, 0.0], [0.0, 0.0, 0.0, 0.0, 0.0, 0.0, 0.0, 0.0, 0.0, 0.0, 0.0, 0.0, 0.0, 0.0, 0.0, 0.0, 0.0, 0.0, 0.0, 0.0, 0.0, 0.0, 0.0, 0.0], [0.0, 0.0, 0.0, 0.0, 0.0, 0.0, 0.0, 0.0, 0.0, 0.0, 0.0, 0.0, 0.0, 0.0, 0.0, 0.0, 0.0, 0.0, 0.0, 0.0, 0.0, 0.0, 0.0, 0.0], [0.0, 0.0, 0.0, 0.0, 0.0, 0.0, 0.0, 0.0, 0.0, 0.0, 0.0, 0.0, 0.0, 0.0, 0.0, 0.0, 0.0, 0.0, 0.0, 0.0, 0.0, 0.0, 0.0, 0.0], [0.0, 0.0, 0.0, 0.0, 0.0, 0.0, 0.0, 0.0, 0.0, 0.0, 0.0, 0.0, 0.0, 0.0, 0.0, 0.0, 0.0, 0.0, 0.0, 0.0, 0.0, 0.0, 0.0, 0.0], [0.0, 0.0, 0.0, 0.0, 0.0, 0.0, 0.0, 0.0, 0.0, 0.0, 0.0, 0.0, 0.0, 0.0, 0.0, 0.0, 0.0, 0.0, 0.0, 0.0, 0.0, 0.0, 0.0, 0.0]]
        P_cons = [[0.0, 0.0, 0.0, 0.0, 0.0, 0.0, 0.0, 0.0, 0.0, 0.0, 0.0, 0.0, 0.0, 0.0, 0.0, 0.0, 0.0, 0.0, 0.0, 0.0, 0.0, 0.0, 0.0, 0.0], [0.0, 0.0, 0.0, 0.0, 0.0, 0.0, 0.0, 0.0, 0.0, 0.0, 0.0, 0.0, 0.0, 0.0, 0.0, 0.0, 0.0, 0.0, 0.0, 0.0, 0.0, 0.0, 0.0, 0.0], [0.0, 0.0, 0.0, 0.0, 0.0, 0.0, 0.0, 0.0, 0.0, 0.0, 0.0, 0.0, 0.0, 0.0, 0.0, 0.0, 0.0, 0.0, 0.0, 0.0, 0.0, 0.0, 0.0, 0.0], [0.0, 0.0, 0.0, 0.0, 0.0, 0.0, 0.0, 0.0, 0.0, 0.0, 0.0, 0.0, 0.0, 0.0, 0.0, 0.0, 0.0, 0.0, 0.0, 0.0, 0.0, 0.0, 0.0, 0.0], [4.373938737788405e-13, 4.623590164993677e-13, 4.806579105899272e-13, 4.903694947942739e-13, 4.713462587245339e-13, 4.1499262803461016e-13, 3.947839309896213e-13, 4.668211618285216e-13, 2.5492237329830232e-12, 5.30113381935414e-12, 1.43953600990199e-6, 1.4436536798996899e-6, 1.4444308362679645e-6, 1.4438675350487359e-6, 2.0002104667775016e-11, 2.8715638813345634e-12, 5.617156038971181e-13, 3.499728252478871e-13, 3.7294135399856684e-13, 3.612870886972315e-13, 3.5048161047172296e-13, 3.60246000365934e-13, 3.9043268107182666e-13, 3.8984310239323107e-13], [0.0, 0.0, 0.0, 0.0, 0.0, 0.0, 0.0, 0.0, 0.0, 0.0, 0.0, 0.0, 0.0, 0.0, 0.0, 0.0, 0.0, 0.0, 0.0, 0.0, 0.0, 0.0, 0.0, 0.0], [0.0, 0.0, 0.0, 0.0, 0.0, 0.0, 0.0, 0.0, 0.0, 0.0, 0.0, 0.0, 0.0, 0.0, 0.0, 0.0, 0.0, 0.0, 0.0, 0.0, 0.0, 0.0, 0.0, 0.0], [0.0, 0.0, 0.0, 0.0, 0.0, 0.0, 0.0, 0.0, 0.0, 0.0, 0.0, 0.0, 0.0, 0.0, 0.0, 0.0, 0.0, 0.0, 0.0, 0.0, 0.0, 0.0, 0.0, 0.0], [8.741765550166715e-17, 8.321909674954473e-17, 8.042149570744558e-17, 7.902294234513572e-17, 8.181961782009057e-17, 9.16179068598955e-17, 9.610599403100895e-17, 8.272295692544122e-17, 3.601633721450148e-17, 1.4392377739681536e-17, 2.9124611165155376e-19, 1.312647783897891e-19, 2.1161619912708036e-19, 2.495247544807506e-19, 1.426246465967121e-17, 1.4380124883355096e-17, 7.086526702672774e-17, 1.0294244709295196e-16, 1.096916890550053e-16, 1.0528299070476225e-16, 1.038297757749665e-16, 1.068877391013327e-16, 1.068178751395635e-16, 9.516099624603013e-17], [2.8085433617003695e-13, 3.0156669112336103e-13, 3.169517702190562e-13, 3.2488880092455483e-13, 3.077558260723528e-13, 2.609545544648084e-13, 2.4487002653069566e-13, 3.0096757767150807e-13, 3.270096098218711e-17, 6.157161706774665e-18, -9.272935060920874e-18, -9.239363827162381e-18, 0.4999999999982308, 0.49999999999824646, 0.4999999999984699, 0.08283246955354742, 6.294391832508344e-13, 1.1310767923101887e-17, 1.839124590250717e-17, 1.289832656796931e-17, 1.1198878116682995e-17, 3.414248928514156e-12, 2.1131821189976907e-11, 0.08048202969514302], [0.0, 0.0, 0.0, 0.0, 0.0, 0.0, 0.0, 0.0, 0.0, 0.0, 0.0, 0.0, 0.0, 0.0, 0.0, 0.0, 0.0, 0.0, 0.0, 0.0, 0.0, 0.0, 0.0, 0.0], [8.741765550165499e-17, 8.321909674952311e-17, 8.042149570745639e-17, 7.902294234512761e-17, 8.181961782010273e-17, 9.161790685992386e-17, 9.610593453680573e-17, 8.272295692544933e-17, 3.6016337214508235e-17, 1.4392377739674443e-17, 2.91185279514503e-19, 1.312647783848102e-19, 2.116161991268297e-19, 2.4952475447089836e-19, 1.4262464659659388e-17, 1.4380124883362525e-17, 7.086526702674125e-17, 1.0294244709292088e-16, 1.0969168905504312e-16, 1.0528299070474875e-16, 1.0382977577494218e-16, 1.0688773910133405e-16, 1.0681787513956486e-16, 9.516099624603958e-17], [0.0, 0.0, 0.0, 0.0, 0.0, 0.0, 0.0, 0.0, 0.0, 0.0, 0.0, 0.0, 0.0, 0.0, 0.0, 0.0, 0.0, 0.0, 0.0, 0.0, 0.0, 0.0, 0.0, 0.0]]
        P_gen = [[7.158382704203925e-19, 7.158382704203925e-19, 7.158382704203925e-19, 7.158382704203925e-19, 7.158382704203925e-19, 7.158382704203925e-19, 7.158382704203925e-19, 7.158382704203925e-19, 7.158382704203925e-19, 7.158382704203925e-19, 7.158382704203925e-19, 7.158382704203925e-19, 7.158382704203925e-19, 7.158382704203925e-19, 7.158382704203925e-19, 7.158382704203925e-19, 7.158382704203925e-19, 7.158382704203925e-19, 7.158382704203925e-19, 7.158382704203925e-19, 7.158382704203925e-19, 7.158382704203925e-19, 7.158382704203925e-19, 7.158382704203925e-19], [5.545952618740797e-19, 5.545952618740797e-19, 5.545952618740797e-19, 5.545952618740797e-19, 5.545952618740797e-19, 5.545952618740797e-19, 5.545952618740797e-19, 5.545952618740797e-19, 5.545952618740797e-19, 5.545952618740797e-19, 5.545952618740797e-19, 5.545952618740797e-19, 5.545952618740797e-19, 5.545952618740797e-19, 5.545952618740797e-19, 5.545952618740797e-19, 5.545952618740797e-19, 5.545952618740797e-19, 5.545952618740797e-19, 5.545952618740797e-19, 5.545952618740797e-19, 5.545952618740797e-19, 5.545952618740797e-19, 5.545952618740797e-19], [0.0, 0.0, 0.0, 0.0, 0.0, 0.0, 0.0, 0.0, 0.0, 0.0, 0.0, 0.0, 0.0, 0.0, 0.0, 0.0, 0.0, 0.0, 0.0, 0.0, 0.0, 0.0, 0.0, 0.0], [0.0, 0.0, 0.0, 0.0, 0.0, 0.0, 0.0, 0.0, 0.0, 0.0, 0.0, 0.0, 0.0, 0.0, 0.0, 0.0, 0.0, 0.0, 0.0, 0.0, 0.0, 0.0, 0.0, 0.0], [-8.741765550163203e-17, -8.321909674956228e-17, -8.042149570743612e-17, -7.902294234512761e-17, -8.18196178200676e-17, -9.161790685988875e-17, -9.61059940309468e-17, -8.272295692541286e-17, -3.60163372144927e-17, -1.4392377739675795e-17, -2.9124611160393635e-19, -1.312647783682957e-19, -2.1161619911906981e-19, -2.495247544871306e-19, -1.4262403827535013e-17, -1.4380124883390893e-17, -7.086526702672368e-17, -1.029424470929263e-16, -1.0969168905495801e-16, -1.0528299070476901e-16, -1.0382977577497865e-16, -1.068877391013327e-16, -1.068178751396351e-16, -9.51609962459923e-17], [0.0, 0.0, 0.0, 0.0, 0.0, 0.0, 0.0, 0.0, 0.0, 0.0, 0.0, 0.0, 0.0, 0.0, 0.0, 0.0, 0.0, 0.0, 0.0, 0.0, 0.0, 0.0, 0.0, 0.0], [6.971796007153742e-20, 6.971796007153742e-20, 6.971796007153742e-20, 6.971796007153742e-20, 6.971796007153742e-20, 6.971796007153742e-20, 6.971796007153742e-20, 6.971796007153742e-20, 6.971796007153742e-20, 6.971796007153742e-20, 6.971796007153742e-20, 6.971796007153742e-20, 6.971796007153742e-20, 6.971796007153742e-20, 6.971796007153742e-20, 6.971796007153742e-20, 6.971796007153742e-20, 6.971796007153742e-20, 6.971796007153742e-20, 6.971796007153742e-20, 6.971796007153742e-20, 6.971796007153742e-20, 6.971796007153742e-20, 6.971796007153742e-20], [6.33523127753044e-20, 6.33523127753044e-20, 6.33523127753044e-20, 6.33523127753044e-20, 6.33523127753044e-20, 6.33523127753044e-20, 6.33523127753044e-20, 6.33523127753044e-20, 6.33523127753044e-20, 6.33523127753044e-20, 6.33523127753044e-20, 6.33523127753044e-20, 6.33523127753044e-20, 6.33523127753044e-20, 6.33523127753044e-20, 6.33523127753044e-20, 6.33523127753044e-20, 6.33523127753044e-20, 6.33523127753044e-20, 6.33523127753044e-20, 6.33523127753044e-20, 6.33523127753044e-20, 6.33523127753044e-20, 6.33523127753044e-20], [-8.736066719576033e-17, -8.316210919823808e-17, -8.036444785811331e-17, -7.89658947222736e-17, -8.176256948801119e-17, -9.156085899888449e-17, 0.1499999999998008, 0.5999999999997756, 1.1999999999989441, 1.9499999999982984, 2.1861134830964213, 2.0986334872145167, 2.4674134879905765, 2.4018034874271197, 2.399999999993581, 1.7999999999988248, 1.049999999999734, 0.359999999999835, -1.0963470013241543e-16, -1.0522600189719405e-16, -1.0377272762306383e-16, -1.0683069087536567e-16, -1.0676082641716721e-16, -9.51039483313091e-17], [-8.060238944953192e-17, -7.615868449164576e-17, -7.320233797792959e-17, -7.173145757414237e-17, -7.470850711119951e-17, -8.510771646643248e-17, -8.988296004105048e-17, -7.57251901353972e-17, 0.4785063037666006, 2.1004369863655902e-12, 8.543527269157336e-13, 8.550733886876825e-13, 7.112211702190685e-17, 7.039072216626532e-17, 4.3413505867065774e-17, -5.621894299047266e-19, -3.209829356136738e-16, 0.16061875796191083, 0.4331387579445686, 0.30191875795581213, 0.1269587579595114, -1.94411941483764e-18, -1.8866271070495453e-18, 1.0467777397784743e-17], [0.0, 0.0, 0.0, 0.0, 0.0, 0.0, 0.0, 0.0, 0.0, 0.0, 0.0, 0.0, 0.0, 0.0, 0.0, 0.0, 0.0, 0.0, 0.0, 0.0, 0.0, 0.0, 0.0, 0.0], [-8.741765550165229e-17, -8.321909674957039e-17, -8.042149570745369e-17, -7.902294234514112e-17, -8.181961782005949e-17, -9.161790685989954e-17, -9.610593453680169e-17, -8.272295692543447e-17, -3.60163372144981e-17, -1.4392377739678495e-17, -2.9124611165806037e-19, -1.3126477839194741e-19, -2.1161619913208036e-19, -2.495247544994894e-19, -1.4262403827527245e-17, -1.4380124883361175e-17, -7.086526702672234e-17, -1.0294244709295061e-16, -1.0969168905500124e-16, -1.052829907047663e-16, -1.0382977577501242e-16, -1.0688773910133136e-16, -1.0681787513957837e-16, -9.516099624599635e-17], [0.0, 0.0, 0.0, 0.0, 0.0, 0.0, 0.0, 0.0, 0.0, 0.0, 0.0, 0.0, 0.0, 0.0, 0.0, 0.0, 0.0, 0.0, 0.0, 0.0, 0.0, 0.0, 0.0, 0.0]]
        w_H = [[0.0, 0.0, 0.0, 0.0, 0.0, 0.0, 0.0, 0.0, 0.0, 0.0, 0.0, 0.0, 0.0, 0.0, 0.0, 0.0, 0.0, 0.0, 0.0, 0.0, 0.0, 0.0, 0.0, 0.0], [2.9843627263973645e-8, 2.984363880509011e-8, 2.9843662293855116e-8, 2.9843697523304835e-8, 2.984374480742706e-8, 2.984380377157157e-8, 2.9843874487956165e-8, 2.984395557806129e-8, 2.984297028243339e-8, 2.9842972460210506e-8, 2.9842980622861414e-8, 2.984299642533639e-8, 2.9844195798337974e-8, 2.984420506302081e-8, 2.98442180121598e-8, 2.9844240722927145e-8, 2.984427231455385e-8, 2.98430247352716e-8, 2.984301823084413e-8, 2.9843019839057914e-8, 2.984302899086638e-8, 2.984427768970131e-8, 2.984425008859751e-8, 2.984423424650458e-8], [0.0, 0.0, 0.0, 0.0, 0.0, 0.0, 0.0, 0.0, 0.0, 0.0, 0.0, 0.0, 0.0, 0.0, 0.0, 0.0, 0.0, 0.0, 0.0, 0.0, 0.0, 0.0, 0.0, 0.0], [0.0, 0.0, 0.0, 0.0, 0.0, 0.0, 0.0, 0.0, 0.0, 0.0, 0.0, 0.0, 0.0, 0.0, 0.0, 0.0, 0.0, 0.0, 0.0, 0.0, 0.0, 0.0, 0.0, 0.0], [0.0, 0.0, 0.0, 0.0, 0.0, 0.0, 0.0, 0.0, 0.0, 0.0, 0.0, 0.0, 0.0, 0.0, 0.0, 0.0, 0.0, 0.0, 0.0, 0.0, 0.0, 0.0, 0.0, 0.0], [0.0, 0.0, 0.0, 0.0, 0.0, 0.0, 0.0, 0.0, 0.0, 0.0, 0.0, 0.0, 0.0, 0.0, 0.0, 0.0, 0.0, 0.0, 0.0, 0.0, 0.0, 0.0, 0.0, 0.0], [0.0, 0.0, 0.0, 0.0, 0.0, 0.0, 0.0, 0.0, 0.0, 0.0, 0.0, 0.0, 0.0, 0.0, 0.0, 0.0, 0.0, 0.0, 0.0, 0.0, 0.0, 0.0, 0.0, 0.0], [0.0, 0.0, 0.0, 0.0, 0.0, 0.0, 0.0, 0.0, 0.0, 0.0, 0.0, 0.0, 0.0, 0.0, 0.0, 0.0, 0.0, 0.0, 0.0, 0.0, 0.0, 0.0, 0.0, 0.0], [0.0, 0.0, 0.0, 0.0, 0.0, 0.0, 0.0, 0.0, 0.0, 0.0, 0.0, 0.0, 0.0, 0.0, 0.0, 0.0, 0.0, 0.0, 0.0, 0.0, 0.0, 0.0, 0.0, 0.0]]
        w_P = [[0.0, 0.0, 0.0, 0.0, 0.0, 0.0, 0.0, 0.0, 0.0, 0.0, 0.0, 0.0, 0.0, 0.0, 0.0, 0.0, 0.0, 0.0, 0.0, 0.0, 0.0, 0.0, 0.0, 0.0], [226.9843616167456, 205.54957058870446, 191.8502007229457, 185.17766293225787, 198.64084031299885, 249.48203335361643, 332.15062671483815, 436.7263779069438, 521.756918727899, 567.1064607742162, 590.4900763297405, 544.1955692015363, 478.29693236224387, 446.94177685091313, 478.2969562027646, 521.7569067121664, 567.1066910318102, 590.4900293592642, 544.1956687391918, 478.29693028541277, 397.04558037980127, 332.1506451135876, 289.34009687041936, 249.48202844972775], [0.0, 0.0, 0.0, 0.0, 0.0, 0.0, 0.0, 0.0, 0.0, 0.0, 0.0, 0.0, 0.0, 0.0, 0.0, 0.0, 0.0, 0.0, 0.0, 0.0, 0.0, 0.0, 0.0, 0.0], [0.0, 0.0, 0.0, 0.0, 0.0, 0.0, 0.0, 0.0, 0.0, 0.0, 0.0, 0.0, 0.0, 0.0, 0.0, 0.0, 0.0, 0.0, 0.0, 0.0, 0.0, 0.0, 0.0, 0.0], [0.0, 0.0, 0.0, 0.0, 0.0, 0.0, 0.0, 0.0, 0.0, 0.0, 0.0, 0.0, 0.0, 0.0, 0.0, 0.0, 0.0, 0.0, 0.0, 0.0, 0.0, 0.0, 0.0, 0.0], [0.0, 0.0, 0.0, 0.0, 0.0, 0.0, 0.0, 0.0, 0.0, 0.0, 0.0, 0.0, 0.0, 0.0, 0.0, 0.0, 0.0, 0.0, 0.0, 0.0, 0.0, 0.0, 0.0, 0.0], [0.0, 0.0, 0.0, 0.0, 0.0, 0.0, 0.0, 0.0, 0.0, 0.0, 0.0, 0.0, 0.0, 0.0, 0.0, 0.0, 0.0, 0.0, 0.0, 0.0, 0.0, 0.0, 0.0, 0.0], [0.0, 0.0, 0.0, 0.0, 0.0, 0.0, 0.0, 0.0, 0.0, 0.0, 0.0, 0.0, 0.0, 0.0, 0.0, 0.0, 0.0, 0.0, 0.0, 0.0, 0.0, 0.0, 0.0, 0.0], [0.0, 0.0, 0.0, 0.0, 0.0, 0.0, 0.0, 0.0, 0.0, 0.0, 0.0, 0.0, 0.0, 0.0, 0.0, 0.0, 0.0, 0.0, 0.0, 0.0, 0.0, 0.0, 0.0, 0.0]]
        z_storage = [[0.0, 0.0, 0.0, 0.0, 0.0, 0.0, 0.0, 0.0, 0.0, 0.0, 0.0, 0.0, 0.0, 0.0, 0.0, 0.0, 0.0, 0.0, 0.0, 0.0, 0.0, 0.0, 0.0, 0.0], [0.0, 0.0, 0.0, 0.0, 0.0, 0.0, 0.0, 0.0, 0.0, 0.0, 0.0, 0.0, 0.0, 0.0, 0.0, 0.0, 0.0, 0.0, 0.0, 0.0, 0.0, 0.0, 0.0, 0.0], [0.0, 0.0, 0.0, 0.0, 0.0, 0.0, 0.0, 0.0, 0.0, 0.0, 0.0, 0.0, 0.0, 0.0, 0.0, 0.0, 0.0, 0.0, 0.0, 0.0, 0.0, 0.0, 0.0, 0.0], [0.0, 0.0, 0.0, 0.0, 0.0, 0.0, 0.0, 0.0, 0.0, 0.0, 0.0, 0.0, 0.0, 0.0, 0.0, 0.0, 0.0, 0.0, 0.0, 0.0, 0.0, 0.0, 0.0, 0.0], [0.0, 0.0, 0.0, 0.0, 0.0, 0.0, 0.0, 0.0, 0.0, 0.0, 0.0, 0.0, 0.0, 0.0, 0.0, 0.0, 0.0, 0.0, 0.0, 0.0, 0.0, 0.0, 0.0, 0.0], [0.0, 0.0, 0.0, 0.0, 0.0, 0.0, 0.0, 0.0, 0.0, 0.0, 0.0, 0.0, 0.0, 0.0, 0.0, 0.0, 0.0, 0.0, 0.0, 0.0, 0.0, 0.0, 0.0, 0.0], [0.0, 0.0, 0.0, 0.0, 0.0, 0.0, 0.0, 0.0, 0.0, 0.0, 0.0, 0.0, 0.0, 0.0, 0.0, 0.0, 0.0, 0.0, 0.0, 0.0, 0.0, 0.0, 0.0, 0.0], [0.0, 0.0, 0.0, 0.0, 0.0, 0.0, 0.0, 0.0, 0.0, 0.0, 0.0, 0.0, 0.0, 0.0, 0.0, 0.0, 0.0, 0.0, 0.0, 0.0, 0.0, 0.0, 0.0, 0.0], [0.0, 0.0, 0.0, 0.0, 0.0, 0.0, 0.0, 0.0, 0.0, 0.0, 0.0, 0.0, 0.0, 0.0, 0.0, 0.0, 0.0, 0.0, 0.0, 0.0, 0.0, 0.0, 0.0, 0.0], [1.0, 1.0, 1.0, 1.0, 1.0, 1.0, 1.0, 1.0, 2.416123492268545e-17, 3.5689261966548515e-18, -2.5533534508489422e-18, -2.540317458756051e-18, 0.9999999999999998, 0.9999999999999998, 0.9999999999999998, 1.0, 1.0000000000000002, 5.6023469176411335e-18, 1.0434225192143448e-17, 6.485054328805018e-18, 5.561368427196087e-18, 1.0, 1.0, 1.0], [0.0, 0.0, 0.0, 0.0, 0.0, 0.0, 0.0, 0.0, 0.0, 0.0, 0.0, 0.0, 0.0, 0.0, 0.0, 0.0, 0.0, 0.0, 0.0, 0.0, 0.0, 0.0, 0.0, 0.0], [1.0, 1.0, 1.0, 1.0, 1.0, 1.0, 1.0, 1.0, 5.9802604917088266e-18, 5.984938284788143e-18, 5.9895244750384996e-18, 5.994305230600556e-18, 0.9999999999998578, 0.9999999999998578, 1.0, 1.0, 1.0, 6.020098752489488e-18, 6.0243513526539014e-18, 6.0288092885400664e-18, 6.033396621746016e-18, 1.0, 1.0, 1.0], [0.0, 0.0, 0.0, 0.0, 0.0, 0.0, 0.0, 0.0, 0.0, 0.0, 0.0, 0.0, 0.0, 0.0, 0.0, 0.0, 0.0, 0.0, 0.0, 0.0, 0.0, 0.0, 0.0, 0.0]]

[source_hashes_at_solve]
"Manifest.toml" = "948f0f5c5a4bc8381a3d9ad413fb0f8e78ee1a3bad52606dea9b9b6f144e5450"
"Project.toml" = "a03b47e468b374bc737db5a13dc9359a40f74b16efaf85a1c541bcdd6a2a0bd4"
"src/PaperRebuild.jl" = "03fd8d46b2b850209fb7055ed6c6fdce9528cefa46d21feaec89b7824536b31c"
"src/algorithms/r3_baseline.jl" = "9f0e83f592ec51c3891c9e066f10f1c483f694446da2cd138cce98d8ca7bba9d"
"src/algorithms/r3_local.jl" = "f2d74a262e27157201774fe8c1a4db7722a8e6da61759726c1b9921e2c1405ed"
"src/algorithms/r3_pg.jl" = "260d1ca9da680297d6bc48ff664980c596026555ea312f2d726929930ee97dfe"
"src/algorithms/r3_physical.jl" = "ab5ed82e6021fa462dbdfb2d27a72ca51f4a360e05b97cba51eed8d7239edd8d"
"src/algorithms/r3_projection.jl" = "06f82edd1cfa74d3def9d6636570161fbcf225105da074f958ccf210ecba9d16"
"src/algorithms/r3_sensitivity.jl" = "3df89088e79f08b54ca140c45df40aa5d53dd60ee18e068038e67bf205216e42"
"src/algorithms/r3_v2.jl" = "25526ca773ac70f0b597a6b9ff484e7d9a5713c5fa70a3e4eb08ac0c41a818c6"
"src/algorithms/r3_v3.jl" = "d77281b59aff2bb7739b1756aba739545105ac2f955813d47e810e33ea6c7408"
"src/algorithms/r4_bargaining.jl" = "d45c2aff5eb9e402d35ed79ddf51bf493d51014162553d2767a4121e08ef07b3"
"src/algorithms/r4_discrete.jl" = "f397a3a7e87516df50db224e75423b28b3075cebcdb85ebd23379e91e1efd4b0"
"src/algorithms/r4_distributed.jl" = "7e377031ee5a74c6480aafbd2872465193f08bd722f7a8e4c07da315a57c9617"
"src/algorithms/r4_heat_compatibility.jl" = "66469410d5360204051748ce67eeb3a95c3c42d1de3c1bcfc4928910c3e6eb69"
"src/algorithms/r4_reconfiguration.jl" = "f1c298eb35dd607146cdf908d8c192e98f65ddb94268f25d82ea9e8ea918c3ea"
"src/algorithms/r4_thermal.jl" = "82cbf013ec94ef88b385eefe3c9ec37c66ff680069d1029dcaaba4ef638d38a0"
"src/algorithms/r4_tspa.jl" = "249ef9675c291edc1bd80d763b19634a3b17b0ca6f6390cbbc562cc18878d7b3"
"src/algorithms/r5_benders.jl" = "212a004d95e367a3051326198dd0f082141bea927ab335b6c78a83b615d3c1bf"
"src/algorithms/r5_commitment.jl" = "5038f22f037bba90a7bb3e2afc79b900fdff2d91ebe0afbde8ff189acd0c04bb"
"src/algorithms/r5_dispatch.jl" = "fe48a6db69bf8bbb9b843b1ecc1695ced426a60860e39a586198e15cd77fca03"
"src/algorithms/r5_execution.jl" = "1c13c03d8d5aabed3e083a269bd5a18264702667981169a21cdc793e9ba1a3cd"
"src/algorithms/r5_market.jl" = "a5a5bbc1b96743973ea81e79ec8af40e8f18328d00ca7fc14b540aaf9324154a"
"src/algorithms/r5_market_selection.jl" = "d80d8adf5b1c3662a6d559dca81b88131e9ea55c708f4ce234bb0c37a0f877cc"
"src/algorithms/r5_risk.jl" = "44824bcb0093e32b935b3d88b87d292cdf1add9d3afeac133db8e7064b4ae28f"
"src/algorithms/r5_strategic.jl" = "b1ffb61adbc615052da4d64fcd9dcf79984078aabb903c958203fa0a13a16bda"
"src/algorithms/r5_strategic_benders.jl" = "718c9dfdfdbf133fd914b53eaf7522e1b09bb025f233425887dfaae1ab2b43b7"
"src/algorithms/r6_data.jl" = "f2ed119e36dd8609d167823f30ab0257d3e9b191c04bfb18efbd0e76a8fd4a59"
"src/algorithms/r6_evaluation.jl" = "a682896f137530790108bf1857b0ba44ef1cadeec70ba71ef1738dbfdc1cabd7"
"src/algorithms/r6_methods.jl" = "97a1e8add94a092a37a3725bcd7073934dcb03b0d77a3a0a241076e6a802ef14"
"src/algorithms/r6_support_evaluation.jl" = "23fac49d88f46f3037e9a6dc1d33e9776c3400a774a3710a0595be9fff35df41"
"src/algorithms/r7_adversary.jl" = "0634f7287636d8a86183bda8d0953ac24ab80f7d88c041c78df1c1d6d883e621"
"src/algorithms/r7_flow_planning.jl" = "c5a8fd3f53e641a1971932384809fbdce6f68ce48021b00ac5e6a2dece6b02c0"
"src/algorithms/r7_linked_planning.jl" = "b8aa0aa12ba5be18e011d5d49f921835714a15d31d18ff9c669e7d7d9a8265fe"
"src/algorithms/r7_normal.jl" = "25461a5abf0cac63c9ef15bddb87c3e44652fd352cad9c13816e4a46fdaec7de"
"src/algorithms/r7_normal_flow.jl" = "3605ab90aee65261d7d7ae0bab41e0efd386ff57db44ecb6c2d443b280b03058"
"src/algorithms/r7_planning.jl" = "d92902dd28d4350ae87c65ca73996285e331813e09ef3bbc28400da8c954ed95"
"src/algorithms/r7_recovery.jl" = "a6d792f7d806a59b5adb44632299d92a4e08a1807c15778324824687a8668177"
"src/algorithms/r7_thermal.jl" = "b7f212109ebab47ddfb1d184a2d325dee66aad518bc6b83c6227b53453b3a039"
"src/algorithms/r7_transport.jl" = "1b37c0e59b8b7199bdc058d15e47b57f56becf340c21735f471cbef8fb5bdcd0"
"src/algorithms/r8_energy_flow.jl" = "a5b0020005ec986abbdd8fbb36545852075c7045e91fcf75d7237ba7f78cfbec"
"src/algorithms/r8_tradeoff.jl" = "1d958c1a0f89cbcf779293a7f32515d7f8a90ebe28d040017a5ab3fc701d7d5b"
"src/algorithms/r9_common_witness.jl" = "92ee0e33554990ef1fabc8e683a70bedcdfef913b6fe4742a3db0653febcef50"
"src/algorithms/r9_compact_risk.jl" = "b69d2c864231f127925087f80f2d2ca742aa9008a17afcc616f39181fea7f262"
"src/algorithms/r9_detailed_preplan.jl" = "d3d818d4f33b51dabc79e00845a85a0b1a501ea820041ae77423bcd5ea2568bf"
"src/algorithms/r9_distributed.jl" = "dde60f8fdb372de8a11d3091bcf0c2e7efbc6d675d41cdd847dfff45ea8d77d7"
"src/algorithms/r9_evaluation.jl" = "a7ef67028f3112d06f92badd0f555d05b264411b5afdf25e83f4880722f05f5b"
"src/algorithms/r9_preplan.jl" = "84fab3bd3027945580a378ceb9faa18d9bcd347493d7570deb15b377dd592942"
"src/algorithms/r9_risk_start.jl" = "22f1dcb9f80b16c6335a4c4ec646c895bc23510438a9c2240846ea4c6d81712a"
"src/algorithms/r9_seeded_risk.jl" = "b85e7c4e29cfa7612337763d931e35b40d973529e4d3c3529d9a889b4633b698"
"src/algorithms/r9_trading.jl" = "42b2bb3b0eccec12b8e568998381048ff3174e2c14fda45d69c3a2f05c0a965b"
"src/components/devices.jl" = "01a86d8bb7bbbf0ad27f79acb099427ec18543a0a4b1b916f411f2e1a4053e2d"
"src/components/r7_commitment.jl" = "5530d9cb5a448db2fec391ba0dfca6115ebc88e8836ab98a7255bd8f13f351c5"
"src/core/case.jl" = "dd5de1049fc740706fa9005f48b60d75e088bc68faa9f6092b9b310e7aaed624"
"src/core/r2_case.jl" = "11026416169278767a8900e84e5fb65f80113e405a4046a44f6b92dc983498d5"
"src/core/r3.jl" = "1a29d3ac34ebf6936b9055b737167e59cf746cc6b5fb1055b8f73db2ebd26f15"
"src/core/r3_operation.jl" = "0766d65a9c5772e8ac51b06142ef33a58b2a07041783ff0902756ce6c55c40b3"
"src/core/r4.jl" = "6e3e97a83573d32cb739db1fb10433a152264713ab75d23081c41300646afa39"
"src/core/r4_distributed.jl" = "d7a3adbcb534446cb3dda8e665b1c9cfcaef68047454a0bbccebaaa1ed9bcedb"
"src/core/r4_heat_compatibility.jl" = "c037488565892cbbda54ff5eff1f9ab50a0134afa4e44c1c5a9287ddd54a20ca"
"src/core/r4_reconfiguration.jl" = "4a1de191f6e8f34188005b48879d337ec3782bd0be38c109d994cb019b815307"
"src/core/r4_thermal.jl" = "e67724d851ebccf660349187dc4049581d8978c381f12d1b669cf88e2af6bd9b"
"src/core/r4_tspa.jl" = "1ed738298324afb0ce7b7758ce766aba7fe86c621b2c4efc248d237a3f1ba2d1"
"src/core/r5_benders.jl" = "3522687413059a2eb40c27dbf7d70ec2e8735f63af7ceca71e920a66280308c3"
"src/core/r5_commitment.jl" = "3ece4af603f2ee34400e0e479b90ff07bb99973ba4e2b179a556ea65072a9d26"
"src/core/r5_dispatch.jl" = "2c81a1ef97f4e88d328ee73b81ecbc9e5b800fe389495572f1cefbd8bed59b23"
"src/core/r5_execution.jl" = "d90358e268d4dc95d69de7fb99db1ebd094cabbdca341cfb2021a22a242cc3e9"
"src/core/r5_market.jl" = "5141419a352751fb65a1fa0127e5ae7826e3d7b65a03dc491ec870adc1c17ee0"
"src/core/r5_risk.jl" = "7f0de03bef8332d3070dd41738c0dde82a0c1c050a59f8fdeb2d58a2a17080dd"
"src/core/r5_strategic.jl" = "c5e3a01b9d6bcd42ddc5d0470f646f28718e9188eedb9dbbae3c6b89019aa3dc"
"src/core/r5_strategic_benders.jl" = "795d72b6aa02b38410d5fc5802efa2a21399c2f9e6dbc3144af562db67582795"
"src/core/r6_evaluation.jl" = "155d5412594497e6878ecd6e651705b44d1400f055693b20698c87bcd39ba312"
"src/core/r6_methods.jl" = "b027ddcdeb5bf4b645d8ac10a41edf7f2c6ef71b12ead08edc1e1a07106e737a"
"src/core/r6_protocol.jl" = "202d6a03d73621767ff078493c9ba107725a15bd076d85263f33e5f4cbed73f9"
"src/core/r6_study.jl" = "86e123ff153ee186018406ac120359055974ad10c84f746effdc3a8a61944cc2"
"src/core/r7_adversary.jl" = "f1666e1a63a312103f09d145640c0f03bdf889d5dbd7f78c526832390037a868"
"src/core/r7_commitment.jl" = "340061b086a4d94228a8bcf556127f09b2c1043cb45e9820aee5cc2b09dd5467"
"src/core/r7_flow_planning.jl" = "ab3c1f639caee9262ce28f80655779f4e995183df0e2f2130aeac8edc0fc9edd"
"src/core/r7_initial_profile.jl" = "7e37002835d15978ea4d21f827d53ce51b27cdea91bb89bb2bf06f3b577a388b"
"src/core/r7_linked_planning.jl" = "2feb93019ba96cfaa5955003e5f812548fd897b3bdc7cc20d2b2dd42aa8a3351"
"src/core/r7_normal.jl" = "d44fa48436afdfb9cb0fdd078d2dd19850c2388b0a41b63392b61918b8e5c9ff"
"src/core/r7_normal_flow.jl" = "2e1825008f403424a9af6b38eb5c716d468700037bcdb8f6a95fff3f855c3e53"
"src/core/r7_planning.jl" = "4e30f5bc8bc7523f7848ab31c0fa307fba6774cc89f31f0af3a26311a06a17f2"
"src/core/r7_recovery.jl" = "12d4ded37622392b51590bda37959f887dbd2c6d0f8b95f07da827d594dc2c13"
"src/core/r7_thermal.jl" = "0a640358ca33e27b03784d755132e21432c90e89be0bc1c3a2ded52bfbc7ef09"
"src/core/r7_transport.jl" = "20e45ae6a72fffd4db5fba556824b69607a66a3f03324762e7cb093c0bcfb686"
"src/core/r8_energy_flow.jl" = "97bf74289c1c175b311da198da5eadbe695138040a87faf5c68e9c96a006b3c3"
"src/core/r8_tradeoff.jl" = "ab98ca60f1273ff3a1364c37724283f814cc05ec661d308da96b794cd4cc7397"
"src/core/r9_detailed_preplan.jl" = "c9f197fc830b4036cf348e957369a1943d4645ce098503067a2594533a272688"
"src/core/r9_distributed.jl" = "d30210e85e98eed98674b6b89dc08c6e8385b5cbd0de9b7bae54d3b45dd5c2d1"
"src/core/r9_evaluation.jl" = "267e4ff870a800a7f71635b55b32d30d3f1774735639d42da02d69833931aa8c"
"src/core/r9_inputs.jl" = "be2d4335404b883d81cde43135e352ab399985ef73ee70e6537eb35c23c72cf7"
"src/core/r9_network.jl" = "f5ef846826030665200952095362ac87c16201ae2754e597c525237c6151dbf7"
"src/core/r9_preplan.jl" = "fcb1df4fcbfb4a3d50e9ec08c4b04a6ab490dbc87a579b0f57ac93f8da4c0d32"
"src/core/r9_pv.jl" = "8f4e6f87745ba4e9474a1884e4b358dcd5357e03e02296dced3527cfc4949785"
"src/core/r9_reserve.jl" = "1cf9ad75caf22a26ab9602f59be02c526f72164affddd7d527a2c4cb3102f748"
"src/core/r9_resilience.jl" = "98fa7ab73791c8e2d00ca539d32107b7dbf078f29d9054ec4cd3372bf2bfd3f0"
"src/core/r9_risk.jl" = "b35c2880356c6ea78d280a97a1fda327c62fa0638ebfb326da1b0e92b23e5c37"
"src/core/r9_trading.jl" = "bab2c078a66872b567b96fd9245e30378ddda2543d6ff1d1f578a6b5827ffe37"
"src/formulations/r1.jl" = "e952963689b39d28dc490066e55c7e5ca2689cd0ce78982a5397b09713466655"
"src/formulations/r2.jl" = "7118267881dc2f362004c14da042ad1e208a87657144538a8e2ec6ce82619c12"
"src/formulations/r3.jl" = "83e7255d85dc0a607a0cf37a232c1e329da070fb9f787f9295380e9ab8495578"
"src/formulations/r4.jl" = "8201dbca608da9d8cce15d01f21ff1eca8131828fab12aadbc5d856c47323792"
"src/formulations/r4_distributed.jl" = "275e64f153031638edf07eeb2ab213c0bfc03c45b50b48949d679b4fbd7460b0"
"src/formulations/r4_heat_compatibility.jl" = "4e71da6a9bb2e3fe26c09abc5dbc29fa883735a22d8f00679a6c09e0b032f078"
"src/formulations/r4_reconfiguration.jl" = "0355b9c3469a58c1fb2fce13e4b99d7c379eb44354227201615c33532244da72"
"src/formulations/r4_thermal.jl" = "3efc3decae2fa87fc084473e08086c7c552e9a7669b2ab7f83243f54584bb8b2"
"src/formulations/r5_benders.jl" = "eb75a8f2117e0c921d6706505015a60412bb76c5d41f15c9ad2b3b5f3fd1211d"
"src/formulations/r5_commitment.jl" = "8d66f8987a6a2e053416d276080b50644d63b38763fa06625e27fa9899f246ae"
"src/formulations/r5_dispatch.jl" = "9cf4ce16f01659598ad2669fcd389ee088a1c85515fe463414e4f3b59db09598"
"src/formulations/r5_dispatch_dual.jl" = "9685a38e919580a17abd0f8fee7c90fbdc7f8dd85080831ee36772c3d8d69bdf"
"src/formulations/r5_execution.jl" = "cda16fadf2cdb1bb591932baf79ab11de80a4070bf5117a30cccb67b053573ab"
"src/formulations/r5_market.jl" = "85ba2ee6e8f84bef53db7949bf4fc425b57476bdaa49f22d9a816bf32bd01713"
"src/formulations/r5_risk.jl" = "7b68ae8d7bdd94e8a4d475403962c2e547eac0fb79304f2036da5fb724837f2c"
"src/formulations/r5_strategic.jl" = "1ac16f750fe5f382c3152ab9c9c6dccd898dd264fb69a8903638de7d04572f97"
"src/formulations/r5_strategic_benders.jl" = "66dd95920cac91a3b1ce667f0a3e1636b0a52f39b170066eb242b3aa7b010029"
"src/formulations/r6_evaluation.jl" = "e770ce9f24994ee0e6f16f91473a7da886ed25cb4fdb4e07d079d0979c011d03"
"src/formulations/r7_adversary.jl" = "b794b21fd2769c3de0857a1cf806a7d80a815f68a418dc9d8725fadf8629342f"
"src/formulations/r7_flow_planning.jl" = "9fa3fb93f24fef7011a9d0c6ca889f8be1c3141a2294b5b7350635a14f6f01a0"
"src/formulations/r7_linked_planning.jl" = "3846fb305e040168373f1920a364c3dc5dc42a1b57ef4a27cfa1ecdb7ebe1e22"
"src/formulations/r7_normal.jl" = "abedfb7cd1d5616d16502bcd37181af15066e78961d5c0ebf287c51c120ee01b"
"src/formulations/r7_normal_flow.jl" = "df4f74c0ed188e31a6bf2aaddac96a259ad922ac64d6cca2630fea7177c1a14f"
"src/formulations/r7_planning.jl" = "0c97f7eb4a0108ea046fb2446b06a6d8f8dc764da31ff71073e847d4aaecfe54"
"src/formulations/r7_recovery.jl" = "133dc7033dcffa20dc8c94e3c6f43b288e2487d245ef8346585d0d9e5f7b65b1"
"src/formulations/r7_thermal.jl" = "ed9008fe0904e1a980c3bf9629e1a3ff6bfa9e2ab8a54a153dd020ce94d8b126"
"src/formulations/r7_transport.jl" = "c6c8e1ef44eb8f62934dbfd2624417ab096dbabc013ec96cf97693c853184467"
"src/formulations/r8_energy_flow.jl" = "3de54c4c00694a8a7430902a36f85d0b81bd9bc2f45f56c352d367e87e01034e"
"src/formulations/r8_tradeoff.jl" = "1ba4fe9af7216fd3eadbf59aac9c9e6a3a3c0cb48ae0ab1575951da75f74fe47"
"src/formulations/r9_common_witness.jl" = "c49383d9ccc577bfacea300d56fd0c80c2b87b7a840b7d10fc5b1502949d2ab3"
"src/formulations/r9_compact_risk.jl" = "0bb73f2e031e9ef1bb38e0d056c3c34a0ac4b0c1c0a1a563e4b5f2b6804a25b7"
"src/formulations/r9_detailed_preplan.jl" = "9291ebad44f1f49344c5dd6c910d82112d55262cf64d2b1ce4c48dcf58e364b2"
"src/formulations/r9_distributed.jl" = "fa39c37b93188b162f2386ec8ea99ba4864c881737c7efc1f35787de370a7b4f"
"src/formulations/r9_flow.jl" = "77e4908d9c55f09210552ac9dc06d7595225f082584abbdcc1d18cea67ca8ae0"
"src/formulations/r9_network.jl" = "adf3a412b1441608e447f45232f4dfdbca05ea175fc51932d4097105ec2f71de"
"src/formulations/r9_preplan.jl" = "bc2ed1ea07492b98b9939c21296133eb198786410af87bcc6b15600ef07aea2e"
"src/formulations/r9_pv.jl" = "345d74bc66c0977a01d7cd1423c01841b13f854999e7e4bf987cdd8953c64da0"
"src/formulations/r9_reduced.jl" = "828d7f6f23864800343c89dd6df2174ddb45c7fd38b15752eb3aa556468c8e86"
"src/formulations/r9_terminal.jl" = "bc5f5eeb1173ed024b91b0b58d5697e9a8d20a56c718aa326d5442bf2862fff1"
"src/formulations/r9_trading.jl" = "34b18d95d5095f5d1ecc79e704fd15b0add908b4ba3ab6c6e355e5c285921458"
"src/networks/fixed_flow_heat.jl" = "620c069f6b3a520d32ee546ec048074f9cbaa3c785f8c2e31ec7fd7bf245a83b"
"src/networks/r7_linked_state.jl" = "084c7487e1ccc2865848a1aa415c7a346b065a0a55360e16c73f8a7ba644acf3"
"src/networks/r7_lossy_mass.jl" = "da462933e21cda6a0d28037285896f9bb3a08bc92c01d477dd8fbd9a8c9c1ad9"
"src/networks/r7_mass_overlap.jl" = "26382051fa6bf4dfcbdf70206e616c0a86c7947a05435de9f13313b40ddf8f7e"
"src/networks/r7_normal_transport.jl" = "23872aef95bf80b5d61ac41147c83dbc3eaa8dace5fe7a931f2ecc5656178b77"
"src/networks/r7_pipe_state.jl" = "2d8b4b01dbcdfc276ac15bf40d715b1d23f3dc56271ef4b0736f6fae2403f8a8"
"src/networks/r9_short_pipe.jl" = "05bdff61e581ea0c5ea21574fe12c8f357fe4c1491ebcc6fe4288cf4a2486d0a"
"src/networks/water_mass.jl" = "ef76594a25d5a310f8265137e733d811c8dbefcf0aea0b3ff8be5ed7b05bceef"
"src/reporting/r2_runs.jl" = "c0174b63fb559bd87b66604e80018ab5b4a055a4dfe7c0257884ed1955ea1971"
"src/reporting/r3_audit.jl" = "c1de4c8a9ad479eb7b921d720799417e6d4bc9404a006f6750b842ddd693b462"
"src/reporting/r3_baseline.jl" = "83ec9f5aec310ff4fe8ae7892e802dd21869c946c9d89a7872573971de21a35d"
"src/reporting/r3_modes.jl" = "39db6cf0c2226628f47e171a0cdb4f547b81ff0857edc3bf100b65191b564d16"
"src/reporting/r3_runs.jl" = "d58b4c7d4e89bbcae9252d04e531d964e9897f79d8c7cc277c130902f6843416"
"src/reporting/r4_discrete.jl" = "803d222c8eb08a1a6717cbadabcd7776976df7168cc1a327f1216c500c4a5fd4"
"src/reporting/r4_distributed.jl" = "e943086f39f90e94e85a259c68b2d214dce331ae118271b749be1e1be0a5c502"
"src/reporting/r4_heat_compatibility.jl" = "da0f3eb8ccb4acbe2d6d82e793c7c2afcfa270bc2d54742816355e8821639a20"
"src/reporting/r4_reconfiguration.jl" = "b28e4a0471ed73e27fb41d4e38e334d4ef80d83d8430f61019524121ca54f9c4"
"src/reporting/r4_runs.jl" = "43c761fc712c31bbf1ef936a5c6d181e201089626cd4096729b40dbb260d4e8c"
"src/reporting/r4_tspa.jl" = "4fe3ecf6a21555869b7f396c705f2572bc47996677f417221b89392f98813fd4"
"src/reporting/r5_benders.jl" = "24dc9c7944e5f9f1dadc04108bf4f27af6baf6088ec6c4814bb639527a00e35a"
"src/reporting/r5_commitment.jl" = "7d5faa97dbc2724d33831b319af807381ea13aa763cfde5655a4d7ecea956f2a"
"src/reporting/r5_dispatch.jl" = "5d919f4e14dff618d7cc6467ccdcf5ea073b218b2799db0966eb877f4f5d92cb"
"src/reporting/r5_execution.jl" = "8d55db86edd07e2cdf5003eff8eee6a39185095a4319fc042c48b25b43893ecf"
"src/reporting/r5_market.jl" = "164d47e5922903179225a17c8a681610ae7eb5312068a4f806d85010f16f0796"
"src/reporting/r5_risk.jl" = "2ef19e986bad03aacc072d07c96539a84c70fb99a080ea5075f598bcc1619cf4"
"src/reporting/r5_strategic.jl" = "df33ac903b2ecf16f573294f4a32f47ed81ea80886b4d531eb38dd44f42769cf"
"src/reporting/r5_strategic_benders.jl" = "8bb9c0a1a348f8a78c24e52c08ffe23f32da74a769b405be16e69f01699a4e91"
"src/reporting/r6_data.jl" = "0c7336645ead1ce9524e1bd01e33cda1e2f3dbd7848f8489b5ccde366ec394e4"
"src/reporting/r6_evaluation.jl" = "fd8adbdca42b502136c4d5a789c8b4ffb68dad8acc41514134e0c67c988069bf"
"src/reporting/r7_adversary.jl" = "2bc9e6d8426bb0c89e840afb5f8f76f6d07d554d3703e56a86a29dd487ef3a19"
"src/reporting/r7_flow_planning.jl" = "472cf22ca6586333cf751dee7c14b4f86d0710e54b11bb2643d42e403a1c2837"
"src/reporting/r7_linked_planning.jl" = "216968f13aac6e514d039bac74525b1aa8b97ffa00a93bc7f72f3ea202499859"
"src/reporting/r7_normal.jl" = "0b26ceb6fd63e137276b186a6343b1d02dd819dbb01a9572932320da723040c9"
"src/reporting/r7_normal_flow.jl" = "6902aa1e6aebfb681787d9f8f35314eb9f8d18c125c036ad4ba7e06d4e088715"
"src/reporting/r7_planning.jl" = "0622f6efb74475710852a0bf19c426e5e7ddc56a25f59c5e5ca9b525cce1fe8e"
"src/reporting/r7_recovery.jl" = "2118f6326e9709e079567a2513af8b52b29a3f83b1d9a239d634deba5825ffd9"
"src/reporting/r7_thermal.jl" = "9351abc1a68b588bd0d636103667e580dc3cc1e59586fcf42a927b7d972c4ad8"
"src/reporting/r7_transport.jl" = "df498ea0813eaf0d79e1e2b1330818eb4818b16e2e61e0d5779bccc17f0ca64e"
"src/reporting/r8_energy_flow.jl" = "8702a5a28ece081a5210fc76889e0ed86a619b65acba7a7ba8ca06ae287ec930"
"src/reporting/r8_tradeoff.jl" = "4a640490132a956a84076a29f268101bb75b4af64b765b0b4092ac3c64678af3"
"src/reporting/r9_detailed_preplan.jl" = "c1d1d649910f27fe5ee7a21358ef1bd1c053887c8db45d01bcedfd368fa37345"
"src/reporting/r9_distributed.jl" = "e909bc558d6c2849afb9b9dca3c453855ebe5181a778b2d8c07a1cb235dcfa83"
"src/reporting/r9_evaluation.jl" = "b3c49e460c7b9d124c87893c4271d9c23aa03c9a617747244814928b20cab158"
"src/reporting/r9_fixed.jl" = "bdd1212ab763844bd21f4867de1a472a4b33c4f75c56433aa371af62c1cfd50e"
"src/reporting/r9_preplan.jl" = "edeea886981598da8d76f552f538c90bbdad3c4d2bf03c5bb91dc58ba80e3f97"
"src/reporting/r9_pv.jl" = "f106842c758d291179c246a1b62e4fbd8fc34ac684e24042d603ae282ee136d5"
"src/reporting/r9_reduced.jl" = "5e6168c0ca1fb06f89843ed3ebe46aad2ec558a46e6336ee4622fea2d0ec1ba0"
"src/reporting/r9_trading.jl" = "6fb90602bfb4c8390cc9d5b2719f16c732938a880052d29778c7b5f3ba12abc7"
"src/reporting/runs.jl" = "7cb0ad0bf0bc5ea77af73e08a8261982510ce869caef95e26b7d51730a43b635"
"src/verification/r1.jl" = "c81ba065cd5e6e38e37cc385d89b81e0915c26b10edb2dd0321fd91633c202d3"
"src/verification/r2.jl" = "47fec7dc944afd8d2e5ac99d6885994fa7ce2465c36dfdcf6984d50466391783"
"src/verification/r3.jl" = "82afeb350db18fca6ada3179f87c3d266e21f13bb922ae6841619811ca8dfddb"
"src/verification/r3_baseline.jl" = "4a4cd9a095c7c2e8b23d18780dd8ed5ea6af9202b9ecc9670339edfc1e95e542"
"src/verification/r3_v3_kkt.jl" = "10a92e3c6f136b729daaedb7ef21c1201981320a8684afa4eec9b0a97772f90d"
"src/verification/r4.jl" = "d5cd8507bef6f486f6b71fcb3e62d7f5dd749f2f9bbf1881db44129e0a83d0f1"
"src/verification/r4_bargaining.jl" = "c8b7ee1c7c7016ccef70daead7b9b87b7ade3b6031696824f93d64e761ac6419"
"src/verification/r4_baseline.jl" = "340f06a340c98ea2645ad03b32951708a2eb217b46ea61c9944b647aa07d9e68"
"src/verification/r4_discrete.jl" = "eea62346799c333a1ffd512cf4cc148a3b340e60e544d9f177993abb7632b1dd"
"src/verification/r4_distributed.jl" = "8e2be0d1a72e693a2a255bde05b8a51cc898754346812f4e945bd9d99b1f5c6d"
"src/verification/r4_heat_compatibility.jl" = "ae9a236013f07a51683c5382323e14b27bcdda0feec78619a21d34af97222b04"
"src/verification/r4_reconfiguration.jl" = "7f94fa5181b16bebbbe700d5c7da0969ad1d33a38fa656a7da8b58d47767c981"
"src/verification/r4_thermal.jl" = "0b79a63dedfc1e65c4be6b051b53b1b9e00504b4b57c9d8820a5ced216d2b168"
"src/verification/r4_tspa.jl" = "cfcac337a5c491c4d5dd052f0577b5128f7fe85259e94895ef585be663046523"
"src/verification/r5_benders.jl" = "a4889514f572aab1e07e264c7751b69cae0bcf09986a940a15e32c642cc02999"
"src/verification/r5_commitment.jl" = "54b43500d3dde0ed617326912d47633425150cb679afa6f8433f2007dd4ac801"
"src/verification/r5_dispatch.jl" = "9e422d26b32cd2d9a7859f57bd33cc78aa8cd4af1bf44bad2228184effc29843"
"src/verification/r5_dispatch_duality.jl" = "1901b2183fd64b2358310eacb8fb866b12ed24e9f9f47c9a8594f163ac5fb8fd"
"src/verification/r5_execution.jl" = "4f7f771531d7a48d9a3d21722c7e40653d904d0c0073b92f4388d32f4743d2ca"
"src/verification/r5_market.jl" = "47cf2899d6167974ec406d7b431d06bcd2ca3b16108bdbc67c8805e071e57009"
"src/verification/r5_market_payment.jl" = "fdcefbd1530785534bcab392753ea5b62da033fce24a223278e4b2ff33fe32e1"
"src/verification/r5_risk.jl" = "cf65ed22cd792d244c77d7858c9d45f2838733a2fe5abd540aee8b036cde0312"
"src/verification/r5_strategic.jl" = "89965480ecc6e0c1bac0f19996b4edc481444fdc3774b71dfe56e3ebe642bbc5"
"src/verification/r5_strategic_benders.jl" = "bdc842e26c3c20e837453d1aad220729e80ea5f629052b436cf9145794a6e4bc"
"src/verification/r6_evaluation.jl" = "79863d371150e563f5e9fde6c8e0ed003f52496789becc2b5771ba4c1e03b2ec"
"src/verification/r6_statistics.jl" = "6cf3f7517713d72cef9f60899ca42de59b4ffcd6a839fd851fe835b2bdd406b0"
"src/verification/r6_study.jl" = "c8153bfaca1521274d600e92faabccfb103039972a958e10c6526c0d119d4cfc"
"src/verification/r7_adversary.jl" = "ba0240987fb19255bb23f2a9a028b188330322dc5ad92ad25d88184b7a4efcdb"
"src/verification/r7_commitment.jl" = "5a42b9bfaa2b068e0cb0cc0c8f1e7f54f30057388a723c3c5a51993e7d5d0536"
"src/verification/r7_flow_planning.jl" = "15769012a44e4a0c7f1b5c2a04f54561eb6affc9cf66d277b3ebd29e8f795fb2"
"src/verification/r7_linked_planning.jl" = "e8c09fb167e5d656d04d33bc51f900edd37f9ebad78fbbea3d89ed2be1292ab3"
"src/verification/r7_normal.jl" = "2c637560e7a257b530c436dd8313d3906c2c264cea6b90c8d79324ca358fcb11"
"src/verification/r7_normal_flow.jl" = "15f884b3261adaff544c720b33be11fd88c22c9dcd67569cbdc4017049375102"
"src/verification/r7_planning.jl" = "abb2c1718b056ed2ee8f2dcdfe7830cc751f06489b7db495cf56f77905d0bc63"
"src/verification/r7_recovery.jl" = "93ebfdd36e95e2c9a90a38540098643e7475a8aabe850c5edcf0c298ee221b23"
"src/verification/r7_thermal.jl" = "3e2ebbc202ba307027f0ebd7ff3d8c7f8c72d07a70757fe0d2a3862a82d5cccb"
"src/verification/r7_transport.jl" = "5cce1b29eaf89dca3f44b6ab7ad0a282d7f8034efc50945717ce1e7a518e88f4"
"src/verification/r8_energy_flow.jl" = "49ace957a558607ac7767d07b3700b5dcd1a48b3dc5943718add2b9ed5fd1ee0"
"src/verification/r8_tradeoff.jl" = "046554060a152c68bb1615f3469b8705dbe15504ec4a58bf3d372e0e2e3ab9df"
"src/verification/r9_detailed_preplan.jl" = "13ce1336b96a4fc63b8e9baf29f43a867cf481c207bf7850c08fc56681baa6ce"
"src/verification/r9_distributed.jl" = "88e22304079bc7c68926eef3ad20729abf13b1c746b297872f1bd577804ec65c"
"src/verification/r9_electric_cut.jl" = "ba0ef7513a793511fea68f02b64770f65857daa0dca05b34672f7c05ccd9c7d7"
"src/verification/r9_fixed.jl" = "61da7725513a620c3e51c72735b290cec041b961cf15d81bac7967b029f56997"
"src/verification/r9_flow.jl" = "19676e6bfba28a238962ee812ac9f9431277c202c88878967ae72b06360fbaa4"
"src/verification/r9_handoff.jl" = "0265bfb05d42735e5b56fd402016a6fbf61e8739645c95fba135553dc93652c6"
"src/verification/r9_network.jl" = "977d478b3a74c98934416036888923c6339de8351ff94024cb1c513b90347fbd"
"src/verification/r9_preplan.jl" = "87028aac4a9a1fc721c6d63cc51b59b42d8c27bfb28a2e4fda16ca1616c5beef"
"src/verification/r9_pv.jl" = "739b8864ab391b219780f9f7d9d80cf699d3b82b3db79fb800026c2f6f405038"
"src/verification/r9_reduced.jl" = "4dbbc7d0d0816dfa433f010209faddaac90ba5fa65fddbb83d0b1f9dcdf5be18"
"src/verification/r9_reserve.jl" = "0be0ef9d6c6748ea1bc9e96ef45a55156467b11b603b6ee2a0d93e1c1b52b09a"
"src/verification/r9_sources.jl" = "1b65bc9360e1b1a3816800ecffb442d39336da92db4d11ed7ac055e5fcbeeb60"
"src/verification/r9_trading.jl" = "0b5d64916c53da61f28fba009a640ab1d581fac54d600bed015a0c42a41f41e1"
"src/verification/r9_trading_capacity.jl" = "89e20465439cf680d5fbf0eacdc329afd6c041bb85c3bfdc76e89abb6010c6f5"
"src/verification/r9_trading_runs.jl" = "643496a36b8584d7ce7095767920ad18e0a6d316070128fe9b776d352a97fc70"
"tools/solvers/Manifest.toml" = "22cb571f15112ccc21408903f229e25b49ee0d59333c14d251ab4b83a8abbf54"
"tools/solvers/Project.toml" = "be07a40d34ee1e44e61d0e81fc1a71161cc9ba7ef20d57fc7fbe4e70f6e3ba8b"

[validation]
best_model_cost_CNY = nan
best_model_found = false
best_physical_cost_CNY = nan
best_physical_found = false
consensus_A4_pass = false
cost_optimization_complete = false
full_thermal_physics_certified = false
iterations = 0
last_cost_CNY = nan
last_electric_original_pass = false
last_model_pass = false
mixed_integer_heuristic = false
record_pass = true
